,test_idx,day_idx,bf_01,significant_and_stop_bf,hdi_width,stop_bp,mean_delta,lower_ci,upper_ci,significant_ci
0,0,0,27.7412327957,False,0.143077984364,False,-0.023333481697999998,-0.0925565342688,0.050521450095199996,False
1,0,1,24.320256578899997,False,0.10232718082699999,False,-0.029531578215,-0.0789847248157,0.0233424560114,False
2,0,2,16.2531570195,False,0.0843827101888,False,-0.0359172710176,-0.0780319049485,0.006350805240250001,False
3,0,3,7.70084574704,False,0.0791038179087,True,-0.042019656735500004,-0.0818193887556,-0.00271557084691,True
4,0,4,4.86843898546,False,0.07249571476939999,True,-0.0434658677465,-0.0798565694645,-0.007360854695189999,True
5,0,5,11.651482191500001,False,0.07219149483519999,True,-0.0356447292663,-0.07040862355380001,0.00178287128138,False
6,0,6,2.5993599653,False,0.0672405657174,True,-0.045315816369699995,-0.0787852669916,-0.0115447012742,True
7,0,7,1.5612477194999999,False,0.0667856336886,True,-0.047410087648,-0.0801546769499,-0.0133690432613,True
8,0,8,1.30260042933,False,0.0618817117293,True,-0.047489540626,-0.0800116063143,-0.018129894585,True
9,0,9,4.01227822882,False,0.0620454757917,True,-0.0405038796448,-0.0725620103306,-0.010516534539,True
10,0,10,2.89106543173,False,0.060436682274500005,True,-0.0420861703347,-0.07205843385289999,-0.0116217515784,True
11,0,11,0.38054585814400005,False,0.05809448843809999,True,-0.0470327150689,-0.0752498546818,-0.0171553662437,True
12,0,12,0.173908444941,True,0.0581764865587,True,-0.055130239025499995,-0.0844828410355,-0.026306354476799996,True
13,0,13,0.196822095279,True,0.058867088858599995,True,-0.0517847742253,-0.0810643590382,-0.0221972701796,True
14,0,14,0.280856365876,True,0.05790298634269999,True,-0.054488369286,-0.08270250941339999,-0.024799523070700002,True
15,0,15,0.41064199616499997,False,0.0571536449665,True,-0.049835250478600004,-0.07817065906870001,-0.0210170141022,True
16,0,16,0.445552860558,False,0.0558670280322,True,-0.0480767555834,-0.0764809928625,-0.0206139648303,True
17,0,17,0.153208322105,True,0.056409510043900005,True,-0.048762057536699994,-0.0757811443435,-0.0193716342996,True
18,0,18,0.35835500525799996,False,0.055228169656600004,True,-0.048870387061,-0.0760441357464,-0.0208159660898,True
19,0,19,0.43867671024300003,False,0.055329451122500005,True,-0.04819524380199999,-0.0737746345361,-0.018445183413700002,True
20,1,0,35.106869042199996,False,0.145519858532,False,0.0018904364131600002,-0.0732346314464,0.0722852270857,False
21,1,1,19.7198119899,False,0.100462598071,False,-0.034895948869099996,-0.08432671775730001,0.016135880313600002,False
22,1,2,2.4609524438599997,False,0.08631389164419999,False,-0.0560049576306,-0.100860888635,-0.014546996990600001,True
23,1,3,0.232581993246,True,0.0777436560564,True,-0.06441820415249999,-0.100664754956,-0.0229210988994,True
24,1,4,3.33798738157,False,0.0725489964948,True,-0.0474515555459,-0.0845362202015,-0.0119872237067,True
25,1,5,1.0884290591299999,False,0.0664544014621,True,-0.05028938497359999,-0.08381616636769999,-0.0173617649056,True
26,1,6,1.05485157045,False,0.0649721352537,True,-0.04848401904730001,-0.08116714267269999,-0.016195007419,True
27,1,7,0.0122334236813,True,0.0635653759612,True,-0.0561966889449,-0.08751576689760002,-0.0239503909363,True
28,1,8,0.011365939705499999,True,0.0614248415895,True,-0.0702656174832,-0.10158320388900001,-0.0401583623,True
29,1,9,1.02576701262e-11,True,0.0614537973384,True,-0.0713927066774,-0.102924543263,-0.0414707459242,True
30,1,10,0.0408262944335,True,0.0605583989795,True,-0.059194385615999996,-0.0876575691622,-0.0270991701828,True
31,1,11,0.212892409897,True,0.060357733233000005,True,-0.0558718090635,-0.08589971497339999,-0.0255419817404,True
32,1,12,0.0018755821418699997,True,0.0578500343891,True,-0.0642952493646,-0.0930056014356,-0.035155567046500004,True
33,1,13,0.256626596547,True,0.0585163322223,True,-0.0586348080156,-0.08848997008580001,-0.029973637863599998,True
34,1,14,0.040936757758100004,True,0.05947039724719999,True,-0.06287277520830001,-0.0936731336706,-0.034202736423499996,True
35,1,15,2.2708014854899998e-07,True,0.0592232596967,True,-0.0603407185829,-0.091701969957,-0.0324787102603,True
36,1,16,3.6525047021699996e-10,True,0.0573244324422,True,-0.06797324506590001,-0.09742247982069999,-0.0400980473785,True
37,1,17,3.58211494878e-15,True,0.058720498400300004,True,-0.0744755442035,-0.103115050306,-0.044394551905399995,True
38,1,18,1.57979503577e-13,True,0.0605385593661,True,-0.0808420139477,-0.10963229509099999,-0.0490937357245,True
39,1,19,1.3588345985199996e-48,True,0.0564916829748,True,-0.0867857675144,-0.11426690259299999,-0.0577752196186,True
40,2,0,21.0235041516,False,0.139045181611,False,-0.0345092264402,-0.10476330784,0.0342818737707,False
41,2,1,21.8884151319,False,0.102101668831,False,-0.0313616283168,-0.08270286612689999,0.019398802703799997,False
42,2,2,52.643709434499996,False,0.085857671201,False,-0.009403786533069999,-0.0536224797279,0.0322351914731,False
43,2,3,32.5732460471,False,0.0805065844231,False,-0.0231523219313,-0.0627731714358,0.0177334129873,False
44,2,4,10.9409099338,False,0.0732927206666,True,-0.0355848483509,-0.07343915686289999,-0.00014643619637200002,True
45,2,5,16.4026458244,False,0.0717043084641,True,-0.0313119727176,-0.06778944685909999,0.00391486160502,False
46,2,6,3.4362261868300004,False,0.0692940361056,True,-0.043775122818,-0.0790240982504,-0.00973006214478,True
47,2,7,9.42956758126,False,0.06426127003280001,True,-0.0346619296603,-0.0662851203191,-0.0020238502863,True
48,2,8,3.4141183237700004,False,0.061907372714800006,True,-0.039115238480500004,-0.0706246161948,-0.00871724347999,True
49,2,9,0.46620980121399996,False,0.0625988942678,True,-0.0526580871045,-0.0829289977611,-0.0203301034932,True
50,2,10,1.60462160713,False,0.0609811533755,True,-0.0461264264526,-0.0772025338877,-0.0162213805122,True
51,2,11,1.01794571601,False,0.0575289114394,True,-0.0465384835708,-0.0746157349504,-0.017086823511,True
52,2,12,0.08138437649960001,True,0.059148673355,True,-0.0551305846969,-0.0840595132787,-0.0249108399236,True
53,2,13,0.618667799849,False,0.059434320080699994,True,-0.051151052310800006,-0.0821552048376,-0.022720884756999998,True
54,2,14,0.41097040493799997,False,0.057100135909000004,True,-0.0465370171274,-0.0746104920657,-0.017510356156599998,True
55,2,15,0.218052255995,True,0.057927935406400004,True,-0.0529226289798,-0.0803490190968,-0.022421083690299996,True
56,2,16,0.137117696407,True,0.0548787274796,True,-0.0611448558754,-0.08899109139440001,-0.0341123639148,True
57,2,17,9.1374371416e-06,True,0.05570922548999999,True,-0.065966861615,-0.092657453995,-0.0369482285049,True
58,2,18,0.0267728481006,True,0.0540200886046,True,-0.06186941213140001,-0.0897976608595,-0.035777572254900004,True
59,2,19,0.0468514965103,True,0.056067260263,True,-0.06364569038080001,-0.09188921282189999,-0.0358219525589,True
60,3,0,16.4570399497,False,0.135446676442,False,-0.0448789168169,-0.108656558144,0.0267901182982,False
61,3,1,9.70133505741,False,0.104728639653,False,-0.0485910790771,-0.100480236241,0.00424840341215,False
62,3,2,0.59218233799,False,0.0859981701595,False,-0.0662542767072,-0.110480164267,-0.0244819941071,True
63,3,3,0.0781858651489,True,0.07656721322480001,True,-0.0708716978742,-0.111037815332,-0.0344706021071,True
64,3,4,0.132228221637,True,0.0754873099979,True,-0.06393545769140001,-0.10269137639499999,-0.027204066396699998,True
65,3,5,0.368670092605,False,0.0702040758242,True,-0.05883963231290001,-0.09405385382039999,-0.023849777996200004,True
66,3,6,0.0634389120977,True,0.0666434489468,True,-0.059255142079,-0.0920008411501,-0.025357392203299998,True
67,3,7,0.0125227971028,True,0.0664088161653,True,-0.06581770428719999,-0.0987862664622,-0.0323774502969,True
68,3,8,0.10134146880000001,True,0.0643239433275,True,-0.0636083785966,-0.0966091028226,-0.032285159495099996,True
69,3,9,0.0938853985599,True,0.06241733922619999,True,-0.06048803145309999,-0.0923397344094,-0.0299223951832,True
70,3,10,0.0005157134164709999,True,0.0608012361434,True,-0.0628998901155,-0.09402749456599999,-0.0332262584225,True
71,3,11,0.0005782827338609999,True,0.0602000804916,True,-0.0607272594167,-0.0903553261192,-0.030155245627599997,True
72,3,12,0.286593471443,True,0.059956256542699995,True,-0.054392490347,-0.0850889164858,-0.0251326599431,True
73,3,13,0.057001420910300006,True,0.05938609415030001,True,-0.060457252068,-0.0887305727617,-0.0293444786114,True
74,3,14,0.130981978489,True,0.0579788688579,True,-0.054966980598300005,-0.0825565940331,-0.024577725175200002,True
75,3,15,0.122977819588,True,0.0572409233658,True,-0.0575092349968,-0.086336986477,-0.029096063111200002,True
76,3,16,0.00362661813226,True,0.057608185016099996,True,-0.0582629791598,-0.08716549371269999,-0.029557308696499997,True
77,3,17,0.021967669246900003,True,0.056270138597599995,True,-0.057600300476900006,-0.0873149689393,-0.031044830341699997,True
78,3,18,0.008869564991870001,True,0.05721205705059999,True,-0.05370921206669999,-0.0822461197784,-0.025034062727900003,True
79,3,19,0.28926069514499997,True,0.056827910611300006,True,-0.05818491233030001,-0.0865248536475,-0.029696943036199998,True
80,4,0,27.1283758823,False,0.147901902121,False,-0.0243529543227,-0.08971136293680002,0.05819053918409999,False
81,4,1,7.3673386304,False,0.106369662993,False,-0.051773477476199994,-0.106163130851,0.00020653214153200003,False
82,4,2,7.28725031869,False,0.08764302907430001,False,-0.0461150689749,-0.0892890764559,-0.00164604738158,True
83,4,3,1.05841497119,False,0.0807129250979,False,-0.061309635374,-0.10372264358,-0.0230097184821,True
84,4,4,0.0546333728879,True,0.07501402328139999,True,-0.0692257792436,-0.10775033484799999,-0.0327363115668,True
85,4,5,0.0523164909045,True,0.068808093124,True,-0.0626199263873,-0.0977722766538,-0.0289641835298,True
86,4,6,0.334568111335,False,0.0664928419872,True,-0.0573187981977,-0.09218467677589999,-0.0256918347887,True
87,4,7,0.361447815288,False,0.0663220385715,True,-0.05250988316380001,-0.0866063830159,-0.020284344444400002,True
88,4,8,0.358547811993,False,0.0635311835302,True,-0.05557307816240001,-0.08518423339369999,-0.0216530498634,True
89,4,9,0.0910844360931,True,0.0620025435721,True,-0.0593510820055,-0.08980096490879999,-0.027798421336699998,True
90,4,10,2.85820299787e-05,True,0.0610683624532,True,-0.0639374967853,-0.09358960836439999,-0.0325212459112,True
91,4,11,0.000141911567391,True,0.058282895735099996,True,-0.0702140364761,-0.098219114856,-0.039936219121,True
92,4,12,9.22313711632e-06,True,0.0600308477587,True,-0.07702447951069999,-0.106069107585,-0.0460382598267,True
93,4,13,5.00373993085e-14,True,0.0574839923561,True,-0.0767632259748,-0.10570244236500001,-0.0482184500086,True
94,4,14,1.07405705667e-16,True,0.059596074811500005,True,-0.07484529163260001,-0.10466311252800001,-0.0450670377166,True
95,4,15,5.4078060998800003e-42,True,0.0580617227103,True,-0.08406692292089998,-0.11480365613099999,-0.05674193342040001,True
96,4,16,2.994421398209999e-59,True,0.05552547517919999,True,-0.0903196850677,-0.119538138359,-0.0640126631801,True
97,4,17,6.93375603726e-24,True,0.0577941025682,True,-0.08965916422150001,-0.117710721811,-0.05991661924319999,True
98,4,18,7.681551097039999e-34,True,0.0556650925277,True,-0.08734236126730001,-0.11546154922499999,-0.0597964566969,True
99,4,19,7.868596303149999e-56,True,0.05528061001950001,True,-0.0869503067431,-0.114104461066,-0.058823851046099995,True
100,5,0,4.69028428048,False,0.140925229558,False,-0.0742620007955,-0.144599077313,-0.00367384775481,True
101,5,1,3.6801818583899997,False,0.107214876645,False,-0.06311238846969999,-0.119745350863,-0.0125304742188,True
102,5,2,10.891393682,False,0.0891695571637,False,-0.0414141805653,-0.08766378855039998,0.00150576861331,False
103,5,3,6.0466448785399995,False,0.078799767251,True,-0.043282247513800005,-0.08460608588539999,-0.00580631863439,True
104,5,4,9.52550176921,False,0.0760028735098,True,-0.0374599054016,-0.0770724679291,-0.00106959441925,True
105,5,5,6.94952745175,False,0.06963846036289999,True,-0.039356307647,-0.0738264011392,-0.004187940776389999,True
106,5,6,14.316055878499998,False,0.0663632615287,True,-0.0317192525819,-0.06479340527750001,0.00156985625126,False
107,5,7,23.881675568200002,False,0.063172349796,True,-0.0261101140276,-0.0578927992266,0.00527955056936,False
108,5,8,31.807123117800003,False,0.060240194905,True,-0.0207377485083,-0.050270865844,0.00996932906094,False
109,5,9,55.9806653364,False,0.058658505398500004,True,-0.0133902522385,-0.0414027863835,0.017255719015,False
110,5,10,44.5146402768,False,0.061849518360599993,True,-0.016336227773200002,-0.0486167688966,0.013232749464,False
111,5,11,58.2666667943,False,0.0585912548173,True,-0.013862433481299999,-0.045295529531300005,0.013295725286000001,False
112,5,12,30.8784147679,False,0.0581977436388,True,-0.0208903538378,-0.0498388544113,0.00835888922752,False
113,5,13,15.665379916400001,False,0.0591551766792,True,-0.027610556244799998,-0.057732704182,0.00142247249717,False
114,5,14,22.0769418581,False,0.0592044499024,True,-0.023728772812700003,-0.0553410367208,0.00386341318156,False
115,5,15,23.171615848000002,False,0.0574385730238,True,-0.024933524638299998,-0.0530372872788,0.00440128574499,False
116,5,16,10.1107604183,False,0.056613628693900006,True,-0.030280693413299996,-0.059014426481,-0.00240079778711,True
117,5,17,4.81056904905,False,0.0569498878943,True,-0.036538388007199996,-0.0647225090724,-0.00777262117816,True
118,5,18,3.3213864393,False,0.058784124205999995,True,-0.040711444536,-0.06906919077769999,-0.0102850665717,True
119,5,19,0.683406419883,False,0.056367121367,True,-0.047495557266100004,-0.0762944966533,-0.0199273752862,True
120,6,0,28.9262424902,False,0.142400054557,False,-0.0202234265255,-0.09368942822910002,0.048710626328300005,False
121,6,1,23.6196497217,False,0.104640710505,False,-0.0319460522236,-0.0829773397013,0.021663370803900003,False
122,6,2,18.8289610116,False,0.0879812110762,False,-0.0336756310482,-0.07788000731639999,0.010101203759799999,False
123,6,3,16.011375408299998,False,0.08126220388389999,False,-0.0336923939102,-0.0768796547583,0.0043825491255900005,False
124,6,4,29.4271252458,False,0.0750478374671,True,-0.0246530590864,-0.063339357738,0.011708479729,False
125,6,5,5.67999733862,False,0.069935968462,True,-0.0406847608019,-0.07563571324360001,-0.00569974478154,True
126,6,6,6.62808334248,False,0.06961373467569999,True,-0.038896061588,-0.0728680895963,-0.00325435492066,True
127,6,7,6.02437076709,False,0.0645284813903,True,-0.0379261735754,-0.06907862473339998,-0.00455014334306,True
128,6,8,1.22211122002,False,0.0630100400785,True,-0.0456384606311,-0.0771528373915,-0.0141427973131,True
129,6,9,0.685012034119,False,0.0615154298703,True,-0.049197782508,-0.0810018240539,-0.019486394183599997,True
130,6,10,1.2797402642,False,0.0609998300717,True,-0.0469319569209,-0.0773743517538,-0.016374521682,True
131,6,11,0.185807811022,True,0.060864737200600004,True,-0.055474366029,-0.08761290884580002,-0.0267481716453,True
132,6,12,0.0241657202349,True,0.0597267434783,True,-0.060308381181300004,-0.08986900394950001,-0.030142260471200003,True
133,6,13,0.131605087761,True,0.057843629275,True,-0.054654341480800006,-0.0843946689726,-0.026551039697599997,True
134,6,14,3.11245974169e-05,True,0.05803068408440001,True,-0.058401913621300004,-0.087421561006,-0.029390876921599998,True
135,6,15,0.09538411929369998,True,0.0575868017585,True,-0.056455703047900006,-0.0856686510692,-0.0280818493106,True
136,6,16,7.36146711845e-06,True,0.0556037596401,True,-0.0627506705462,-0.090204093936,-0.0346003342959,True
137,6,17,0.00011128034394499998,True,0.0552213817897,True,-0.0644879030471,-0.0896804504047,-0.034459068615,True
138,6,18,1.1042533449200001e-16,True,0.057650353729,True,-0.0724118189563,-0.10045936415899999,-0.0428090104304,True
139,6,19,7.659414635e-12,True,0.0550241560489,True,-0.0684826626018,-0.0963165872685,-0.041292431219599995,True
140,7,0,2.10477389901,False,0.141811491396,False,-0.0856783352258,-0.154026599384,-0.0122151079877,True
141,7,1,1.6964005156900002,False,0.107696268999,False,-0.0704455258363,-0.124304124833,-0.016607855834200002,True
142,7,2,6.23203794391,False,0.0903016796773,False,-0.0483839070786,-0.0956457778454,-0.00534409816808,True
143,7,3,7.56157541888,False,0.0825622726423,False,-0.043760753661400004,-0.0870499566661,-0.004487684023800001,True
144,7,4,11.767252118399998,False,0.0730459328952,True,-0.034962549030400004,-0.0747478061009,-0.00170187320565,True
145,7,5,16.1825352367,False,0.07103661461180001,True,-0.0322450307359,-0.0683644303836,0.0026721842282099997,False
146,7,6,18.2323435526,False,0.0659597257467,True,-0.0300518065465,-0.062427858583699994,0.00353186716302,False
147,7,7,5.44681827835,False,0.06401877813199999,True,-0.0387667309384,-0.071835862132,-0.00781708399996,True
148,7,8,5.750774311769999,False,0.0627641237861,True,-0.0377834097211,-0.0685121127929,-0.00574798900682,True
149,7,9,5.14620868911,False,0.06168906729569999,True,-0.038728954676199995,-0.06903123683899999,-0.00734216954331,True
150,7,10,2.47377678228,False,0.060326612348800004,True,-0.0415616415268,-0.0712496854083,-0.010923073059499999,True
151,7,11,0.596656667054,False,0.0622756958158,True,-0.048627482022,-0.07912708635860001,-0.0168513905427,True
152,7,12,0.329672892677,True,0.0598145332853,True,-0.05197349860719999,-0.08054037180580001,-0.0207258385205,True
153,7,13,0.108219371358,True,0.0601780847002,True,-0.056495500121800005,-0.0881786160066,-0.0280005313064,True
154,7,14,0.106608929018,True,0.058213736018099996,True,-0.0556426143993,-0.08656428883960002,-0.0283505528216,True
155,7,15,0.142970359498,True,0.058872775862300004,True,-0.0523305741055,-0.0816986634866,-0.0228258876243,True
156,7,16,0.020474214550099998,True,0.0566236335836,True,-0.0580464803245,-0.08582849757660002,-0.029204863993000003,True
157,7,17,0.00158239415206,True,0.0553960183253,True,-0.057721967612800004,-0.08514831136260001,-0.029752293037200003,True
158,7,18,4.00923318221e-06,True,0.0585287713071,True,-0.0580791791886,-0.0849230133604,-0.026394242053299998,True
159,7,19,0.00303925752031,True,0.057402788077499996,True,-0.05797419938059999,-0.08671716605469999,-0.0293143779771,True
160,8,0,17.411046074,False,0.13915018056700001,False,-0.0411098300097,-0.109240608626,0.0299095719403,False
161,8,1,9.26855156397,False,0.10518092276900001,False,-0.049298282204599995,-0.101194667631,0.003986255138159999,False
162,8,2,5.95191054621,False,0.0885313661342,False,-0.049982380348199996,-0.0962005585435,-0.007669192409299999,True
163,8,3,6.23001521592,False,0.07924390141639999,True,-0.044305862345199995,-0.0848723751632,-0.005628473746729999,True
164,8,4,2.38127616432,False,0.07274132399330001,True,-0.0500418076499,-0.0872861508742,-0.0145448268808,True
165,8,5,13.178461300499999,False,0.0714577632593,True,-0.0339785496205,-0.0676956903648,0.0037620728945700005,False
166,8,6,13.302356269,False,0.065646189193,True,-0.0322433665677,-0.06522755946,0.0004186297329830001,False
167,8,7,5.3678040966800005,False,0.0655840064593,True,-0.0388138002821,-0.0740270194755,-0.00844301301624,True
168,8,8,1.9486634422599998,False,0.06207207529,True,-0.042416476979199993,-0.07378040160589999,-0.011708326315899999,True
169,8,9,14.681216073699998,False,0.0645195101663,True,-0.029209693495400004,-0.060976706772400004,0.00354280339394,False
170,8,10,9.08746113892,False,0.06077434149119999,True,-0.0336616678373,-0.0645257816881,-0.0037514401969600004,True
171,8,11,4.2020057306,False,0.0597050301875,True,-0.0374517725171,-0.06751295307569999,-0.00780792288826,True
172,8,12,0.483834020589,False,0.06062547382669999,True,-0.048520483090599996,-0.0786075190158,-0.017982045189099998,True
173,8,13,0.352794069212,False,0.058422795276,True,-0.0490671413071,-0.07800238785210001,-0.019579592576099997,True
174,8,14,0.39683738546499997,False,0.0570196884591,True,-0.049876253530000005,-0.07834948603860001,-0.0213297975795,True
175,8,15,0.0256997483153,True,0.057777170401499996,True,-0.0525427222303,-0.08180493033,-0.024027759928500002,True
176,8,16,0.106507233675,True,0.055233751871,True,-0.051994891581800005,-0.08046512847889999,-0.0252313766079,True
177,8,17,0.10358832149,True,0.0555627395651,True,-0.0499669745561,-0.0790844848655,-0.0235217453004,True
178,8,18,0.0641519541366,True,0.056414509188800005,True,-0.0543150251735,-0.0816549848362,-0.025240475647400003,True
179,8,19,0.146496104702,True,0.0567083950342,True,-0.053565534083199993,-0.08420658872189998,-0.027498193687700002,True
180,9,0,18.9427665253,False,0.142136604456,False,-0.0396081732567,-0.11264429762700001,0.029492306828900004,False
181,9,1,7.9837356273,False,0.10298684739700001,False,-0.0499652012459,-0.10235548349500001,0.0006313639020199999,False
182,9,2,12.1699698795,False,0.08969015747919999,False,-0.0409891790884,-0.0866128212178,0.00307733626147,False
183,9,3,1.47451582361,False,0.0801449751717,False,-0.0553952752565,-0.0944562701585,-0.014311294986700002,True
184,9,4,0.929998639003,False,0.07305296821980001,True,-0.0545404788421,-0.08852557420510002,-0.015472605985299998,True
185,9,5,2.5427625266400002,False,0.0727747734813,True,-0.0522801159906,-0.0882723152297,-0.0154975417484,True
186,9,6,0.474370712692,False,0.06811607384150001,True,-0.055896530754500004,-0.0884934281682,-0.0203773543267,True
187,9,7,0.0166057762153,True,0.0639207890982,True,-0.0650560788958,-0.097645274516,-0.033724485417900005,True
188,9,8,0.27168300475400003,True,0.0643997006411,True,-0.0547532632153,-0.08621799369100001,-0.0218182930499,True
189,9,9,0.08872026647360001,True,0.0629797588548,True,-0.0568743801418,-0.0871179639593,-0.0241382051045,True
190,9,10,4.63565727801e-05,True,0.060121773467600004,True,-0.060014470552900004,-0.0902337884248,-0.0301120149571,True
191,9,11,0.00015629050436399998,True,0.0616770004063,True,-0.0691818036474,-0.0988428015331,-0.0371658011268,True
192,9,12,0.00315840697825,True,0.061411868241,True,-0.061672408332500005,-0.0922147099226,-0.0308028416816,True
193,9,13,1.58138709857e-06,True,0.058052199371100004,True,-0.0619642950985,-0.0910563332755,-0.033004133904400004,True
194,9,14,5.54527202274e-07,True,0.056339029879199996,True,-0.06311015239500001,-0.09203939327060001,-0.0357003633914,True
195,9,15,1.7266050224200003e-11,True,0.0565546566539,True,-0.0679647528864,-0.0964634279105,-0.0399087712566,True
196,9,16,4.891760860190001e-10,True,0.056295029723500006,True,-0.0653061462437,-0.09301828120660001,-0.0367232514831,True
197,9,17,6.52265800493e-22,True,0.056490253760000005,True,-0.0726312910794,-0.0996712394955,-0.0431809857355,True
198,9,18,3.30592070782e-21,True,0.0569328662208,True,-0.07754105378439999,-0.105415536433,-0.048482670212000006,True
199,9,19,3.3269058513199997e-22,True,0.056911479278800005,True,-0.081772807738,-0.108945676805,-0.052034197525899994,True
200,10,0,22.595855222199997,False,0.144097589619,False,0.0315686192562,-0.044251081576300005,0.0998465080424,False
201,10,1,44.28709434979999,False,0.103159906866,False,0.000191916401664,-0.0517289261126,0.0514309807539,False
202,10,2,51.8454426661,False,0.0916097232216,False,-0.00855013154004,-0.0578642582524,0.0337454649692,False
203,10,3,17.1613163635,False,0.0798804052679,True,-0.0327648000042,-0.0733129168592,0.006567488408649999,False
204,10,4,12.2847302179,False,0.0752884081101,True,-0.0359326082119,-0.0740649860844,0.00122342202573,False
205,10,5,4.52430807982,False,0.07077411760510001,True,-0.0423239593381,-0.0760821562163,-0.00530803861118,True
206,10,6,2.12420825509,False,0.0667652584524,True,-0.046491500644,-0.081145358981,-0.014380100528599999,True
207,10,7,0.167370414755,True,0.06294689658739999,True,-0.056876400774999995,-0.08805260647119999,-0.0251057098838,True
208,10,8,0.216080209921,True,0.0629941572887,True,-0.0593589003795,-0.0899202669467,-0.026926109658,True
209,10,9,0.012388403833000002,True,0.0633128451083,True,-0.06443432382980001,-0.0970368959442,-0.0337240508359,True
210,10,10,1.23956255758e-05,True,0.0616525708556,True,-0.0635591999331,-0.09506242745610001,-0.0334098566005,True
211,10,11,0.0705185062292,True,0.0597104520693,True,-0.0587409402458,-0.08765498605699999,-0.0279445339877,True
212,10,12,3.00917571061e-09,True,0.05725187928119999,True,-0.0663353387127,-0.0954725892758,-0.0382207099946,True
213,10,13,0.09035559049389999,True,0.0593007695103,True,-0.061861504972400005,-0.0916443930612,-0.0323436235509,True
214,10,14,0.00024140143326599998,True,0.0552533054806,True,-0.06290734935980001,-0.09042563637599998,-0.0351723308954,True
215,10,15,2.71297582251e-07,True,0.056372637942500005,True,-0.06298901153,-0.09211220453810001,-0.0357395665956,True
216,10,16,0.059657941143899995,True,0.0575435680225,True,-0.0620233651647,-0.09079456107629999,-0.0332509930539,True
217,10,17,1.10646273763e-11,True,0.0574215583024,True,-0.06559197264769999,-0.0940466420545,-0.036625083752099996,True
218,10,18,2.27824742439e-06,True,0.0572540287335,True,-0.0660845198195,-0.0957371252281,-0.0384830964946,True
219,10,19,5.64465411978e-10,True,0.0567192390766,True,-0.06689867187540001,-0.0949586210867,-0.03823938201,True
220,11,0,7.353960607139999,False,0.143031331675,False,-0.06357847788599999,-0.130122037583,0.0129092940915,False
221,11,1,0.20610347948199997,True,0.10359457594799999,False,-0.0854541092319,-0.133822025884,-0.0302274499362,True
222,11,2,0.562196163109,False,0.0901353974804,False,-0.0713719483803,-0.11671936292400001,-0.0265839654432,True
223,11,3,0.29000985148200004,True,0.0814740722972,False,-0.0711141088782,-0.11023031772500001,-0.0287562454275,True
224,11,4,0.846120719413,False,0.0748610346325,True,-0.0592690137724,-0.0970332168103,-0.0221721821778,True
225,11,5,1.9826889142500002,False,0.0687516749737,True,-0.0499855548656,-0.083610824321,-0.0148591493474,True
226,11,6,1.4981377248299999,False,0.0664214240261,True,-0.050281764667999995,-0.0834255311597,-0.0170041071337,True
227,11,7,0.564579633963,False,0.0642108870959,True,-0.051712371538899994,-0.0856065768561,-0.0213956897602,True
228,11,8,0.451060252319,False,0.06371678779380001,True,-0.052884726730800004,-0.08360551023639999,-0.019888722442700003,True
229,11,9,0.029633562322999997,True,0.061161843958400006,True,-0.0559245273172,-0.0867756664932,-0.0256138225348,True
230,11,10,0.11905946941199999,True,0.060442677127300004,True,-0.056406061527699995,-0.0874256772503,-0.026983000123099996,True
231,11,11,0.22192382634100002,True,0.0578161563461,True,-0.054022121101699995,-0.0837820189331,-0.025965862587,True
232,11,12,4.23220604204e-09,True,0.056153014255900004,True,-0.0651161713116,-0.09234765177939999,-0.0361946375235,True
233,11,13,9.7321868208e-10,True,0.059013470434300004,True,-0.0685012263766,-0.0987554810928,-0.0397420106585,True
234,11,14,5.49936985396e-09,True,0.0573472640904,True,-0.0681966091241,-0.09715439549039999,-0.0398071314,True
235,11,15,6.12169687987e-08,True,0.0557401303775,True,-0.06673234911140001,-0.0949464717009,-0.0392063413234,True
236,11,16,1.06966335999e-07,True,0.056779648219699996,True,-0.06136994881419999,-0.08954547092620001,-0.0327658227065,True
237,11,17,0.00130184656642,True,0.056489318378999995,True,-0.0643023329935,-0.0921775358406,-0.035688217461599996,True
238,11,18,4.25127354515e-10,True,0.0561522686439,True,-0.0675378828895,-0.09604999501710001,-0.0398977263732,True
239,11,19,5.4971791334800004e-18,True,0.056595233411800006,True,-0.07051641852639999,-0.0997387747377,-0.0431435413259,True
240,12,0,0.163773285251,True,0.141070387798,False,-0.110013910199,-0.17796627396499998,-0.0368958861672,True
241,12,1,0.899495654197,False,0.106460099489,False,-0.078589721993,-0.13359870372000002,-0.0271386042304,True
242,12,2,3.73488203874,False,0.08805270948689999,False,-0.0526195644429,-0.09795367743170001,-0.00990096794474,True
243,12,3,1.58408110801,False,0.0792172593293,True,-0.0545709526781,-0.0961881683034,-0.0169709089741,True
244,12,4,6.9739627119500005,False,0.07433810355550001,True,-0.042005077133900004,-0.07798744281539999,-0.00364933925992,True
245,12,5,2.37820031239,False,0.07178852390389999,True,-0.0480964552833,-0.0828136826824,-0.0110251587786,True
246,12,6,0.949219536251,False,0.066497628314,True,-0.0505957219841,-0.083299024657,-0.016801396343,True
247,12,7,0.22024164299899998,True,0.065954157182,True,-0.060513768446500006,-0.0922098130473,-0.0262556558653,True
248,12,8,0.131451929133,True,0.06418368204130001,True,-0.053440197504900006,-0.08464769729010001,-0.0204640152488,True
249,12,9,0.105330532574,True,0.0644802886901,True,-0.0594660756774,-0.0928268310293,-0.0283465423392,True
250,12,10,0.220141007827,True,0.059453609374199995,True,-0.055164041413400006,-0.08503006132169999,-0.0255764519476,True
251,12,11,0.0467670559201,True,0.058301127142900006,True,-0.0558492449596,-0.08372131155960001,-0.0254201844167,True
252,12,12,0.13889012865,True,0.0578216692094,True,-0.051130995467,-0.077932648663,-0.020110979453700002,True
253,12,13,0.18786712765299998,True,0.0575014783036,True,-0.050927281675000005,-0.07965677480219999,-0.022155296498599996,True
254,12,14,0.332642826304,True,0.05753028881490001,True,-0.0500393224459,-0.07984261270489999,-0.0223123238901,True
255,12,15,0.00756948126241,True,0.0581830352269,True,-0.05384145955919999,-0.08221747384150001,-0.024034438614599998,True
256,12,16,0.00136287613732,True,0.0555016221021,True,-0.0538284176177,-0.0816825877542,-0.026180965652,True
257,12,17,0.175569771646,True,0.056127806157099995,True,-0.0535212054708,-0.08149005270160001,-0.025362246544400002,True
258,12,18,1.07255848424,False,0.056110717149599997,True,-0.0448744381639,-0.07303361070280001,-0.0169228935532,True
259,12,19,0.182798543189,True,0.0569615725447,True,-0.04680356844769999,-0.0756856803139,-0.018724107769200003,True
260,13,0,7.783646346089999,False,0.13868182191,False,-0.0625532995086,-0.13264457419700001,0.00603724771309,False
261,13,1,12.8007739344,False,0.103399525182,False,-0.0426023344764,-0.09788005648610001,0.00551946869576,False
262,13,2,11.9979493775,False,0.0898022561757,False,-0.0404784737355,-0.0834228489216,0.006379407254060001,False
263,13,3,14.145736688,False,0.0800330554727,False,-0.035802567522,-0.0777442290652,0.00228882640749,False
264,13,4,6.84265243505,False,0.0739257592814,True,-0.04196694765719999,-0.07777206376510001,-0.00384630448369,True
265,13,5,3.98231754001,False,0.0710359764189,True,-0.043933077876900005,-0.0789961598567,-0.00796018343787,True
266,13,6,1.7596279058700002,False,0.0661949930267,True,-0.0471909295485,-0.0809819825028,-0.014786989476100002,True
267,13,7,4.155687170919999,False,0.0633758844723,True,-0.0390970986855,-0.0691472500098,-0.00577136553743,True
268,13,8,1.28927239011,False,0.06446167576009999,True,-0.0483761927537,-0.08132317012689999,-0.016861494366699998,True
269,13,9,0.286141140597,True,0.05859045796350001,True,-0.0555828996309,-0.08528388492889999,-0.026693426965400002,True
270,13,10,0.0740519445526,True,0.061767157068999996,True,-0.058303350723000004,-0.0881552095528,-0.0263880524838,True
271,13,11,0.12409689433700001,True,0.059060008917500004,True,-0.055368039379400005,-0.0847699691811,-0.0257099602636,True
272,13,12,0.18412995514400002,True,0.057571978965600006,True,-0.0557428104416,-0.08459373243830001,-0.027021753472700003,True
273,13,13,0.270525454306,True,0.058680398586499996,True,-0.04874549209430001,-0.0784484602351,-0.0197680616486,True
274,13,14,0.09316651540760001,True,0.057834135522499996,True,-0.055485080691800005,-0.08376695128719999,-0.0259328157648,True
275,13,15,0.6788923641329999,False,0.0578798694582,True,-0.0488479281411,-0.0769115526028,-0.0190316831445,True
276,13,16,0.24932503119600002,True,0.055105725583,True,-0.047887269,-0.0751585786537,-0.0200528530707,True
277,13,17,0.6606864772300001,False,0.0565628832231,True,-0.0460072534584,-0.07499069494860001,-0.0184278117255,True
278,13,18,0.133163324397,True,0.05611368480219999,True,-0.0552749760707,-0.0829720882123,-0.026858403410099995,True
279,13,19,0.00243419938813,True,0.055611137518999994,True,-0.0576636050655,-0.08470802741239998,-0.0290968898935,True
280,14,0,22.6423495509,False,0.139068205406,False,-0.035292312934,-0.104274971586,0.0347932338192,False
281,14,1,2.36750095885,False,0.103652101545,False,-0.0671615655308,-0.117740673801,-0.0140885722567,True
282,14,2,2.8053336336699997,False,0.0878545328755,False,-0.055872723487599994,-0.101481701893,-0.013627169017799999,True
283,14,3,0.7567763138629999,False,0.08042117219660001,False,-0.0594976999765,-0.10028382040400001,-0.0198626482078,True
284,14,4,0.9075343472640001,False,0.0700472619158,True,-0.0549601406818,-0.08928533135399999,-0.0192380694382,True
285,14,5,0.648165491765,False,0.0695524464853,True,-0.0560956263829,-0.0909362940704,-0.0213838475851,True
286,14,6,1.00530783731,False,0.0670813307047,True,-0.050959059534099994,-0.0826596281817,-0.015578297476899998,True
287,14,7,0.558691508594,False,0.0639782504751,True,-0.053225736119800006,-0.083900886757,-0.019922636282,True
288,14,8,0.0289888510519,True,0.060650767116900005,True,-0.0606572116816,-0.0909344591107,-0.030283691993800002,True
289,14,9,0.31170983484000003,True,0.0614960990454,True,-0.054216088189000006,-0.0845771916823,-0.023081092637,True
290,14,10,0.43473028325499996,False,0.0595936249847,True,-0.05336479492480001,-0.0834425546374,-0.0238489296526,True
291,14,11,0.41490224258599995,False,0.061392737990100005,True,-0.0502521261389,-0.07978827511469999,-0.018395537124599997,True
292,14,12,1.5107156905599999,False,0.060082271453400005,True,-0.045042174335000004,-0.0764816111838,-0.0163993397304,True
293,14,13,3.0629680025800003,False,0.0601228108043,True,-0.0419469002456,-0.07083118459,-0.0107083737858,True
294,14,14,2.51346440812,False,0.057440024097,True,-0.0396559073432,-0.0694984636999,-0.012058439602900001,True
295,14,15,1.11168873224,False,0.0579128815142,True,-0.0449497631458,-0.07229121452960001,-0.014378333015399999,True
296,14,16,1.5627883628400001,False,0.057976891497400006,True,-0.0436662984911,-0.071052953788,-0.0130760622906,True
297,14,17,0.545696948613,False,0.05575206392030001,True,-0.046512956051900006,-0.0751079252098,-0.0193558612896,True
298,14,18,0.0648420665341,True,0.056665675502399995,True,-0.0485944156872,-0.0772325673558,-0.0205668918534,True
299,14,19,0.0041039934983999994,True,0.0542043582503,True,-0.0524903391142,-0.07902099421839999,-0.0248166359681,True
300,15,0,33.595843356799996,False,0.139646522556,False,0.0093636877542,-0.0577227994582,0.0819237230975,False
301,15,1,31.5908105316,False,0.103120561501,False,-0.0233324931195,-0.0748100416049,0.028310519895700003,False
302,15,2,27.7399643963,False,0.09079555224880001,False,-0.027140325979200002,-0.0720414815597,0.0187540706891,False
303,15,3,29.537408254099997,False,0.0766743861098,True,-0.0252191179484,-0.0640165554485,0.0126578306613,False
304,15,4,14.510690309500001,False,0.0738616795961,True,-0.0325659340374,-0.0701523347215,0.0037093448746500003,False
305,15,5,11.3047586576,False,0.067552566762,True,-0.033349127126700004,-0.0681180838389,-0.00056551707681,True
306,15,6,32.9662999896,False,0.0673701117844,True,-0.022099633917900003,-0.0537131529404,0.0136569588439,False
307,15,7,19.5946812575,False,0.0628376487072,True,-0.0281430905464,-0.058648099359800004,0.00418954934735,False
308,15,8,29.969919282600003,False,0.0628616860836,True,-0.0232676959688,-0.054916571848300004,0.00794511423538,False
309,15,9,7.23882163185,False,0.05918758621180001,True,-0.0341171274724,-0.0639263718326,-0.00473878562081,True
310,15,10,18.1175528261,False,0.0584879316206,True,-0.0272127907712,-0.0566725216323,0.00181540998833,False
311,15,11,6.61285317637,False,0.0585437879789,True,-0.0351878002873,-0.06495390758030001,-0.00641011960143,True
312,15,12,2.07880830676,False,0.0582651298215,True,-0.040840360542699995,-0.0699080082575,-0.0116428784361,True
313,15,13,4.17390441559,False,0.0586517690183,True,-0.037140744649,-0.0657632064122,-0.00711143739388,True
314,15,14,7.605177842110001,False,0.0589192319564,True,-0.0348552221575,-0.0653970325342,-0.00647780057788,True
315,15,15,3.93850045112,False,0.0573289591535,True,-0.0367978585396,-0.06439297778559999,-0.00706401863213,True
316,15,16,2.4731674791900002,False,0.0582629858622,True,-0.0398096613482,-0.06813560637640001,-0.0098726205142,True
317,15,17,0.530733618911,False,0.0557695413563,True,-0.046441238059,-0.0750720905424,-0.0193025491861,True
318,15,18,0.506970744723,False,0.05744541833880001,True,-0.050051684317300005,-0.0795626881808,-0.022117269841900003,True
319,15,19,0.152890513626,True,0.0586815565278,True,-0.0503952046725,-0.07953780332610001,-0.0208562467984,True
320,16,0,22.9371737054,False,0.140761064923,False,-0.0318630745945,-0.10238282979,0.0383782351325,False
321,16,1,29.902300908,False,0.10298712782,False,-0.026457110269299998,-0.0773005667765,0.0256865610431,False
322,16,2,30.4314781713,False,0.0900116746354,False,-0.024560408065299997,-0.06747685624580001,0.0225348183896,False
323,16,3,13.6415643025,False,0.0780287462577,True,-0.0356126105079,-0.0761124467975,0.0019162994602500002,False
324,16,4,9.53834262234,False,0.0738544121458,True,-0.0377778713041,-0.075354440711,-0.0015000285651500002,True
325,16,5,7.09321370322,False,0.0681643145348,True,-0.0383868425463,-0.071866453008,-0.00370213847321,True
326,16,6,18.7594499027,False,0.0670045104404,True,-0.0288152778767,-0.06119141332769999,0.0058130971126800005,False
327,16,7,9.23644946742,False,0.0627040941984,True,-0.0327597337602,-0.0635032888556,-0.000799194657286,True
328,16,8,3.2509138724,False,0.0615153410735,True,-0.040476449470300005,-0.0722739732825,-0.010758632209,True
329,16,9,0.833872307605,False,0.062157165459400004,True,-0.0479184763423,-0.080874419037,-0.0187172535775,True
330,16,10,0.330999959869,True,0.0597246822413,True,-0.0534564534119,-0.08370414376400001,-0.0239794615228,True
331,16,11,0.08957300421639999,True,0.060105615005,True,-0.057331072729599995,-0.0864842344501,-0.026378619445099998,True
332,16,12,0.00890390472447,True,0.057925206761099995,True,-0.0627707795988,-0.09099204292980001,-0.0330668361687,True
333,16,13,3.83158462387e-07,True,0.0581377233254,True,-0.0634128412951,-0.0919723831947,-0.0338346598693,True
334,16,14,4.7329997551699996e-14,True,0.059853835821400005,True,-0.07691381456280001,-0.109063410181,-0.04920957435980001,True
335,16,15,3.14110866157e-20,True,0.0570471008289,True,-0.0770844348669,-0.104763316735,-0.047716215906199996,True
336,16,16,3.4945974501000003e-34,True,0.0561984098432,True,-0.0823111648075,-0.11012072328700001,-0.053922313443999996,True
337,16,17,5.194348867139999e-48,True,0.0569934939998,True,-0.08826072499089999,-0.11714783812999999,-0.0601543441304,True
338,16,18,7.696792968599999e-58,True,0.05652378661119999,True,-0.09322507361139999,-0.12201580712400001,-0.0654920205123,True
339,16,19,9.493672522789998e-78,True,0.0554855685935,True,-0.10236339445,-0.129157463899,-0.0736718953056,True
340,17,0,8.657242231,False,0.140857753452,False,-0.061663405502,-0.132890891744,0.00796686170809,False
341,17,1,21.032793102,False,0.106538826095,False,-0.0350271951717,-0.0859439452662,0.020594880829200003,False
342,17,2,16.52232906,False,0.0875742931786,False,-0.0367282708714,-0.07905044736019999,0.00852384581841,False
343,17,3,18.4302860474,False,0.0807421073431,False,-0.0327639668304,-0.0743325103737,0.00640959696932,False
344,17,4,30.2116358351,False,0.07293599665289999,True,-0.024083294901299998,-0.0597500764519,0.013185920201000002,False
345,17,5,17.103359841099998,False,0.0695665888189,True,-0.030623865618699998,-0.0649087139182,0.0046578749007200005,False
346,17,6,9.373682557999999,False,0.065923001949,True,-0.0339337790247,-0.0690151729142,-0.00309217096516,True
347,17,7,5.97241952746,False,0.06502925939,True,-0.0378551768206,-0.0694596351848,-0.00443037579475,True
348,17,8,16.8522754481,False,0.0635244099142,True,-0.0288521764728,-0.0604065576915,0.00311785222274,False
349,17,9,4.698843055859999,False,0.06431916144180001,True,-0.0387732236789,-0.0721876038005,-0.00786844235868,True
350,17,10,3.8953308389499997,False,0.0606341836204,True,-0.0373133325979,-0.0685009782916,-0.00786679467119,True
351,17,11,6.422145940090001,False,0.0613609129995,True,-0.034437560900400004,-0.0672149604557,-0.00585404745621,True
352,17,12,7.280019610469999,False,0.059473617514199995,True,-0.0345177581569,-0.0631333836696,-0.00365976615542,True
353,17,13,5.75795023857,False,0.056157668932800005,True,-0.0346701673409,-0.062486201598500005,-0.0063285326657600005,True
354,17,14,5.00001805828,False,0.0578455546224,True,-0.0351359052156,-0.0654128046965,-0.007567250074100001,True
355,17,15,4.44326759556,False,0.0579764044522,True,-0.037431322055300004,-0.0667541554255,-0.00877775097321,True
356,17,16,5.54123274732,False,0.0596760023855,True,-0.0357601204297,-0.0658558510996,-0.006179848714020001,True
357,17,17,1.82653928306,False,0.0579757797903,True,-0.0395418166943,-0.068100391658,-0.010124611867799999,True
358,17,18,0.596170939111,False,0.0581320670567,True,-0.0460639977659,-0.0751103067434,-0.0169782396866,True
359,17,19,0.6541938830740001,False,0.0556716936965,True,-0.0437579482602,-0.0719118478878,-0.0162401541914,True
360,18,0,14.8676447052,False,0.135666582167,False,-0.0495753611302,-0.120317133981,0.0153494481859,False
361,18,1,19.7744358751,False,0.10419071630200001,False,-0.0343591794114,-0.084758040156,0.0194326761459,False
362,18,2,25.3680048964,False,0.0941809323759,False,-0.0272085199935,-0.074510931795,0.0196700005809,False
363,18,3,4.25588739912,False,0.079378085767,True,-0.049740045160300006,-0.0897392437617,-0.0103611579947,True
364,18,4,1.14173731288,False,0.07320425683330001,True,-0.053970531887300006,-0.089451297285,-0.0162470404516,True
365,18,5,0.597173781705,False,0.0716353103842,True,-0.0590806450352,-0.09534165645639998,-0.023706346072200003,True
366,18,6,0.676044261495,False,0.0671512380904,True,-0.0552039175009,-0.089672181413,-0.0225209433225,True
367,18,7,0.0387904282036,True,0.06469931814799999,True,-0.0625156284334,-0.0935684479531,-0.028869129805099997,True
368,18,8,0.037518986636099996,True,0.0645723654548,True,-0.0573464578847,-0.0900085513442,-0.0254361858894,True
369,18,9,0.402127294092,False,0.060753161094500005,True,-0.056983174814200004,-0.0875865275775,-0.0268333664829,True
370,18,10,0.0883665404394,True,0.06034677206669999,True,-0.0578038797896,-0.0883650010343,-0.0280182289676,True
371,18,11,0.275418591197,True,0.0596780085191,True,-0.051189923589699995,-0.08065987350869999,-0.0209818649896,True
372,18,12,0.0813330709344,True,0.0566510133522,True,-0.0530794697151,-0.08182724691219999,-0.02517623356,True
373,18,13,0.09765165183260001,True,0.0575302138442,True,-0.056844521875400005,-0.08462171328269999,-0.027091499438499998,True
374,18,14,0.0027683135693100003,True,0.059367210145300005,True,-0.0552302201052,-0.0846180843197,-0.0252508741744,True
375,18,15,0.025898640887000002,True,0.0595665128017,True,-0.0576227098484,-0.0889030259506,-0.0293365131489,True
376,18,16,0.156758698112,True,0.057906872566,True,-0.0531696278416,-0.0810843117892,-0.023177439223199998,True
377,18,17,0.0824869972846,True,0.056559496635099994,True,-0.0551790124041,-0.0848215904757,-0.0282620938405,True
378,18,18,0.0527730670543,True,0.05534458282819999,True,-0.0545044443374,-0.0812291438659,-0.0258845610378,True
379,18,19,0.00595511915203,True,0.05696518794890001,True,-0.05817370149019999,-0.08706530743689998,-0.030100119488,True
380,19,0,11.0575777611,False,0.137682051493,False,0.054963274755699995,-0.0182878968626,0.11939415463099999,False
381,19,1,33.1022728854,False,0.107289397859,False,0.022928656307700003,-0.0278094997376,0.0794798981214,False
382,19,2,44.53480093,False,0.0876252500785,False,-0.0156723009641,-0.0612372040247,0.0263880460538,False
383,19,3,36.640941996900004,False,0.07598521585960001,True,-0.0210090479049,-0.0613596920515,0.0146255238081,False
384,19,4,53.2327311888,False,0.0750165959646,True,-0.012757789731999999,-0.048716824297699995,0.026299771666799997,False
385,19,5,27.9346218923,False,0.0685446632746,True,-0.023294999309999998,-0.057502461089699995,0.011042202184899999,False
386,19,6,27.9238185781,False,0.0680208787087,True,-0.0252872356834,-0.0584681091891,0.00955276951955,False
387,19,7,38.1213324464,False,0.0640637395923,True,-0.0186450786105,-0.05152678857419999,0.012536951018100002,False
388,19,8,28.623303899099998,False,0.0635959239923,True,-0.022618345657,-0.0535823297796,0.0100135942127,False
389,19,9,20.8140174077,False,0.0601114538086,True,-0.025923211909099998,-0.0560648812692,0.00404657253937,False
390,19,10,23.8176257675,False,0.0622704107542,True,-0.024074961964500003,-0.0563790308548,0.0058913798993899995,False
391,19,11,22.435845862399997,False,0.0591144045419,True,-0.0250921146717,-0.055462659541,0.00365174500093,False
392,19,12,22.3575244519,False,0.058200875972699996,True,-0.024268830680999998,-0.052382822753099995,0.00581805321959,False
393,19,13,11.832509503399999,False,0.0580983748756,True,-0.029984476454500003,-0.0597431364762,-0.0016447616006700003,True
394,19,14,10.0447310395,False,0.0581095023575,True,-0.031564336367200005,-0.0601384273224,-0.00202892496494,True
395,19,15,8.29850939986,False,0.0579932391341,True,-0.031993921778,-0.0603909935546,-0.00239775442057,True
396,19,16,2.38203695622,False,0.05906011832309999,True,-0.0393108255696,-0.07038080779769999,-0.0113206894746,True
397,19,17,2.53492773444,False,0.05527601775169999,True,-0.0381218552775,-0.06483338495619999,-0.00955736720449,True
398,19,18,7.523618383060001,False,0.0563344006938,True,-0.032781855739099995,-0.060315586474900006,-0.00398118578107,True
399,19,19,6.28849902575,False,0.0564424422636,True,-0.0338991472931,-0.06138440585990001,-0.00494196359631,True
400,20,0,33.140233709499995,False,0.141738832422,False,-0.0119048516481,-0.0817723533985,0.059966479023500004,False
401,20,1,31.171539061100002,False,0.10544333057399999,False,-0.024121082097900003,-0.0798763527078,0.0255669778661,False
402,20,2,37.3581473081,False,0.0879256387668,False,-0.019690523534799997,-0.0634419616124,0.0244836771544,False
403,20,3,33.0085243753,False,0.0781389117275,True,-0.0225335843682,-0.061620756547600006,0.016518155179899997,False
404,20,4,1.5679531649399998,False,0.0742683128447,True,-0.052193973816,-0.09043508493560001,-0.0161667720909,True
405,20,5,3.71606435065,False,0.067988219679,True,-0.0452718365708,-0.08031155367319999,-0.0123233339941,True
406,20,6,5.4823720862,False,0.06748969453390001,True,-0.040396901535,-0.07391823158,-0.00642853704606,True
407,20,7,1.08079916626,False,0.0632395611832,True,-0.046413277002800006,-0.079427638137,-0.0161880769538,True
408,20,8,7.69696315213,False,0.0652388429059,True,-0.0367482758756,-0.0702159152823,-0.00497707237642,True
409,20,9,3.0046747693599998,False,0.0600166238979,True,-0.0404538811731,-0.0701965152747,-0.010179891376799999,True
410,20,10,1.7092746501499998,False,0.060942250428499996,True,-0.0429868555203,-0.0727840701934,-0.0118418197648,True
411,20,11,1.05445278989,False,0.0615351207076,True,-0.048315041473599996,-0.08151778504200001,-0.0199826643344,True
412,20,12,0.335212928413,False,0.059557858767300006,True,-0.050686007305500005,-0.07981908265210001,-0.0202612238848,True
413,20,13,0.59864349861,False,0.0578087200747,True,-0.049867666920099994,-0.0799872560267,-0.0221785359521,True
414,20,14,0.41601507889899997,False,0.055949587907099994,True,-0.0466648381485,-0.0749619240943,-0.0190123361872,True
415,20,15,0.628145864284,False,0.0571184919226,True,-0.047494501865,-0.0753369344915,-0.018218442568999998,True
416,20,16,0.0504351886639,True,0.0562036257053,True,-0.0513752316417,-0.07950835330889999,-0.023304727603599997,True
417,20,17,0.5667502809889999,False,0.0565555784769,True,-0.0453789242192,-0.0723966020047,-0.015841023527799997,True
418,20,18,0.372946238363,False,0.0542031198075,True,-0.049172824038399995,-0.0765630906541,-0.0223599708466,True
419,20,19,0.052366683529,True,0.058351970986699996,True,-0.054487022281,-0.08431770214510001,-0.0259657311585,True
420,21,0,34.3135183189,False,0.140665328988,False,-0.00772141168433,-0.0799095069345,0.0607558220537,False
421,21,1,43.9804648338,False,0.10493743430400002,False,0.00576360797414,-0.046357976682299996,0.058579457621599995,False
422,21,2,48.761970392799995,False,0.088812082851,False,-0.011593699758999999,-0.05848686612390001,0.0303252167271,False
423,21,3,41.9801811793,False,0.07997946579639999,True,-0.0175965371255,-0.0584133550709,0.0215661107254,False
424,21,4,35.7991399406,False,0.0729476421268,True,-0.021436874992,-0.058601743769899996,0.014345898356899998,False
425,21,5,40.7605126872,False,0.0699275649802,True,-0.018643951234200002,-0.0513580856164,0.0185694793639,False
426,21,6,41.6212384173,False,0.0676380009318,True,-0.0180346530606,-0.0510361880604,0.016601812871299998,False
427,21,7,37.4145615789,False,0.0671013208048,True,-0.019633723894099998,-0.0540722313294,0.013029089475399998,False
428,21,8,27.286804337399996,False,0.0619198095218,True,-0.023550446855599996,-0.0541972909141,0.007722518607760001,False
429,21,9,22.187765804,False,0.061802137868400005,True,-0.026480950117099996,-0.0588167476736,0.00298539019478,False
430,21,10,11.036182223900001,False,0.0606220479495,True,-0.0300861823805,-0.059326095301,0.0012959526484800001,False
431,21,11,6.83078666031,False,0.0591263273962,True,-0.033354928269,-0.0623514679412,-0.00322514054494,True
432,21,12,0.43672686062,False,0.056583949004199996,True,-0.046127794984499995,-0.0760823685816,-0.019498419577400002,True
433,21,13,2.55768866431,False,0.0559666290604,True,-0.040489709233699996,-0.0696733383731,-0.0137067093127,True
434,21,14,1.7415396559099998,False,0.0585462939894,True,-0.0429857837467,-0.071293176709,-0.0127468827196,True
435,21,15,0.21294391685699998,True,0.05857581909,True,-0.0497756135322,-0.0758368750293,-0.0172610559393,True
436,21,16,0.112865228956,True,0.0562858000595,True,-0.0538532182417,-0.08270432857599999,-0.0264185285165,True
437,21,17,0.194158887121,True,0.0572706924008,True,-0.0521540429574,-0.0811347895027,-0.0238640971019,True
438,21,18,0.0779619595955,True,0.056278162487399995,True,-0.058929058341699994,-0.0862477569741,-0.0299695944866,True
439,21,19,0.113440672191,True,0.0553810139609,True,-0.0639896468575,-0.091927075897,-0.0365460619361,True
440,22,0,24.155657645100003,False,0.13678686269200002,False,-0.029579302874500002,-0.0982521143187,0.0385347483734,False
441,22,1,0.218275078059,True,0.102460109186,False,-0.0911778530173,-0.1427610848,-0.040300975614099996,True
442,22,2,0.291233066287,True,0.086965219011,False,-0.07356478472789998,-0.11747535551100001,-0.030510136500400003,True
443,22,3,0.45806193436000003,False,0.081580063157,False,-0.0623712732791,-0.104037783332,-0.022457720175400004,True
444,22,4,0.301073261523,True,0.0720312048762,True,-0.0564684509797,-0.0920228031246,-0.0199915982484,True
445,22,5,0.484680780901,False,0.0680053308083,True,-0.057069069527400006,-0.0908776054778,-0.0228722746695,True
446,22,6,1.24390278446e-05,True,0.06952175335460001,True,-0.07675468223910001,-0.11004639988199999,-0.0405246465273,True
447,22,7,0.0276937053835,True,0.0632627119381,True,-0.07791255504410001,-0.11006630810200001,-0.0468035961641,True
448,22,8,3.51986344552e-12,True,0.0598798131705,True,-0.070264085209,-0.101270197361,-0.04139038419030001,True
449,22,9,0.026569454864500002,True,0.0615200158149,True,-0.0644704416617,-0.092804069636,-0.031284053821,True
450,22,10,0.000370373244483,True,0.060801325010900006,True,-0.0639843181961,-0.0941390642794,-0.0333377392685,True
451,22,11,0.0004315141923869999,True,0.0615689088456,True,-0.0647509376921,-0.0940829120238,-0.0325140031782,True
452,22,12,0.138104663208,True,0.058521043684099994,True,-0.054115088706800006,-0.0824904905426,-0.0239694468585,True
453,22,13,0.226578375937,True,0.0570185420356,True,-0.058561316979599994,-0.0862669077781,-0.0292483657425,True
454,22,14,0.0008632410739229999,True,0.0574890093614,True,-0.062213372421199994,-0.09063971538969999,-0.0331507060284,True
455,22,15,4.80037088661e-09,True,0.056947337504199995,True,-0.0669914588346,-0.09562647718260002,-0.0386791396785,True
456,22,16,0.00357050985124,True,0.056253646322300004,True,-0.0660694015692,-0.0955766891253,-0.039323042803,True
457,22,17,4.7915832351e-08,True,0.0556611422456,True,-0.0657054245936,-0.0937903679189,-0.0381292256733,True
458,22,18,8.47808616508e-14,True,0.054793525112199995,True,-0.0720093024893,-0.0996845104586,-0.044890985346300004,True
459,22,19,3.7888141302399996e-19,True,0.0558922922803,True,-0.07141477347689999,-0.097946478574,-0.042054186293699995,True
460,23,0,34.279167639099995,False,0.13737581463600002,False,0.00810381762507,-0.0592517203699,0.07812409426589999,False
461,23,1,41.863148287,False,0.104432341772,False,-0.0105768220811,-0.061881395505400005,0.042550946267,False
462,23,2,28.0237318927,False,0.0884838603272,False,-0.025529135386900003,-0.0716315096529,0.0168523506743,False
463,23,3,19.2448297868,False,0.0793055688367,True,-0.031607033252599996,-0.0735964362773,0.00570913255938,False
464,23,4,20.658228966,False,0.0765459418185,True,-0.0300286355786,-0.0652242955433,0.011321646275200001,False
465,23,5,27.467109705100004,False,0.06795415882540001,True,-0.0241573967831,-0.0577777223106,0.010176436514799998,False
466,23,6,31.209817333,False,0.06815429259,True,-0.0231660418329,-0.0572041794802,0.010950113109799998,False
467,23,7,15.977145047999999,False,0.06463581460830001,True,-0.0299606872273,-0.062991715045,0.00164409956324,False
468,23,8,12.439754923599999,False,0.06519591206259999,True,-0.0320515310873,-0.06327829346609999,0.0019176185964500001,False
469,23,9,5.38195448602,False,0.061798619529300006,True,-0.0364707142053,-0.06705586617909999,-0.005257246649759999,True
470,23,10,10.6231522255,False,0.061381597890699996,True,-0.032529664978,-0.0634910191754,-0.00210942128469,True
471,23,11,0.747872128448,False,0.0593196777476,True,-0.047713758128300005,-0.0775471362455,-0.0182274584979,True
472,23,12,0.662977481284,False,0.0588905016096,True,-0.048335802047,-0.0780294107055,-0.019138909096,True
473,23,13,0.604363564766,False,0.06072361747359999,True,-0.0501551374195,-0.0793544234121,-0.018630805938400004,True
474,23,14,0.541905525087,False,0.0588340736217,True,-0.046908559878500004,-0.0763985732973,-0.0175644996755,True
475,23,15,0.357436256836,False,0.058713222130899995,True,-0.04976288730830001,-0.080620168999,-0.021906946868099998,True
476,23,16,0.199276651664,True,0.0581050215245,True,-0.0499758016871,-0.0796726347826,-0.0215676132581,True
477,23,17,0.0269499709534,True,0.05765546987930001,True,-0.054156104518499996,-0.081932111141,-0.0242766412617,True
478,23,18,0.52838303124,False,0.05812377376780001,True,-0.0510117502996,-0.0778062077861,-0.0196824340183,True
479,23,19,8.69158036345e-05,True,0.05561164402430001,True,-0.0552985473291,-0.08257626785489999,-0.0269646238305,True
480,24,0,15.2028090725,False,0.143563389722,False,-0.047686748649699996,-0.120789676597,0.0227737131244,False
481,24,1,2.6021562136500003,False,0.10682139704600001,False,-0.0655551934523,-0.118587069598,-0.0117656725518,True
482,24,2,1.04895831419,False,0.0890443415013,False,-0.0678181606811,-0.113366222065,-0.0243218805632,True
483,24,3,2.10721728762,False,0.07776772401710001,True,-0.052053680769,-0.0935753992504,-0.0158076752333,True
484,24,4,0.188216823553,True,0.06992342719010002,True,-0.056886324034099996,-0.0905819549537,-0.0206585277635,True
485,24,5,0.23242766296999998,True,0.07043000480889999,True,-0.0638184802101,-0.09879403502910002,-0.0283640302202,True
486,24,6,0.0006299160943430001,True,0.0669825508172,True,-0.0667404584048,-0.0992594376717,-0.0322768868546,True
487,24,7,0.380966852729,False,0.0665380085275,True,-0.0567986945935,-0.0888087123621,-0.022270703834599996,True
488,24,8,0.00216612277027,True,0.0628042762368,True,-0.0597938383801,-0.0902506225246,-0.0274463462878,True
489,24,9,0.07147443198049999,True,0.060613446521500004,True,-0.0577483455269,-0.0891289961801,-0.0285155496586,True
490,24,10,0.541045237626,False,0.0601251078957,True,-0.0519410138686,-0.0811360156808,-0.021010907785099998,True
491,24,11,0.36825801918799994,False,0.0592260609591,True,-0.053734593975,-0.0832816089287,-0.024055547969499998,True
492,24,12,0.6044941466529999,False,0.061202800269099994,True,-0.0492829198225,-0.0803693945264,-0.0191665942573,True
493,24,13,0.368878763862,False,0.0583522877343,True,-0.0509284136471,-0.07938308137780001,-0.0210307936435,True
494,24,14,0.283781304642,True,0.059625802175099996,True,-0.0479543515731,-0.0796815441498,-0.0200557419748,True
495,24,15,0.275923565042,True,0.0595877660831,True,-0.0519138983035,-0.08511688778339999,-0.0255291217003,True
496,24,16,0.73403595395,False,0.0552009410086,True,-0.0447521239119,-0.0735929522366,-0.018392011228,True
497,24,17,0.65432996519,False,0.0559011180779,True,-0.044623303023100004,-0.0716940717658,-0.0157929536879,True
498,24,18,1.05210485969,False,0.0551516906259,True,-0.0428795689536,-0.07060666823039999,-0.015454977604499999,True
499,24,19,1.4515501000400002,False,0.0554610319811,True,-0.041514382119,-0.06901605638569999,-0.0135550244046,True
500,25,0,15.766995175,False,0.138881223872,False,-0.04364027694130001,-0.11359548459,0.0252857392821,False
501,25,1,21.9607325337,False,0.102838296734,False,-0.0330474873185,-0.0835798976218,0.0192583991122,False
502,25,2,48.721535223100005,False,0.0866020135908,False,-0.011107261441299998,-0.0540352272683,0.0325667863225,False
503,25,3,19.839595208,False,0.0814558056979,False,-0.0310588425381,-0.0720873476945,0.00936845800334,False
504,25,4,18.798174951,False,0.072052480389,True,-0.029576233548,-0.0647215230765,0.00733095731257,False
505,25,5,20.3748594579,False,0.06828212103350001,True,-0.028741448467,-0.0634045139798,0.00487760705371,False
506,25,6,11.1977351061,False,0.0655592732309,True,-0.0334549965883,-0.0674264718777,-0.00186719864675,True
507,25,7,3.6029380534,False,0.065345073455,True,-0.0426416150261,-0.0742537384687,-0.00890866501373,True
508,25,8,0.741513181903,False,0.0627745828962,True,-0.0526325258569,-0.08418293936239998,-0.0214083564663,True
509,25,9,0.00513155391392,True,0.060544678751999995,True,-0.057205082006,-0.0884262969731,-0.0278816182211,True
510,25,10,0.0095740956205,True,0.061247809419300005,True,-0.0605009775078,-0.090966943549,-0.0297191341297,True
511,25,11,0.0271397032259,True,0.0593903174606,True,-0.0591507325708,-0.08882014832429999,-0.0294298308637,True
512,25,12,0.0405741707453,True,0.057693671373699996,True,-0.0537005776531,-0.08222463897889999,-0.024530967605300002,True
513,25,13,0.490762784755,False,0.058830130666699995,True,-0.051806426890099996,-0.0807793019305,-0.021949171263700003,True
514,25,14,2.77332283463,False,0.0559243304644,True,-0.0377432897324,-0.0655876846593,-0.00966335419486,True
515,25,15,2.6869482055400002,False,0.0551097344881,True,-0.038442687409000004,-0.06663445222799999,-0.0115247177399,True
516,25,16,0.692917992414,False,0.0550280328449,True,-0.046824905178500006,-0.0754613941891,-0.0204333613441,True
517,25,17,0.0587674428792,True,0.0557424200483,True,-0.0568563777317,-0.0843482245563,-0.028605804508000002,True
518,25,18,0.0351463223914,True,0.0576239341905,True,-0.05914350827190001,-0.08569998370930001,-0.0280760495188,True
519,25,19,6.25954843506e-09,True,0.055866969106300006,True,-0.06696029414719999,-0.09444711483179999,-0.038580145725500004,True
520,26,0,20.4914121391,False,0.141227320727,False,0.0384377442896,-0.030679837031799998,0.110547483695,False
521,26,1,41.1502548924,False,0.10628184955700001,False,0.009124942807860002,-0.043058337043900004,0.0632235125128,False
522,26,2,48.6363565032,False,0.08909018548839999,False,-0.009533765772870002,-0.0539287408577,0.0351614446307,False
523,26,3,35.5733831296,False,0.0784990364308,True,-0.0221252892352,-0.0623349925515,0.0161640438792,False
524,26,4,24.989506684400002,False,0.075041734908,True,-0.0268308306367,-0.0624716172387,0.0125701176693,False
525,26,5,36.62107565,False,0.07041764894880001,True,-0.0196364568933,-0.053909482095599995,0.0165081668532,False
526,26,6,37.4003621992,False,0.0686402527466,True,-0.0203351289942,-0.0529911481384,0.0156491046082,False
527,26,7,58.148188669899994,False,0.06350256833,True,-0.0126472405421,-0.04343508329,0.0200674850399,False
528,26,8,68.39418928890001,False,0.0640192640751,True,-0.009004325860450002,-0.0406202319853,0.0233990320898,False
529,26,9,65.4649885244,False,0.06149916903,True,-0.0094907699294,-0.040371518231699995,0.021127650798299997,False
530,26,10,51.0586418563,False,0.06164493496330001,True,-0.0141067833235,-0.044505100347999996,0.0171398346154,False
531,26,11,18.4489350204,False,0.059582754354099994,True,-0.0268931119104,-0.0572232680561,0.0023594862980100004,False
532,26,12,19.7219239024,False,0.0582154856279,True,-0.0254872438435,-0.054580964488599996,0.00363452113925,False
533,26,13,15.9912270643,False,0.0569461842238,True,-0.0275487261297,-0.0565226255291,0.000423558694678,False
534,26,14,9.42609196457,False,0.057196226487099995,True,-0.0314441065858,-0.060521615986099994,-0.0033253894990500003,True
535,26,15,7.6840414562,False,0.05666039422519999,True,-0.032698627269799996,-0.060420072967800005,-0.00375967874267,True
536,26,16,13.0222801651,False,0.057389975311,True,-0.0293913070434,-0.0568741380256,0.000515837285384,False
537,26,17,11.3093249479,False,0.0567366771659,True,-0.0298826798204,-0.059393856666400006,-0.0026571795004699996,True
538,26,18,5.504922828860001,False,0.0559496738184,True,-0.0345996196255,-0.0616950753352,-0.00574540151681,True
539,26,19,5.24643628204,False,0.055921376153300006,True,-0.0346262805135,-0.0609557948616,-0.00503441870832,True
540,27,0,28.5335097975,False,0.137509132876,False,0.0245361841246,-0.0424847234841,0.0950244093919,False
541,27,1,44.669505405,False,0.10451278887900001,False,0.00633633831417,-0.04729604885099999,0.057216740028,False
542,27,2,2.29265307179,False,0.0875126444275,False,-0.0574570571625,-0.09988067496030001,-0.012368030532799999,True
543,27,3,4.2664009223,False,0.08042351973260001,False,-0.04872342763759999,-0.0900154596008,-0.00959193986821,True
544,27,4,5.9048681866,False,0.0702416514054,True,-0.0404722330281,-0.076312172176,-0.00607052077056,True
545,27,5,4.80044996308,False,0.07031132355610001,True,-0.042877170353199996,-0.0779623233345,-0.00765099977842,True
546,27,6,4.04449504781,False,0.0663987098983,True,-0.0408812995958,-0.0750409699165,-0.00864226001812,True
547,27,7,3.3076714208499998,False,0.0630978547235,True,-0.0424358519525,-0.07353343181630001,-0.0104355770928,True
548,27,8,2.23877899517,False,0.06168619191869999,True,-0.041731990660300006,-0.0726014982544,-0.0109153063356,True
549,27,9,4.21997735573,False,0.061553348285999995,True,-0.0392085607693,-0.06924329834430001,-0.00768995005826,True
550,27,10,2.76889909277,False,0.0595740726002,True,-0.039712513985599995,-0.0703900855191,-0.0108160129189,True
551,27,11,0.196182208568,True,0.0596603615111,True,-0.050899339755100005,-0.0792617560139,-0.0196013945028,True
552,27,12,0.20925059460999998,True,0.0591308656603,True,-0.0541681338601,-0.0834741392279,-0.0243432735676,True
553,27,13,0.183634975372,True,0.0558454932152,True,-0.050927643979,-0.0806576178394,-0.024812124624200002,True
554,27,14,0.423003013688,False,0.0575970202411,True,-0.0495788807094,-0.07753544903819999,-0.019938428797099998,True
555,27,15,0.279734045391,True,0.05669820979740001,True,-0.0492402155776,-0.0776314700585,-0.020933260261099998,True
556,27,16,0.06434748999319999,True,0.058274739366800006,True,-0.0540349184679,-0.0814474028943,-0.0231726635275,True
557,27,17,0.19609249801800002,True,0.0577056752374,True,-0.053300062500300005,-0.08182233902960001,-0.0241166637922,True
558,27,18,0.17926815522,True,0.0563876425104,True,-0.050804037408099995,-0.0799990853343,-0.023611442823900004,True
559,27,19,0.00880241109496,True,0.0545117985633,True,-0.055699003322099996,-0.0815554217452,-0.0270436231819,True
560,28,0,18.4043006133,False,0.140626570501,False,-0.040688088824999996,-0.111902680756,0.0287238897449,False
561,28,1,39.387048568400004,False,0.10714738138900001,False,-0.014458972414,-0.06848480035230001,0.0386625810367,False
562,28,2,20.3775621278,False,0.0909063562965,False,-0.032748308442199996,-0.0783565626802,0.0125497936164,False
563,28,3,15.224719596,False,0.0820668356169,False,-0.0350085439421,-0.07673134656210001,0.0053354890547899995,False
564,28,4,17.4513438922,False,0.0721397232824,True,-0.0299229959526,-0.0640148594461,0.00812486383633,False
565,28,5,24.6407573978,False,0.06772025246539999,True,-0.026439651060200003,-0.060388645160099994,0.00733160730532,False
566,28,6,15.5212163557,False,0.0667884534818,True,-0.0296161421815,-0.0637247932358,0.00306366024602,False
567,28,7,55.666013739600004,False,0.06584634420940001,True,-0.0134468488415,-0.0455095332056,0.0203368110038,False
568,28,8,60.8045893491,False,0.061324963811800005,True,-0.0107897270487,-0.0417521799953,0.019572783816400003,False
569,28,9,41.718681341599996,False,0.060674073096500004,True,-0.0176775639677,-0.048441593634199996,0.0122324794624,False
570,28,10,17.2073004076,False,0.06122733141990001,True,-0.0275007746083,-0.058540490816400004,0.00268684060348,False
571,28,11,13.996723279200001,False,0.0587271397457,True,-0.0292708303328,-0.0595334515426,-0.000806311796957,True
572,28,12,9.360398047210001,False,0.0601914632723,True,-0.0328647849526,-0.0634434665272,-0.0032520032548599997,True
573,28,13,0.616956797374,False,0.05604035556,True,-0.04421029009790001,-0.0716971127067,-0.0156567571467,True
574,28,14,0.814540985518,False,0.0563479072615,True,-0.045842320169699996,-0.0735283933381,-0.0171804860766,True
575,28,15,0.226535891081,True,0.0596070738918,True,-0.05343857444680001,-0.0822303514394,-0.022623277547499997,True
576,28,16,0.000175283412657,True,0.057501092781400004,True,-0.0587945918375,-0.0884198187587,-0.0309187259772,True
577,28,17,0.029740198889799997,True,0.05695831909080001,True,-0.0591087758483,-0.08748841786599999,-0.0305300987752,True
578,28,18,5.9197880392400004e-08,True,0.0562122812695,True,-0.0626799022511,-0.0899338865685,-0.033721605299,True
579,28,19,0.0974979739963,True,0.05515778500469999,True,-0.062195482319,-0.08988763208480001,-0.03472984708,True
580,29,0,21.2579274848,False,0.140846946895,False,-0.0357534165914,-0.106535021463,0.0343119254324,False
581,29,1,8.00964025476,False,0.104019270527,False,-0.049783639560199995,-0.10466848412999999,-0.000649213603042,True
582,29,2,17.6437271188,False,0.08786202244480001,False,-0.0349649909763,-0.0794048439496,0.00845717849517,False
583,29,3,6.48003231978,False,0.0792870235538,True,-0.0428311202823,-0.08360042052639999,-0.00431339697251,True
584,29,4,5.57303742765,False,0.0738674217387,True,-0.0427156486302,-0.0795112086788,-0.0056437869400799996,True
585,29,5,7.7992356095,False,0.0721301526084,True,-0.040085333601699996,-0.07779306158039999,-0.005662908972,True
586,29,6,0.75446206498,False,0.06725540688880001,True,-0.0501707247152,-0.08446074644,-0.0172053395511,True
587,29,7,1.5390160028600002,False,0.063853181368,True,-0.048282140110999995,-0.0791430934243,-0.0152899120563,True
588,29,8,1.88993928197,False,0.0643939266343,True,-0.0458083770376,-0.0784443847826,-0.014050458148299997,True
589,29,9,0.663811269849,False,0.0596333155357,True,-0.0524622586555,-0.0822697545511,-0.0226364390154,True
590,29,10,0.361160590809,False,0.0612016570515,True,-0.0526107367954,-0.0841401981305,-0.022938541079,True
591,29,11,0.029030282914999997,True,0.06031562859,True,-0.0561816762609,-0.085231574472,-0.024915945882000003,True
592,29,12,0.00107499365821,True,0.058687946365800006,True,-0.06295386596119999,-0.0923744395496,-0.0336864931838,True
593,29,13,0.0953114528393,True,0.059321735978300004,True,-0.057675359713399994,-0.0867144316058,-0.0273926956275,True
594,29,14,1.1875355516e-05,True,0.0581791877463,True,-0.062073545444999996,-0.0902271287254,-0.032047940978999996,True
595,29,15,3.6319783948e-17,True,0.0593155463016,True,-0.070880021463,-0.100355433583,-0.041039887281400005,True
596,29,16,0.241887055178,True,0.057046952729799996,True,-0.0647990447322,-0.0948865910731,-0.0378396383433,True
597,29,17,0.00296280903229,True,0.0547858514766,True,-0.0589980835159,-0.08671730560720001,-0.031931454130599994,True
598,29,18,3.33552828368e-14,True,0.05711973561369999,True,-0.062338726139900005,-0.09085045977970001,-0.033730724166,True
599,29,19,0.026230174852,True,0.057159180605499994,True,-0.057899526072,-0.08677620531819999,-0.029617024712700002,True
600,30,0,2.5220215517099995,False,0.142413797759,False,-0.0866779461455,-0.154847690217,-0.012433892458299999,True
601,30,1,8.180806250589999,False,0.10288855836300001,False,-0.050358516447,-0.103137328441,-0.000248770077379,True
602,30,2,1.51926658069,False,0.08896874402860001,False,-0.06335396401330001,-0.10886970280899999,-0.019900958780599998,True
603,30,3,1.21151669125,False,0.0803649801408,False,-0.06047868493649999,-0.100987720714,-0.020622740573200002,True
604,30,4,0.09690528673429999,True,0.07453916188410001,True,-0.0693325702805,-0.106004819042,-0.0314656571577,True
605,30,5,0.502105704287,False,0.0688856605471,True,-0.057720294239800005,-0.0938500433288,-0.024964382781700004,True
606,30,6,2.5136657090100002e-09,True,0.0655762591559,True,-0.0684225276581,-0.100912785556,-0.0353365264,True
607,30,7,0.006548829005890001,True,0.0654142238638,True,-0.07129552948989999,-0.10485643305600001,-0.039442209192699994,True
608,30,8,2.08775289181e-11,True,0.0618577644543,True,-0.0731497903989,-0.10399820568399999,-0.04214044123,True
609,30,9,2.23054814544e-07,True,0.0630117312304,True,-0.0701095862077,-0.101331549784,-0.0383198185539,True
610,30,10,0.0172769462116,True,0.060447379534400006,True,-0.058305674899300004,-0.0906701194973,-0.0302227399629,True
611,30,11,1.08264169726e-05,True,0.060060148263600004,True,-0.059572347658400006,-0.08929887878550001,-0.029238730522,True
612,30,12,0.059110356659,True,0.0590581072012,True,-0.060088599638,-0.0886836041691,-0.029625496967799998,True
613,30,13,0.104552248413,True,0.0606758489365,True,-0.053276833935900006,-0.085286286041,-0.0246104371045,True
614,30,14,4.04356745815e-08,True,0.059231293852199995,True,-0.0589093798118,-0.09053707385479999,-0.031305780002599995,True
615,30,15,0.17439277150600002,True,0.0587475853255,True,-0.05771967367959999,-0.0869972066998,-0.0282496213743,True
616,30,16,0.000550337544415,True,0.055195033150199996,True,-0.056469944242400004,-0.08504287558599999,-0.0298478424358,True
617,30,17,2.79068696754e-05,True,0.0567134105958,True,-0.057260003277900005,-0.08655388212089998,-0.0298404715251,True
618,30,18,0.136065073293,True,0.0563687609856,True,-0.0526330904842,-0.0807002124484,-0.0243314514628,True
619,30,19,0.00011006519482,True,0.0573644696189,True,-0.05961153221940001,-0.08823447077199999,-0.030870001153000003,True
620,31,0,23.0392075087,False,0.138727730932,False,-0.0323198869961,-0.10392789558700001,0.034799835344199996,False
621,31,1,44.4600777929,False,0.10023635730000001,False,0.00545864424375,-0.0458767949756,0.05435956232469999,False
622,31,2,51.1572770257,False,0.0920994962665,False,0.0038425877437699998,-0.0409866122375,0.0511128840291,False
623,31,3,55.4624487121,False,0.0815803577047,False,0.00383191831117,-0.038309535163,0.0432708225417,False
624,31,4,62.883639116000005,False,0.07438858627969999,True,0.00425889255787,-0.0332694984713,0.0411190878084,False
625,31,5,67.5622104177,False,0.06880001220069999,True,-0.0027529175361,-0.034974763465199996,0.0338252487355,False
626,31,6,56.6448155077,False,0.0661676191815,True,-0.012493064178700001,-0.045292391090900004,0.0208752280906,False
627,31,7,35.7676736231,False,0.0661515615316,True,-0.0203466389917,-0.052440778272699995,0.0137107832589,False
628,31,8,19.756121539200002,False,0.0648567871545,True,-0.027421731229500004,-0.061708968317,0.00314781883752,False
629,31,9,15.6456967781,False,0.0620881477649,True,-0.0294673408277,-0.06043572619390001,0.00165242157094,False
630,31,10,17.1407062946,False,0.058807817962600005,True,-0.027329661556599997,-0.05800883463880001,0.0007989833237939999,False
631,31,11,13.8136301944,False,0.0600618671097,True,-0.028736120045500003,-0.059454511520999995,0.000607355588685,False
632,31,12,8.3505378935,False,0.0580164328266,True,-0.0321897464671,-0.0609019125409,-0.00288547971422,True
633,31,13,1.83384047397,False,0.05823164949080001,True,-0.042411438461499994,-0.0715506981689,-0.0133190486781,True
634,31,14,0.6751728541750001,False,0.057184508376799996,True,-0.0476488963895,-0.0768974630107,-0.019712954633900003,True
635,31,15,0.0197910253874,True,0.0561182215577,True,-0.0530326355722,-0.0808078667379,-0.024689645180200004,True
636,31,16,0.0915368722828,True,0.055834214912900006,True,-0.051139864680699997,-0.0805307619583,-0.024696547045400002,True
637,31,17,0.0012472609731,True,0.05808135897419999,True,-0.0550943866829,-0.08436193613029999,-0.026280577156099997,True
638,31,18,0.135841471117,True,0.0560673131001,True,-0.0563670639585,-0.08512008060170001,-0.029052767501699998,True
639,31,19,7.041852807430001e-07,True,0.055360217092199994,True,-0.0664413862849,-0.09407522796319999,-0.038715010871,True
640,32,0,12.0648761278,False,0.145011851268,False,-0.054517183402000007,-0.128066027079,0.016945824188700002,False
641,32,1,2.38058478042,False,0.10312689088600001,False,-0.0645395488744,-0.118727532115,-0.015600641229100001,True
642,32,2,0.929487403963,False,0.08918070512839998,False,-0.0642385253892,-0.10843557656500001,-0.019254871436700002,True
643,32,3,0.9570731137440001,False,0.08050082802519999,False,-0.0622128924974,-0.100507363606,-0.0200065355812,True
644,32,4,1.9633264820200003,False,0.0749050685975,True,-0.0519035465661,-0.08829319444599999,-0.0133881258485,True
645,32,5,8.675708244720001,False,0.0687200330968,True,-0.036198555674300005,-0.0701309966092,-0.00141096351241,True
646,32,6,2.51176639129,False,0.06641810044480001,True,-0.0449179120391,-0.07836151236910001,-0.0119434119242,True
647,32,7,6.173567931799999,False,0.06524041505559999,True,-0.0375831906077,-0.0698758802974,-0.00463546524185,True
648,32,8,10.5860908526,False,0.060881946461300004,True,-0.0319776622443,-0.0619421404026,-0.00106019394137,True
649,32,9,9.07330264929,False,0.0613163633854,True,-0.0338655102007,-0.0643693716541,-0.0030530082687300003,True
650,32,10,6.54503223415,False,0.0589332563339,True,-0.0337426102819,-0.0635558641107,-0.00462260777676,True
651,32,11,2.40524707023,False,0.0603513586695,True,-0.042823944514800004,-0.0729882009971,-0.0126368423276,True
652,32,12,1.7680318077300001,False,0.0586488843704,True,-0.041700182564500005,-0.0707499414012,-0.012101057030799998,True
653,32,13,0.737959043951,False,0.0602656506747,True,-0.0479290166759,-0.07636309141889999,-0.0160974407442,True
654,32,14,0.402764195004,False,0.0564145290821,True,-0.045448714694400004,-0.0740608659468,-0.017646336864799998,True
655,32,15,0.792380791208,False,0.056897928891,True,-0.0447237957006,-0.0716523876265,-0.014754458735599999,True
656,32,16,0.0929122506703,True,0.0547755698204,True,-0.0526694639843,-0.0808122702579,-0.0260367004375,True
657,32,17,0.0038329018655100006,True,0.056421420204400004,True,-0.0564708234783,-0.0870194353286,-0.0305980151242,True
658,32,18,0.0966120858535,True,0.054125331171000005,True,-0.056173349211099996,-0.0839745423209,-0.029849211149900003,True
659,32,19,3.27144687635e-08,True,0.0556594780448,True,-0.05894033319130001,-0.08713951526769999,-0.0314800372229,True
660,33,0,34.1281245404,False,0.13987785325,False,-6.7126212238e-07,-0.0704983813584,0.06937947189180001,False
661,33,1,21.281940743099998,False,0.10545695990000001,False,-0.0344211697194,-0.09089538778030001,0.0145615721198,False
662,33,2,38.1127729381,False,0.0868785682172,False,-0.019161248564099998,-0.0618781113394,0.025000456877799997,False
663,33,3,53.2779690543,False,0.0795899637545,True,-0.0102126112383,-0.0517724627155,0.027817501038900003,False
664,33,4,64.9691314721,False,0.0730198716472,True,-9.23853099512e-05,-0.0369341689098,0.0360857027374,False
665,33,5,69.6812912016,False,0.0682940723405,True,-0.00285321385959,-0.0401576224603,0.0281364498802,False
666,33,6,53.017942489300005,False,0.0661476539328,True,-0.013630051548500001,-0.0472581195039,0.018889534428999998,False
667,33,7,38.4787791882,False,0.0670596542318,True,-0.0200278737376,-0.053713464145300004,0.013346190086499999,False
668,33,8,53.7320624117,False,0.0641072573834,True,-0.012869450265999999,-0.0451918859519,0.0189153714316,False
669,33,9,15.8377664233,False,0.0612986796213,True,-0.028738875561,-0.059905625768,0.00139305385335,False
670,33,10,19.623529193,False,0.0608948356315,True,-0.0258300570072,-0.0533152829852,0.00757955264631,False
671,33,11,20.8717915018,False,0.0591946448991,True,-0.025494752662,-0.0561857510209,0.0030088938782600006,False
672,33,12,14.3361563355,False,0.060520231398900004,True,-0.028902253629299997,-0.0606860474813,-0.00016581608241400002,True
673,33,13,6.31298576597,False,0.0591260360988,True,-0.0343883119345,-0.06616907840490001,-0.00704304230609,True
674,33,14,6.916198898230001,False,0.058391098154300006,True,-0.034012597507700006,-0.0631461006115,-0.004755002457180001,True
675,33,15,2.96554556168,False,0.057235246338800005,True,-0.0388498708566,-0.06966322675980001,-0.012427980421,True
676,33,16,3.43376933012,False,0.05607976679280001,True,-0.0369100095654,-0.06517769331569999,-0.00909792652296,True
677,33,17,1.13908994958,False,0.0565728422767,True,-0.041251898992,-0.0698632304682,-0.013290388191500002,True
678,33,18,0.198986202936,True,0.055815624322,True,-0.048911970862600004,-0.07774582135139999,-0.021930197029499998,True
679,33,19,0.527536121052,False,0.0554612253305,True,-0.047662630984399997,-0.0735565412339,-0.0180953159033,True
680,34,0,34.536045060300005,False,0.139268026238,False,0.000805567798623,-0.0683011393073,0.07096688693089999,False
681,34,1,37.173566218299996,False,0.105003563678,False,0.0155495947667,-0.0361586983821,0.068844865296,False
682,34,2,48.9264264025,False,0.0886926410355,False,0.0129798277514,-0.030670125455099995,0.0580225155804,False
683,34,3,51.9458965127,False,0.07975016712880001,True,-0.0107650258702,-0.0496723916253,0.030077775503500003,False
684,34,4,50.0983037568,False,0.0758206435707,True,-0.013356730134299999,-0.052969123809099995,0.022851519761600003,False
685,34,5,6.96074796084,False,0.06719305538909999,True,-0.038123445174300004,-0.0711383559058,-0.00394530051667,True
686,34,6,39.1270490768,False,0.06783914002619999,True,-0.0190302117439,-0.0519902172512,0.0158489227749,False
687,34,7,33.9340347446,False,0.0639437197934,True,-0.020180936919999996,-0.052343613933100004,0.011600105860299999,False
688,34,8,44.2882453478,False,0.062465304298800005,True,-0.0170533625091,-0.0469014351487,0.015563869150100001,False
689,34,9,27.5754159179,False,0.0605109302415,True,-0.023055639029599995,-0.0548581753913,0.00565275485013,False
690,34,10,22.260446777800002,False,0.060845092768299996,True,-0.025328283641,-0.0563080966012,0.00453699616711,False
691,34,11,35.1455644283,False,0.05937019261819999,True,-0.0198634016214,-0.04783827648590001,0.011531916132399999,False
692,34,12,19.0858265953,False,0.0600190688373,True,-0.027069892979599997,-0.0580074598236,0.00201160901372,False
693,34,13,8.264922074860001,False,0.0586497105547,True,-0.0311577746527,-0.0608577171999,-0.0022080066452,True
694,34,14,12.2171657276,False,0.0579710044503,True,-0.0288998163363,-0.058721610311799996,-0.000750605861498,True
695,34,15,13.898373915699999,False,0.056669407439,True,-0.0269922887699,-0.0576735673271,-0.0010041598881,True
696,34,16,6.0490488681,False,0.05764907536069999,True,-0.0341781406648,-0.0628935626093,-0.00524448724853,True
697,34,17,3.5328153822199995,False,0.0573475242327,True,-0.036903397381099996,-0.0649795687486,-0.007632044515929999,True
698,34,18,2.43536737141,False,0.05640473705130001,True,-0.0392800535164,-0.0676711608775,-0.0112664238262,True
699,34,19,4.2913353694300005,False,0.0569244601775,True,-0.0362309195155,-0.0645434070915,-0.00761894691401,True
700,35,0,12.2644567492,False,0.139113138997,False,-0.05361130511940001,-0.12338118943700001,0.0157319495603,False
701,35,1,0.47767008361900004,False,0.10488506996099999,False,-0.0837155585678,-0.134673751221,-0.0297886812599,True
702,35,2,1.3729338798500001,False,0.0860898883062,False,-0.0610950207326,-0.102899468736,-0.016809580429700002,True
703,35,3,0.33324476806200004,True,0.0773670023118,True,-0.06547001375080001,-0.103614091872,-0.02624708956,True
704,35,4,0.345934762103,False,0.07285698957489999,True,-0.0626482877121,-0.0991204940013,-0.0262635044264,True
705,35,5,1.86077663684,False,0.0707144553329,True,-0.0520473632679,-0.0874680477793,-0.016753592446299998,True
706,35,6,0.552627547268,False,0.070021955471,True,-0.056379184339699996,-0.08990587326630001,-0.0198839177953,True
707,35,7,1.1872241692299998,False,0.0619759121686,True,-0.0486264141261,-0.0804696324191,-0.0184937202505,True
708,35,8,0.736742724805,False,0.0627224442173,True,-0.0499218568177,-0.0794593310367,-0.0167368868193,True
709,35,9,0.382659438893,False,0.060072996756100006,True,-0.050677968075199996,-0.08202308594310001,-0.021950089186999998,True
710,35,10,0.0665048782085,True,0.05986227918669999,True,-0.0529507907714,-0.08515840138810002,-0.025296122201400005,True
711,35,11,0.248885772837,True,0.0582541436808,True,-0.05531077315169999,-0.08526971288010002,-0.0270155691993,True
712,35,12,2.13973353596e-05,True,0.0579995658208,True,-0.0584335990087,-0.0864378076956,-0.0284382418748,True
713,35,13,0.000786957106148,True,0.0579927712143,True,-0.05931271673499999,-0.08975785694,-0.0317650857257,True
714,35,14,0.000435974261666,True,0.057971726227799995,True,-0.0616215360689,-0.09257273826649999,-0.0346010120387,True
715,35,15,0.012393494734,True,0.0575405837091,True,-0.0571296306843,-0.08626753099,-0.028726947280900004,True
716,35,16,0.11337692292000001,True,0.0570750724701,True,-0.05846240890959999,-0.086010337181,-0.0289352647109,True
717,35,17,0.010593271783,True,0.056883679497999995,True,-0.0601178865147,-0.089208873849,-0.032325194351,True
718,35,18,1.62220246924e-05,True,0.0556623071199,True,-0.073377252112,-0.10119859541899999,-0.045536288298899996,True
719,35,19,1.6430497423e-16,True,0.0537693451658,True,-0.0747202274237,-0.101366420424,-0.0475970752585,True
720,36,0,3.2226157688200003,False,0.141073662136,False,-0.08031444714089998,-0.149606158213,-0.00853249607737,True
721,36,1,1.8419528163699999,False,0.10086433581800001,False,-0.0676465773659,-0.115976395099,-0.015112059281200001,True
722,36,2,3.3793549933200002,False,0.0900032708791,False,-0.054752812406900005,-0.10214509026100001,-0.0121418193821,True
723,36,3,0.864508204665,False,0.0773689006295,True,-0.05785709024619999,-0.09740267139530001,-0.0200337707657,True
724,36,4,0.305780613401,True,0.0739313814254,True,-0.0629132396003,-0.09870513160939999,-0.0247737501841,True
725,36,5,1.02022352707,False,0.06929728264639999,True,-0.055254006252800004,-0.09061720166480002,-0.0213199190184,True
726,36,6,2.79024487009,False,0.0656945532208,True,-0.04458322655230001,-0.0776498017637,-0.0119552485429,True
727,36,7,3.73735699125,False,0.06385976056869999,True,-0.041844410578300004,-0.0722368720367,-0.00837711146804,True
728,36,8,2.4931494777200003,False,0.0639129427844,True,-0.044572341754199996,-0.0766170151977,-0.012704072413299999,True
729,36,9,0.884602105592,False,0.062788689746,True,-0.048932418797000006,-0.0783086404932,-0.0155199507473,True
730,36,10,2.07789615361,False,0.0596369637125,True,-0.044325218601099996,-0.0751910017745,-0.015554038062,True
731,36,11,1.4228280019100001,False,0.06113652982559999,True,-0.043475184327,-0.0744357582339,-0.0132992284083,True
732,36,12,2.30923499315,False,0.058926201215399994,True,-0.0402646307955,-0.0692291742505,-0.010302973035200001,True
733,36,13,2.79100254082,False,0.059491398754199995,True,-0.0407369988753,-0.0698423819127,-0.010350983158399999,True
734,36,14,0.43705139220899997,False,0.0584859509913,True,-0.04963573622669999,-0.0792475161302,-0.020761565138900002,True
735,36,15,0.28063221304,True,0.0589409142397,True,-0.0515097834571,-0.080765311824,-0.0218243975843,True
736,36,16,0.045427077436300006,True,0.0558262950411,True,-0.0532525962787,-0.08254021061589999,-0.0267139155748,True
737,36,17,0.0509999995168,True,0.056093645993800005,True,-0.0550326558612,-0.0837056859038,-0.0276120399101,True
738,36,18,0.110235988491,True,0.056908272283300004,True,-0.056927534064300005,-0.0852456337211,-0.0283373614378,True
739,36,19,0.126326806076,True,0.0557663699582,True,-0.0568751284961,-0.08592045612549999,-0.0301540861673,True
740,37,0,33.4832115344,False,0.147454155387,False,-0.011392440632299999,-0.0886542693067,0.05879988608080001,False
741,37,1,45.3695590768,False,0.108255151907,False,0.00327038906967,-0.0521337063655,0.056121445541300004,False
742,37,2,48.8157214683,False,0.08760800009610001,False,-0.0102212601764,-0.0555761609961,0.0320318391,False
743,37,3,39.2233887141,False,0.0791181411325,True,-0.018008902828599998,-0.057582349720199995,0.0215357914123,False
744,37,4,8.931808475599999,False,0.0735890223563,True,-0.038217354092099996,-0.0752628143896,-0.0016737920333599998,True
745,37,5,4.16815866741,False,0.06799978516909999,True,-0.041466433439699996,-0.0753367767406,-0.00733699157152,True
746,37,6,26.7348249321,False,0.06760228643069999,True,-0.024123147381099996,-0.0590488020155,0.00855348441516,False
747,37,7,51.3878709312,False,0.0656274987441,True,-0.0143598296872,-0.046607008550399995,0.0190204901937,False
748,37,8,31.809661703499998,False,0.0634953712113,True,-0.022143289378200003,-0.0539684465497,0.009526924661629998,False
749,37,9,9.73271173227,False,0.062151619758599994,True,-0.032562350488800004,-0.0645098103378,-0.00235819057915,True
750,37,10,6.8276337863,False,0.0629659776977,True,-0.0355115128592,-0.0670005565561,-0.004034578858489999,True
751,37,11,4.82436194756,False,0.06084645036090001,True,-0.0375641974079,-0.06794592361349999,-0.007099473252569999,True
752,37,12,1.42365520367,False,0.05749528805509999,True,-0.043734042905800005,-0.0729437480073,-0.0154484599523,True
753,37,13,0.45907358925700004,False,0.0600598580609,True,-0.0494473492242,-0.0796398765142,-0.0195800184532,True
754,37,14,0.500597323461,False,0.0570051422285,True,-0.05000562402269999,-0.077591701684,-0.0205865594555,True
755,37,15,0.9144330664899999,False,0.0557192917148,True,-0.04486197396319999,-0.0737608004879,-0.0180415087731,True
756,37,16,1.08732450793,False,0.0558621761226,True,-0.0426570683961,-0.0702233298552,-0.0143611537326,True
757,37,17,1.35231080008,False,0.057404027207000004,True,-0.04286740494059999,-0.0711832372425,-0.0137792100355,True
758,37,18,2.63150936551,False,0.0584386487526,True,-0.0403613727455,-0.07105823120339999,-0.0126195824508,True
759,37,19,1.63126490526,False,0.056780861925900004,True,-0.040200528349300005,-0.0683158975143,-0.011535035588400001,True
760,38,0,6.90337710632,False,0.143489112784,False,-0.0636521235123,-0.136118121656,0.00737099112756,False
761,38,1,22.8038959973,False,0.10437217457299999,False,-0.0327267603655,-0.0846788110292,0.0196933635443,False
762,38,2,7.100498430619999,False,0.0869396082037,False,-0.0461388247498,-0.0901329899392,-0.00319338173547,True
763,38,3,12.3584709086,False,0.0807828667607,False,-0.0375007651016,-0.0790856556362,0.00169721112444,False
764,38,4,15.229977209600001,False,0.0728736664073,True,-0.032069455044900004,-0.0678215204185,0.005052145988810001,False
765,38,5,17.8901362657,False,0.0739319249503,True,-0.030199340279399998,-0.06866395327949999,0.005267971670790001,False
766,38,6,12.865713379,False,0.0660085826147,True,-0.032256294942799996,-0.0663118611295,-0.000303278514806,True
767,38,7,9.06160728276,False,0.0635736570688,True,-0.034827384832,-0.0660637307804,-0.0024900737115999996,True
768,38,8,3.25912570421,False,0.0659358254677,True,-0.0433316369598,-0.0746709830408,-0.00873515757307,True
769,38,9,2.34156781824,False,0.060392798998800006,True,-0.0416078887869,-0.07276162637839999,-0.012368827379600001,True
770,38,10,0.0764397541361,True,0.0596020199956,True,-0.053057997942199994,-0.0821773149798,-0.022575294984200002,True
771,38,11,0.10581182727800001,True,0.059108156336699996,True,-0.055895958684800004,-0.0867814948127,-0.027673338476,True
772,38,12,0.0269202079894,True,0.0591939885535,True,-0.057521143306,-0.0882048204677,-0.0290108319142,True
773,38,13,0.48289531978,False,0.0616008695319,True,-0.0505196101604,-0.0791087646186,-0.0175078950868,True
774,38,14,0.07003896333739999,True,0.059038177812,True,-0.056330917021399994,-0.0863157348408,-0.027277557028799998,True
775,38,15,0.28792798504,True,0.058010877621599996,True,-0.05275513496669999,-0.0797569813231,-0.021746103701400003,True
776,38,16,0.266128774447,True,0.0588679805994,True,-0.048130554099,-0.0767737581995,-0.017905777600200002,True
777,38,17,0.778835197307,False,0.0551738692172,True,-0.042716939024800005,-0.07116133289580001,-0.0159874636786,True
778,38,18,0.35912580566,False,0.0578207389485,True,-0.045972293866,-0.0746120538496,-0.016791314901000002,True
779,38,19,0.21716891594,True,0.0565626521585,True,-0.0515070019537,-0.078714060345,-0.0221514081864,True
780,39,0,12.8826986229,False,0.140391350878,False,-0.051328254024,-0.12237741649499999,0.018013934383200002,False
781,39,1,46.6845177147,False,0.10491954996,False,-0.00155750859195,-0.053561022362099996,0.051358527598400004,False
782,39,2,55.598427857,False,0.08651229478189999,False,-0.000947859039798,-0.042399399759,0.0441128950229,False
783,39,3,59.2427937182,False,0.0799009196507,True,-0.00123763989833,-0.040876002777699996,0.039024916873,False
784,39,4,60.1114348106,False,0.0742616956424,True,-0.00840875962128,-0.0466063272315,0.027655368410999998,False
785,39,5,57.067972342,False,0.07086594620910001,True,-0.010255979248700002,-0.045924845284900005,0.024941100924200002,False
786,39,6,66.892437125,False,0.0659580938439,True,-0.005573363349189999,-0.0389462997283,0.027011794115499997,False
787,39,7,64.5970895101,False,0.066091278866,True,-0.00799027628789,-0.0409769651689,0.025114313697200002,False
788,39,8,68.5326143691,False,0.0643171472788,True,-0.00851709574103,-0.0403609871339,0.0239561601449,False
789,39,9,19.5233322469,False,0.0627193777148,True,-0.0268910916414,-0.05922271727990001,0.0034966604348600004,False
790,39,10,43.9866748954,False,0.061143435838400005,True,-0.0181745828389,-0.050335382363599995,0.0108080534748,False
791,39,11,16.6494366127,False,0.0604046449052,True,-0.027806997135900003,-0.058059218855,0.00234542605014,False
792,39,12,30.5567509717,False,0.0594074276255,True,-0.021382038588099995,-0.05096867935330001,0.00843874827215,False
793,39,13,29.420680261100003,False,0.0578026215761,True,-0.021856399800999998,-0.05320942354040001,0.004593198035729999,False
794,39,14,25.5309009614,False,0.055090063848099995,True,-0.023131200767200003,-0.0507501586109,0.004339905237189999,False
795,39,15,27.648559756999997,False,0.058541061166000004,True,-0.021498021156,-0.0524610221178,0.006080039048199999,False
796,39,16,14.5520360409,False,0.0574289419725,True,-0.026878535205799997,-0.0575298442351,-0.000100902262646,True
797,39,17,14.5410601425,False,0.05773871136969999,True,-0.027823363687,-0.057078603190699996,0.000660108179009,False
798,39,18,14.4850782357,False,0.0552918057173,True,-0.0279613581304,-0.056276627779400006,-0.000984822062064,True
799,39,19,17.6632587973,False,0.05483407670630001,True,-0.0248766300413,-0.052422900539699994,0.0024111761666300003,False
800,40,0,29.877396090700003,False,0.142232904808,False,-0.013662164824700002,-0.0883961793022,0.0538367255054,False
801,40,1,8.50001866005,False,0.10560391063300001,False,-0.0495793530052,-0.105936607794,-0.000332697160519,True
802,40,2,1.1981576981,False,0.0872243010662,False,-0.06395268845980001,-0.108375328246,-0.0211510271796,True
803,40,3,2.02940467257,False,0.0784727244989,True,-0.0550334641901,-0.09363872318779999,-0.015165998689,True
804,40,4,7.903908666910001,False,0.0715439569287,True,-0.038222114199699994,-0.0749939740636,-0.0034500171349400002,True
805,40,5,12.2115401192,False,0.07116120968930001,True,-0.034311807551599995,-0.0705287217879,0.0006324879013919999,False
806,40,6,16.823759011099998,False,0.0661881813136,True,-0.029939043111400002,-0.061126221405100004,0.00506195990858,False
807,40,7,3.9113789321,False,0.0643792487778,True,-0.040360375032000004,-0.0735221525993,-0.009142903821549999,True
808,40,8,3.45432172643,False,0.0637013311063,True,-0.0413023609564,-0.0736665389917,-0.00996520788535,True
809,40,9,0.80786049049,False,0.061076530919699994,True,-0.048755617604,-0.080553621303,-0.0194770903833,True
810,40,10,0.812432591903,False,0.060034023739,True,-0.0491212210106,-0.0776959988582,-0.0176619751192,True
811,40,11,0.01853369385,True,0.06263360618250001,True,-0.057117064386800004,-0.08853264666860002,-0.025899040486,True
812,40,12,0.27168498771099997,True,0.0572190814943,True,-0.05200601768950001,-0.08092138746939999,-0.023702305975099997,True
813,40,13,0.262173338943,True,0.05734252692319999,True,-0.052098923355400006,-0.0819885460635,-0.024646019140300002,True
814,40,14,1.1445126839200001e-07,True,0.0571580199789,True,-0.06365955991700001,-0.093426350753,-0.0362683307741,True
815,40,15,6.79138872485e-10,True,0.0577223414759,True,-0.0693752930808,-0.0985224836799,-0.040800142204,True
816,40,16,2.13512751777e-16,True,0.05773051333930001,True,-0.0719640938466,-0.102606106651,-0.044875593311599994,True
817,40,17,1.9629007438e-16,True,0.055567978235,True,-0.0765763022075,-0.103112673872,-0.047544695636800006,True
818,40,18,7.54534474916e-46,True,0.055524610057,True,-0.0838497494758,-0.111947335816,-0.056422725759199994,True
819,40,19,5.013245294439999e-23,True,0.0539317304899,True,-0.08005845155960001,-0.106577287818,-0.0526455573286,True
820,41,0,34.8621553169,False,0.13963124210300001,False,-0.0040142415606999994,-0.0722953478505,0.06733589425219999,False
821,41,1,39.5154299341,False,0.105448954466,False,0.0146815394834,-0.0374455354747,0.06800341899109999,False
822,41,2,47.1350174812,False,0.0877605408602,False,0.0106810277483,-0.0323860396797,0.055374501180499996,False
823,41,3,51.8772307833,False,0.0816178737598,False,0.010086167610200002,-0.027317359237000002,0.0543005145228,False
824,41,4,64.9757433929,False,0.0720968423392,True,0.00199588483326,-0.0348840410661,0.0372128012731,False
825,41,5,64.3643762736,False,0.0710000549818,True,0.0056585465610400005,-0.029141639120700003,0.0418584158611,False
826,41,6,70.3923042699,False,0.0657329402242,True,0.00329506523208,-0.0288351182987,0.0368978219255,False
827,41,7,72.5442383017,False,0.0653693786955,True,-0.00255286569191,-0.034356070630099995,0.0310133080654,False
828,41,8,77.5739875754,False,0.0626348849625,True,-0.000375089639519,-0.0316708709478,0.0309640140147,False
829,41,9,54.94370672270001,False,0.0617967126624,True,-0.0131428489359,-0.0448778664372,0.0169188462252,False
830,41,10,57.9678004855,False,0.0604940390439,True,-0.011622524389,-0.041330729385500004,0.0191633096584,False
831,41,11,43.2966649381,False,0.0600398692932,True,-0.0168431016383,-0.0474654421131,0.0125744271801,False
832,41,12,50.9895246834,False,0.0591252443666,True,-0.0150373350089,-0.0455083285164,0.013616915850200001,False
833,41,13,51.992005371800005,False,0.058323028204300006,True,-0.014589185100700001,-0.04583330142030001,0.0124897267839,False
834,41,14,56.173101279099996,False,0.055217257271,True,-0.0137849826403,-0.039928759965,0.015288497305900001,False
835,41,15,40.0936242333,False,0.055890364604699996,True,-0.0178998805955,-0.0457059488847,0.010184415720000001,False
836,41,16,38.5538739223,False,0.0568721032022,True,-0.018878201607800002,-0.047457632708400005,0.009414470493729999,False
837,41,17,26.8371946406,False,0.0554295568554,True,-0.021377851486,-0.049530069893199996,0.0058994869622299995,False
838,41,18,34.2650873173,False,0.05426003820180001,True,-0.0213630468979,-0.048662268898,0.00559776930388,False
839,41,19,16.3478217386,False,0.0573503627953,True,-0.0271604098363,-0.0543455039724,0.0030048588228800003,False
840,42,0,6.6118848436,False,0.135966496171,False,-0.0660686468029,-0.135870085139,9.64110326056e-05,False
841,42,1,8.33578617677,False,0.10429068573200001,False,-0.050072877259599996,-0.100244300194,0.0040463855373,False
842,42,2,3.46656135004,False,0.0872896689933,False,-0.0539230756403,-0.0994459331728,-0.0121562641796,True
843,42,3,3.7942836309300008,False,0.077710313093,True,-0.047376067136000004,-0.0876984231865,-0.009988110093530001,True
844,42,4,0.790363643285,False,0.07268194745460001,True,-0.052045419313,-0.08715282147710002,-0.014470874022600002,True
845,42,5,1.6275205662999999,False,0.07061734073480001,True,-0.05285358679740001,-0.0879623184044,-0.017344977669599998,True
846,42,6,0.455326117008,False,0.0663445743291,True,-0.0492594377014,-0.0815785958258,-0.015234021496700003,True
847,42,7,4.82490326762,False,0.0640612696401,True,-0.0388497447822,-0.0721389034306,-0.008077633790470001,True
848,42,8,9.07581502739,False,0.0636408380014,True,-0.033706044131099996,-0.063550400998,9.043700338299999e-05,False
849,42,9,6.01798168512,False,0.062255787812,True,-0.036499556433800005,-0.0679273895656,-0.0056716017536300005,True
850,42,10,3.7741455890699993,False,0.0606070628517,True,-0.038743449592599996,-0.068810972884,-0.00820391003233,True
851,42,11,3.8617480142100002,False,0.05926670311869999,True,-0.0385964381765,-0.0676313723013,-0.00836466918265,True
852,42,12,1.6089474407,False,0.0585644600865,True,-0.0421170688963,-0.0703109165417,-0.011746456455299998,True
853,42,13,2.10704248982,False,0.0566202731446,True,-0.0400317626703,-0.06830022190639999,-0.011679948761799999,True
854,42,14,6.0459655110899995,False,0.058285190534,True,-0.0358979276612,-0.0662822999036,-0.00799710936968,True
855,42,15,2.2775783447499998,False,0.0595764767616,True,-0.041161118030000006,-0.0705712777495,-0.0109948009879,True
856,42,16,1.16241851863,False,0.0568997243503,True,-0.04212839396430001,-0.0708647510912,-0.0139650267409,True
857,42,17,0.715195909669,False,0.0567407958337,True,-0.049147178138899995,-0.07672457998,-0.0199837841463,True
858,42,18,0.28612633386999997,True,0.0563892224108,True,-0.048458001113,-0.0765322677514,-0.0201430453407,True
859,42,19,0.575331093013,False,0.059393762252099996,True,-0.048719475225,-0.07756452308789999,-0.0181707608358,True
860,43,0,23.507779356700002,False,0.143357342132,False,-0.032778606409900005,-0.10312934887599999,0.040227993256199995,False
861,43,1,22.5355077504,False,0.10108319133199999,False,-0.032633474778100004,-0.0847354468865,0.0163477444459,False
862,43,2,20.0059487816,False,0.09033813497739998,False,-0.0337992230948,-0.0795593251479,0.0107788098295,False
863,43,3,13.3656564546,False,0.0796176339533,True,-0.03572889888880001,-0.0742382634692,0.00537937048404,False
864,43,4,6.043331127180001,False,0.0737485006082,True,-0.041740960313199994,-0.07805765875639999,-0.00430915814822,True
865,43,5,2.8425230293599997,False,0.0719178549104,True,-0.0484944453619,-0.085274099713,-0.013356244802600002,True
866,43,6,1.19308420278,False,0.0689486078999,True,-0.0519262222812,-0.0871875683188,-0.018238960418900003,True
867,43,7,0.6959793948019999,False,0.0646980289091,True,-0.051282565151000006,-0.0826517573449,-0.0179537284358,True
868,43,8,0.815721175412,False,0.0613466708684,True,-0.047744370346300004,-0.0764890566281,-0.015142385759700002,True
869,43,9,0.9703634901279999,False,0.0607791136566,True,-0.046661371738599994,-0.07842634947169999,-0.0176472358151,True
870,43,10,5.67351102945,False,0.060636897039299996,True,-0.0372365868175,-0.0677350010551,-0.0070981040157400005,True
871,43,11,13.8841299409,False,0.059180276359800006,True,-0.0282044224486,-0.058162110210699995,0.0010181661491,False
872,43,12,11.4210004522,False,0.0592986026561,True,-0.030210610383299998,-0.0616602660948,-0.00236166343869,True
873,43,13,2.59163243504,False,0.0555018819684,True,-0.0384608387964,-0.0667388881631,-0.0112370061947,True
874,43,14,1.59384390157,False,0.05748820918269999,True,-0.0402364205548,-0.0680483583767,-0.010560149194,True
875,43,15,1.48168970168,False,0.057651630201199996,True,-0.0431014006651,-0.0699237936795,-0.0122721634783,True
876,43,16,1.14161814433,False,0.05785310417769999,True,-0.044406686218699996,-0.07259942785910001,-0.014746323681299998,True
877,43,17,0.552763888026,False,0.05722329894309999,True,-0.051117116546099996,-0.0780777461467,-0.0208544472035,True
878,43,18,0.511645785899,False,0.057182545495699996,True,-0.04762148909680001,-0.07582234545660001,-0.018639799960900004,True
879,43,19,0.0124114881302,True,0.05466954205019999,True,-0.0539335161082,-0.08085989489130001,-0.0261903528411,True
880,44,0,0.40349345795900005,False,0.136872983618,False,-0.106690948149,-0.17104846504500001,-0.0341754814268,True
881,44,1,0.0774565620453,True,0.104954271752,False,-0.10040995172,-0.155762765697,-0.050808493945699994,True
882,44,2,0.031348788439099995,True,0.0876577100553,False,-0.08394955585550001,-0.127612229734,-0.0399545196785,True
883,44,3,1.6972337323199999e-09,True,0.07750434002249999,True,-0.08871660703789999,-0.128980681811,-0.0514763417881,True
884,44,4,0.0388342631993,True,0.07489441574950001,True,-0.0731161709703,-0.11384366855599999,-0.0389492528069,True
885,44,5,0.580039684161,False,0.06970258103680001,True,-0.0575267219911,-0.0916683072674,-0.021965726230599995,True
886,44,6,0.163633019929,True,0.0655923980894,True,-0.06523381248240001,-0.0971355394423,-0.031543141353,True
887,44,7,0.012367982830700001,True,0.06276617873859999,True,-0.061058409101700004,-0.0924958383685,-0.02972965963,True
888,44,8,0.0126255303855,True,0.0630761253041,True,-0.0663042609562,-0.100010111514,-0.0369339862099,True
889,44,9,3.99887757248e-07,True,0.05849403620350001,True,-0.0648862437251,-0.09505997455219999,-0.0365659383487,True
890,44,10,8.713816120640001e-09,True,0.0596160497243,True,-0.062315662161099995,-0.0930264585396,-0.0334104088152,True
891,44,11,0.00027558314300700005,True,0.059404874793999994,True,-0.0633256448254,-0.09424288064360001,-0.0348380058496,True
892,44,12,9.6483997466e-10,True,0.0576871043372,True,-0.0655186826248,-0.09427900537239998,-0.0365919010352,True
893,44,13,0.0006103881723250001,True,0.0591449120367,True,-0.07039109026189999,-0.0998526999753,-0.0407077879385,True
894,44,14,2.99598648904e-09,True,0.057233843453,True,-0.0693968873635,-0.09908037690739999,-0.0418465334544,True
895,44,15,2.21017293882e-07,True,0.0562055228319,True,-0.0673331261697,-0.0956732942591,-0.039467771427199996,True
896,44,16,0.0008521114369939999,True,0.0567667958198,True,-0.0644102665213,-0.0910062147882,-0.0342394189684,True
897,44,17,0.020958182151,True,0.0564243991709,True,-0.0641762192729,-0.09369167214810001,-0.0372672729772,True
898,44,18,4.1893851234e-08,True,0.055485211681000006,True,-0.0662508054237,-0.0939005469253,-0.0384153352444,True
899,44,19,3.4806853464800004e-06,True,0.05481111910230001,True,-0.06723882387130001,-0.0953898621651,-0.0405787430628,True
900,45,0,8.61707864021,False,0.142219362185,False,-0.05793885231240001,-0.12871199814200002,0.013507364042799999,False
901,45,1,17.769408613,False,0.107750604628,False,-0.0388031550351,-0.095467147878,0.0122834567496,False
902,45,2,24.131450381300002,False,0.08899841340669999,False,-0.0295072362418,-0.07437184024639999,0.0146265731603,False
903,45,3,34.6659884087,False,0.07901898742060001,True,-0.0213162175733,-0.056971416896299996,0.0220475705243,False
904,45,4,28.496139164000002,False,0.0733656173355,True,-0.0248455721759,-0.0601470596445,0.013218557690999999,False
905,45,5,20.4417559835,False,0.0693594704474,True,-0.027736135318299996,-0.0625805425377,0.0067789279097,False
906,45,6,23.394104168000002,False,0.068486817112,True,-0.026288016172299998,-0.060200220344,0.00828659676801,False
907,45,7,10.4029009478,False,0.0639038282269,True,-0.0329420762213,-0.0655340285816,-0.0016302003546300001,True
908,45,8,5.55824184814,False,0.06285885446,True,-0.037230983793,-0.06823602463430001,-0.00537717017431,True
909,45,9,3.48919944371,False,0.0588192777149,True,-0.0385360072238,-0.0681545373549,-0.009335259640069999,True
910,45,10,7.9899174313,False,0.0611401056344,True,-0.0339989902407,-0.0647637276052,-0.0036236219707499995,True
911,45,11,5.4190921893,False,0.0586485912392,True,-0.0365595675054,-0.0655700419749,-0.0069214507357,True
912,45,12,4.25453080701,False,0.0592373610379,True,-0.03708751101280001,-0.0681039484774,-0.00886658743951,True
913,45,13,8.052679763739999,False,0.0581523927351,True,-0.0326510024908,-0.0632519163567,-0.00509952362165,True
914,45,14,6.26470809898,False,0.059156073836,True,-0.0341914424569,-0.06406889706619999,-0.0049128232302100006,True
915,45,15,0.58392312264,False,0.05556420339030001,True,-0.0455656062218,-0.0729634696704,-0.0173992662801,True
916,45,16,0.07022152623089999,True,0.0573538908546,True,-0.0542764943836,-0.0825953656154,-0.0252414747608,True
917,45,17,0.0059147023605900005,True,0.057109935982599995,True,-0.05392339046400001,-0.08183890007950001,-0.0247289640969,True
918,45,18,0.293034496709,True,0.0556190233087,True,-0.049389705782000005,-0.0778525697817,-0.022233546472900004,True
919,45,19,0.0855992831042,True,0.0542322206403,True,-0.055172399671199995,-0.0825900487164,-0.0283578280762,True
920,46,0,26.500484086,False,0.142460364027,False,-0.026307840589099997,-0.0923525408636,0.0501078231639,False
921,46,1,2.30550547512,False,0.105060285709,False,-0.06357725755140001,-0.11679829546399999,-0.011738009755299999,True
922,46,2,4.07903070561,False,0.08947649883960002,False,-0.0544826570445,-0.0984936657711,-0.009017166931469998,True
923,46,3,0.006815633946560001,True,0.0797743999953,True,-0.07601031463430001,-0.113455978946,-0.033681578950400005,True
924,46,4,1.41844157948e-06,True,0.0752056861421,True,-0.08288049602969999,-0.121179528279,-0.0459738421374,True
925,46,5,2.7524941445e-10,True,0.07029673964739999,True,-0.07991795248639999,-0.115985455871,-0.0456887162239,True
926,46,6,0.0344747391845,True,0.0678790600932,True,-0.0744407444425,-0.11000951400699999,-0.04213045391419999,True
927,46,7,0.0006898831389039999,True,0.0636040119026,True,-0.0670449798824,-0.0982912789141,-0.0346872670115,True
928,46,8,0.187421653527,True,0.06259610726869999,True,-0.056244360285199996,-0.08807216612289999,-0.025476058854200002,True
929,46,9,0.06576912005749999,True,0.0610910503112,True,-0.06518834886660001,-0.09669826655120001,-0.035607216239999996,True
930,46,10,0.0044983826984,True,0.0614564826035,True,-0.0589819390359,-0.089706961739,-0.028250479135500002,True
931,46,11,4.2093577115400006e-10,True,0.0601937272758,True,-0.06331871311239999,-0.0929628853492,-0.0327691580734,True
932,46,12,1.00859683414e-05,True,0.0572943768647,True,-0.066343194356,-0.0960260273035,-0.0387316504388,True
933,46,13,1.2662269138100002e-10,True,0.059611394868,True,-0.07188052826380001,-0.10143666145199999,-0.0418252665844,True
934,46,14,1.95998584653e-12,True,0.0588441719978,True,-0.07489387892049999,-0.10409983586799999,-0.045255663870599996,True
935,46,15,0.00576394696526,True,0.0581465367841,True,-0.0679879058683,-0.0980483515025,-0.0399018147184,True
936,46,16,2.6146720712699998e-15,True,0.0575833979471,True,-0.0699617474105,-0.0995555571685,-0.041972159221400004,True
937,46,17,0.00375668184475,True,0.0576322454318,True,-0.0658675836991,-0.0966487307606,-0.039016485328800005,True
938,46,18,2.40272700863e-12,True,0.0575506665108,True,-0.07044147344719999,-0.0974281683202,-0.0398775018094,True
939,46,19,9.149731503310001e-20,True,0.0590337607811,True,-0.0752510556829,-0.104991875827,-0.0459581150455,True
940,47,0,32.6621519411,False,0.144314062382,False,0.00863110211391,-0.061717122972,0.0825969394099,False
941,47,1,39.776499537,False,0.10442856412999998,False,0.014521660275399998,-0.034813799817900004,0.069614764312,False
942,47,2,41.7761047284,False,0.0891364615449,False,-0.016428612687,-0.061328910560099995,0.027807550984799995,False
943,47,3,44.7105158075,False,0.0800456870625,False,-0.015731965780899998,-0.0594569438679,0.0205887431946,False
944,47,4,43.927122842799996,False,0.07634243758230001,True,-0.0162818033094,-0.054672901524099995,0.0216695360582,False
945,47,5,49.0031134847,False,0.0721268607115,True,-0.014548698427600001,-0.0519502785405,0.020176582171,False
946,47,6,58.1461983721,False,0.0678911669253,True,-0.00999436700968,-0.043454036060800005,0.024437130864499997,False
947,47,7,54.907009215100004,False,0.06314328325209999,True,-0.012227886366999998,-0.045065954644200004,0.018077328607999998,False
948,47,8,45.687090633400004,False,0.0640817805765,True,-0.0174193431926,-0.0502954396722,0.013786340904299999,False
949,47,9,57.4649408679,False,0.061380983906600003,True,-0.0133526299431,-0.044423007461,0.0169579764456,False
950,47,10,33.5324227054,False,0.0621001461729,True,-0.0210680061057,-0.050651177868599996,0.011448968304299999,False
951,47,11,28.400179465500003,False,0.058458423252600006,True,-0.022737525062,-0.0525660759353,0.0058923473172599996,False
952,47,12,24.534868881100003,False,0.058997512302900006,True,-0.023489872271300002,-0.0520456087127,0.0069519035902099995,False
953,47,13,26.8389029876,False,0.0580125916125,True,-0.0230429633358,-0.05230890301519999,0.00570368859731,False
954,47,14,22.156593507100002,False,0.054339527117800004,True,-0.023456488788200003,-0.04913814875730001,0.005201378360560001,False
955,47,15,15.468353584800001,False,0.0572193781964,True,-0.027268087306400002,-0.055894668149300004,0.00132471004704,False
956,47,16,6.2435877170700005,False,0.0576938680134,True,-0.0351649459775,-0.0635674761492,-0.00587360813579,True
957,47,17,2.63188874539,False,0.0567841088117,True,-0.0383344543758,-0.0667569180713,-0.0099728092596,True
958,47,18,1.01384503417,False,0.0563448579907,True,-0.043950446250200004,-0.07196047612289999,-0.0156156181322,True
959,47,19,3.12335688307,False,0.0558089080832,True,-0.0370703851972,-0.0644836842332,-0.00867477615001,True
960,48,0,0.27178356995,True,0.142121162548,False,-0.108978920471,-0.17669090447299998,-0.0345697419245,True
961,48,1,0.35235140702,False,0.105564235154,False,-0.08514677677969999,-0.137748736664,-0.0321845015103,True
962,48,2,14.0563506128,False,0.0871843216364,False,-0.0389156897874,-0.0820267913574,0.00515753027898,False
963,48,3,4.431385445909999,False,0.0791989223459,True,-0.0475378954756,-0.08612345071119999,-0.006924528365310001,True
964,48,4,0.8097397329780001,False,0.0739179830762,True,-0.05717147627719999,-0.0955898182721,-0.0216718351959,True
965,48,5,0.6914373518000001,False,0.06868667367980001,True,-0.053492125398900005,-0.0871687185702,-0.0184820448904,True
966,48,6,5.26771881946,False,0.06523624229,True,-0.039351830971499996,-0.07221174219389999,-0.00697549990386,True
967,48,7,19.8128611114,False,0.0690508313427,True,-0.0277068677101,-0.0646252884625,0.00442554288021,False
968,48,8,24.7398692902,False,0.0638308969065,True,-0.0247382279409,-0.0562338224905,0.00759707441599,False
969,48,9,21.0501280539,False,0.0645427451317,True,-0.025391306039900002,-0.05564319383769999,0.00889955129398,False
970,48,10,16.2336268894,False,0.0620083488769,True,-0.0274340386783,-0.057449144084199995,0.0045592047927799995,False
971,48,11,6.4459240699,False,0.057683119268199995,True,-0.033975086040400004,-0.0638660371097,-0.00618291784143,True
972,48,12,3.6047568270599997,False,0.0599864131946,True,-0.040397633903199996,-0.0691461760711,-0.00915976287654,True
973,48,13,8.801384564600001,False,0.059164284724599996,True,-0.0328639034504,-0.0650708443406,-0.00590655961597,True
974,48,14,2.30727911874,False,0.0569655945427,True,-0.039031489053300006,-0.0687776182872,-0.0118120237445,True
975,48,15,1.19364278799,False,0.057509762538400004,True,-0.043786559787599995,-0.0722155296446,-0.0147057671062,True
976,48,16,1.51610113556,False,0.0569493166872,True,-0.0418529436263,-0.0710078154919,-0.0140584988047,True
977,48,17,0.809627688655,False,0.057564762656199996,True,-0.043807042289199995,-0.0725219093443,-0.0149571466881,True
978,48,18,1.77610454662,False,0.0569344197305,True,-0.0429524018779,-0.0709288687615,-0.013994449030899999,True
979,48,19,2.30175825576,False,0.05520329377330001,True,-0.039982589036300004,-0.0671493200327,-0.0119460262594,True
980,49,0,20.3637816125,False,0.139805488893,False,-0.037497118151099997,-0.102953205737,0.036852283156400004,False
981,49,1,32.1285950178,False,0.101571232141,False,-0.0246363318994,-0.0754217994975,0.026149432643900003,False
982,49,2,18.782402028699998,False,0.0870998205748,False,-0.034524676864,-0.079411999793,0.0076878207818,False
983,49,3,22.725688671700002,False,0.0828610249307,False,-0.029278728072700003,-0.0684839501308,0.0143770748,False
984,49,4,29.3182523263,False,0.07185967524419999,True,-0.024762050407599996,-0.061145419654099996,0.010714255590000001,False
985,49,5,16.3004297705,False,0.0704584299392,True,-0.0318234050306,-0.0668602468982,0.00359818304098,False
986,49,6,15.6767622639,False,0.0702901195572,True,-0.0299612369367,-0.0649946671119,0.00529545244529,False
987,49,7,17.2216972536,False,0.0647456346083,True,-0.028570437831000002,-0.061072719154400004,0.0036729154539400003,False
988,49,8,6.72486852814,False,0.064196024261,True,-0.0378572432157,-0.0686457783893,-0.00444975412836,True
989,49,9,2.3142838325099997,False,0.0605097243696,True,-0.0417647403381,-0.0721766014796,-0.01166687711,True
990,49,10,2.64332698143,False,0.0630691296307,True,-0.0422070030518,-0.0750273896193,-0.0119582599886,True
991,49,11,1.02009000553,False,0.0598151813179,True,-0.0453406594717,-0.07506643466580001,-0.0152512533479,True
992,49,12,0.0491300521997,True,0.059213960645500004,True,-0.05308962486269999,-0.0821858366235,-0.022971875978,True
993,49,13,0.0016169653483800001,True,0.0574846197366,True,-0.06096329688799999,-0.09104216231360002,-0.033557542577,True
994,49,14,0.00222286191392,True,0.058753782675,True,-0.06189926344669999,-0.0919751986489,-0.033221415973799996,True
995,49,15,2.8502044037700007e-12,True,0.0567899544368,True,-0.0697042947366,-0.0978426244261,-0.0410526699893,True
996,49,16,4.5718244938100005e-09,True,0.0587726928461,True,-0.07108941268389998,-0.101667465691,-0.042894772845099995,True
997,49,17,3.31935130174e-05,True,0.055401004240300006,True,-0.0683832524363,-0.09613982450269999,-0.0407388202625,True
998,49,18,7.755552367810001e-19,True,0.056262746141,True,-0.0727801525522,-0.09989481994550001,-0.0436320738045,True
999,49,19,5.01037531216e-16,True,0.056403348516600005,True,-0.0712243729516,-0.10125614124500001,-0.044852792728399996,True
1000,50,0,9.16582128604,False,0.13915541548399998,False,-0.05878313898780001,-0.132353103824,0.0068023116604499995,False
1001,50,1,11.344551170799999,False,0.102907974101,False,-0.045349728845800005,-0.09681043503310001,0.0060975390675399995,False
1002,50,2,0.18505057614300002,True,0.0927877254888,False,-0.0786413154273,-0.12633484580499998,-0.0335471203167,True
1003,50,3,0.0025466903877800003,True,0.08156455979239999,False,-0.0784412779164,-0.115962648013,-0.034398088221,True
1004,50,4,0.000107874472267,True,0.0728068040172,True,-0.08082001216460001,-0.116865743639,-0.0440589396222,True
1005,50,5,0.000421201621356,True,0.0683810804882,True,-0.07702871067969999,-0.112059793244,-0.0436787127558,True
1006,50,6,0.014159243209200001,True,0.06404978955900001,True,-0.0731855015092,-0.105636847053,-0.0415870574943,True
1007,50,7,1.99127049309e-11,True,0.0635900090325,True,-0.07553586748669999,-0.10805983849400001,-0.044469829461799996,True
1008,50,8,2.2673280442800003e-18,True,0.0625450673164,True,-0.0836685461846,-0.11439899624000002,-0.0518539289233,True
1009,50,9,3.2815716194e-15,True,0.0641368864198,True,-0.084939041391,-0.116634926872,-0.052498040452300006,True
1010,50,10,6.2489196447000005e-18,True,0.0610334367304,True,-0.08023028830239999,-0.11083336239,-0.0497999256597,True
1011,50,11,8.26386318494e-12,True,0.0625133540023,True,-0.0824711163701,-0.112777356636,-0.0502640026334,True
1012,50,12,3.15208334195e-33,True,0.0578255053737,True,-0.0846550304277,-0.112879117096,-0.05505361172230001,True
1013,50,13,2.53744469607e-33,True,0.0568290928642,True,-0.0858762921587,-0.115634282009,-0.058805189144699996,True
1014,50,14,7.66846856448e-34,True,0.056036718602099994,True,-0.0816517475798,-0.109704816286,-0.0536680976844,True
1015,50,15,5.807352680569999e-22,True,0.058323734524,True,-0.07910105164739999,-0.10697645055400001,-0.0486527160303,True
1016,50,16,9.609490691469999e-31,True,0.055603827549,True,-0.0805424673831,-0.108792801764,-0.053188974215000004,True
1017,50,17,6.0171126500599996e-36,True,0.05665633379,True,-0.0846869393705,-0.11358893867900001,-0.0569326048893,True
1018,50,18,4.0096882715699996e-57,True,0.055359524532099996,True,-0.0915257594847,-0.11769292684,-0.062333402307400004,True
1019,50,19,2.10245939316e-73,True,0.05599923943559999,True,-0.0973643404682,-0.123994309234,-0.0679950697987,True
1020,51,0,8.934238156280001,False,0.140017929838,False,-0.0621659589554,-0.133021721217,0.00699620862109,False
1021,51,1,5.76238948434,False,0.105597374584,False,-0.0551581487091,-0.11068139870100001,-0.00508402411693,True
1022,51,2,5.0999582831,False,0.0887559188676,False,-0.0501209288684,-0.09487447263,-0.00611855376244,True
1023,51,3,5.46998905479,False,0.0792633750997,True,-0.04571335737369999,-0.08457817042810001,-0.0053147953283599995,True
1024,51,4,2.15622282125,False,0.0737357813312,True,-0.0495860555356,-0.0854809099925,-0.0117451286613,True
1025,51,5,10.8171200899,False,0.0675956129243,True,-0.035045677502,-0.0670888998056,0.000506713118766,False
1026,51,6,7.627847140780001,False,0.06455346594650001,True,-0.035849215452199996,-0.06705189236430001,-0.0024984264177700002,True
1027,51,7,3.01509927354,False,0.0652798854423,True,-0.0434575233806,-0.0738344620879,-0.00855457664567,True
1028,51,8,2.22886111435,False,0.0634012239999,True,-0.0442926840385,-0.07506540866780001,-0.011664184667799999,True
1029,51,9,4.88879422944,False,0.06412492545609999,True,-0.0395840272755,-0.07232642774739999,-0.00820150229129,True
1030,51,10,1.38706101082,False,0.0594804624307,True,-0.044674489217099995,-0.07513045201219999,-0.0156499895814,True
1031,51,11,0.383991252479,False,0.0618024459461,True,-0.057936823677599995,-0.0890054178593,-0.0272029719132,True
1032,51,12,0.000593073636164,True,0.05840370252669999,True,-0.058980101697899995,-0.08742962117280001,-0.0290259186461,True
1033,51,13,0.0007719540472589999,True,0.0570755398723,True,-0.058714661679999995,-0.0874541941361,-0.0303786542638,True
1034,51,14,0.125117963583,True,0.058857144599599995,True,-0.0571530964494,-0.0854962291433,-0.0266390845437,True
1035,51,15,0.0065966689769700005,True,0.058304628398400005,True,-0.0573548996844,-0.0858063259111,-0.0275016975127,True
1036,51,16,0.0067348061388900005,True,0.05777917968830001,True,-0.060940003900499994,-0.0929164136847,-0.0351372339965,True
1037,51,17,3.84995037296e-05,True,0.057757244253599994,True,-0.0604168108201,-0.08864855625880001,-0.0308913120052,True
1038,51,18,0.00033495253146099995,True,0.057233675014100004,True,-0.0587207224761,-0.0887867767564,-0.0315531017423,True
1039,51,19,0.09616767511350001,True,0.0534374031416,True,-0.0596988506449,-0.0859298378994,-0.0324924347578,True
1040,52,0,1.91153140382,False,0.140477275725,False,-0.0866460480636,-0.155446573555,-0.01496929783,True
1041,52,1,4.2037243721,False,0.10395891954,False,-0.0608654786286,-0.113582965149,-0.00962404560953,True
1042,52,2,11.028232539100001,False,0.0890548878179,False,-0.0413972692765,-0.08702885016589999,0.00202603765194,False
1043,52,3,6.31444845288,False,0.08017401339710001,False,-0.0425820141895,-0.08460695061339998,-0.00443293721624,True
1044,52,4,5.97995514585,False,0.0753133259153,True,-0.04360334303090001,-0.08450799299630002,-0.009194667080979999,True
1045,52,5,21.8564366727,False,0.0708346785521,True,-0.0282040712327,-0.0641319846379,0.00670269391419,False
1046,52,6,8.67168138998,False,0.06870453145949999,True,-0.0364134461745,-0.069853165581,-0.00114863412148,True
1047,52,7,1.6734907450299998,False,0.0620993512455,True,-0.046197211988599995,-0.07576020276880001,-0.0136608515234,True
1048,52,8,0.871404863635,False,0.0618636673794,True,-0.0474766529066,-0.0782147349858,-0.0163510676065,True
1049,52,9,0.47933451984399994,False,0.060844944587500005,True,-0.05427247863609999,-0.08337883227630001,-0.0225338876888,True
1050,52,10,0.450409646967,False,0.06000534805319999,True,-0.0502385627453,-0.0813924812697,-0.021387133216499998,True
1051,52,11,0.3926221922,False,0.059776143744099994,True,-0.0504055621194,-0.07941980211689999,-0.0196436583727,True
1052,52,12,0.00287748878992,True,0.058088414282400004,True,-0.0566399753206,-0.0859034851712,-0.027815070888799996,True
1053,52,13,7.81964596047e-05,True,0.060202613809,True,-0.0601182237848,-0.0871635731392,-0.0269609593302,True
1054,52,14,3.14580820756e-07,True,0.057987362010199994,True,-0.0647095568463,-0.0940948089042,-0.036107446894,True
1055,52,15,0.000169087081624,True,0.0570857729686,True,-0.0628214161145,-0.0903964403372,-0.0333106673686,True
1056,52,16,0.018842202583299997,True,0.0581323465742,True,-0.0626814610212,-0.09257383302069999,-0.034441486446500004,True
1057,52,17,4.48520986787e-07,True,0.0579611696244,True,-0.0689342883061,-0.09687203576680001,-0.03891086614230001,True
1058,52,18,6.12494646569e-24,True,0.0562725747164,True,-0.0774914827917,-0.106864956308,-0.0505923815915,True
1059,52,19,4.6294581748e-11,True,0.0577521340769,True,-0.07346024884880001,-0.102790689607,-0.045038555530599995,True
1060,53,0,8.51690061715,False,0.144350284472,False,-0.0618023466946,-0.131377196498,0.012973087974,False
1061,53,1,11.7158320619,False,0.104528626439,False,-0.046055961153100004,-0.0971573790769,0.00737124736167,False
1062,53,2,14.814725982999999,False,0.08611519329089999,False,-0.0368132200958,-0.08133119787330001,0.00478399541755,False
1063,53,3,37.503438664,False,0.0796819300045,True,-0.0207702588299,-0.062022142325900004,0.0176597876786,False
1064,53,4,57.646937609,False,0.07650430802830001,True,-0.00869214674181,-0.0479728381824,0.0285314698459,False
1065,53,5,46.5966559979,False,0.07112472433110001,True,-0.0165523659809,-0.0520565071222,0.019068217208900003,False
1066,53,6,51.674363389300005,False,0.0686205307641,True,-0.0139113233114,-0.047752954325400006,0.0208675764387,False
1067,53,7,26.7351309299,False,0.0644452899725,True,-0.024949585389200002,-0.0562628880604,0.00818240191212,False
1068,53,8,14.893542762300001,False,0.062214238574400005,True,-0.0289458813135,-0.060163788251599994,0.0020504503227399998,False
1069,53,9,26.159496834099997,False,0.06346737058230001,True,-0.024474868217599997,-0.0571711630018,0.0062962075804999995,False
1070,53,10,15.4130961169,False,0.062353390418099994,True,-0.0292722423423,-0.0612240963315,0.0011292940866400002,False
1071,53,11,7.257362787939999,False,0.0588595241003,True,-0.034367770639,-0.06246769111100001,-0.0036081670106399995,True
1072,53,12,4.202057791650001,False,0.060592004476100005,True,-0.0384709207766,-0.0688172607265,-0.00822525625042,True
1073,53,13,4.22160029799,False,0.0588031971681,True,-0.0368223657722,-0.0638340929151,-0.00503089574695,True
1074,53,14,5.7734692221,False,0.0578437594556,True,-0.0348592931465,-0.0618852869259,-0.00404152747028,True
1075,53,15,4.57395036577,False,0.05784145142000001,True,-0.0364095163077,-0.06476821684999999,-0.00692676543005,True
1076,53,16,9.504700679489998,False,0.056734369260499996,True,-0.0309855473063,-0.059366671804,-0.00263230254356,True
1077,53,17,7.22936628298,False,0.056744690197800006,True,-0.0328770841034,-0.0600520536434,-0.0033073634455100006,True
1078,53,18,3.79790231006,False,0.0571131057797,True,-0.036926077420300005,-0.063556348307,-0.006443242527289999,True
1079,53,19,2.69043436859,False,0.055159532831199995,True,-0.0402404175206,-0.0674820495774,-0.012322516746200001,True
1080,54,0,33.975082778499996,False,0.136412692979,False,0.00841831374847,-0.0589796828749,0.07743301010430001,False
1081,54,1,27.9789910625,False,0.10267905460400001,False,-0.0265913647568,-0.0778277769014,0.024851277702099998,False
1082,54,2,21.978783132100002,False,0.086486972401,False,-0.0331608631292,-0.07406540110030001,0.012421571300700002,False
1083,54,3,8.069664543260002,False,0.0814111278073,False,-0.042027858150699995,-0.0835523848145,-0.00214125700717,True
1084,54,4,8.05848512999,False,0.07327262507849999,True,-0.039028778218099996,-0.0759538975229,-0.00268127244434,True
1085,54,5,7.462898401789999,False,0.071989703228,True,-0.0395093073922,-0.07577715693710001,-0.00378745370913,True
1086,54,6,10.650614557699999,False,0.0656393897559,True,-0.0338079589454,-0.0674930949763,-0.0018537052204800001,True
1087,54,7,9.579061234860001,False,0.06430823179259999,True,-0.033794418077599996,-0.06705105402599999,-0.00274282223343,True
1088,54,8,6.72095804882,False,0.0624846487259,True,-0.0364940389277,-0.06745095272990001,-0.00496630400397,True
1089,54,9,8.68885665479,False,0.0600007979923,True,-0.0334531631892,-0.0625068697525,-0.00250607176014,True
1090,54,10,15.0461130784,False,0.060367414928400004,True,-0.028790551154900004,-0.0588971327703,0.00147028215803,False
1091,54,11,13.0829919057,False,0.0600931353396,True,-0.030869951013000003,-0.060528062388500004,-0.00043492704885,True
1092,54,12,6.7180728189,False,0.0589294209937,True,-0.033716361049200005,-0.0624878090276,-0.0035583880339800002,True
1093,54,13,2.36139561002,False,0.058442033248899995,True,-0.040784387708999996,-0.0706662047069,-0.012224171458100001,True
1094,54,14,0.32238720202,True,0.057444685047900006,True,-0.050535984908499997,-0.0791539433325,-0.0217092582846,True
1095,54,15,0.256691731992,True,0.0576758040178,True,-0.05261580696269999,-0.0810077410593,-0.023331937041500002,True
1096,54,16,0.057564415365500006,True,0.0567542689628,True,-0.0545377307296,-0.08309990451310001,-0.0263456355503,True
1097,54,17,0.0055138086404100005,True,0.0591955537267,True,-0.056685051613,-0.0850495479833,-0.025853994256599996,True
1098,54,18,0.0694115750625,True,0.0559314877154,True,-0.0540084446244,-0.08212203024730001,-0.026190542532,True
1099,54,19,3.0826216064899996e-07,True,0.0561562467284,True,-0.060805102740400005,-0.08862618857650001,-0.0324699418482,True
1100,55,0,1.31209393945,False,0.13942951260199998,False,-0.09312727273469999,-0.161266073374,-0.021836560771599997,True
1101,55,1,0.106307087611,True,0.101268622457,False,-0.0978389524893,-0.148654887803,-0.0473862653462,True
1102,55,2,0.07010261121639999,True,0.089377694101,False,-0.0894741926093,-0.134426124616,-0.0450484305151,True
1103,55,3,0.00032484911795399997,True,0.0799992510339,True,-0.08970943171569999,-0.129950576466,-0.0499513254321,True
1104,55,4,1.91691233602e-11,True,0.0749034486073,True,-0.0947362015284,-0.132307147469,-0.0574036988615,True
1105,55,5,5.61858017427e-20,True,0.0691712313187,True,-0.08714586457800001,-0.12205380309399999,-0.0528825717753,True
1106,55,6,9.08673364385e-07,True,0.0668309929836,True,-0.0831286180357,-0.118666065793,-0.051835072809300005,True
1107,55,7,2.8148542688399996e-29,True,0.0649590122619,True,-0.0958696644202,-0.127331848405,-0.062372836142999995,True
1108,55,8,6.20795735302e-51,True,0.0628151020927,True,-0.09974657289969999,-0.12963926193,-0.0668241598369,True
1109,55,9,2.5092243309799997e-49,True,0.0630842022312,True,-0.09606815094769999,-0.127618834945,-0.06453463271380001,True
1110,55,10,1.2750078678399999e-40,True,0.0597743262744,True,-0.0970678891701,-0.12663344407500002,-0.0668591178008,True
1111,55,11,2.2152112567700002e-28,True,0.0589471040969,True,-0.08489011729710001,-0.114505131944,-0.055558027847300004,True
1112,55,12,1.01595215551e-22,True,0.058726975811000004,True,-0.0848044840731,-0.11422889882000001,-0.05550192300890001,True
1113,55,13,5.03185133384e-15,True,0.0598902533612,True,-0.08065112598410001,-0.11162258269400001,-0.051732329333300006,True
1114,55,14,2.8428702735799996e-20,True,0.058862647366000005,True,-0.0845233623578,-0.11454185300000001,-0.0556792056337,True
1115,55,15,2.3582083420899998e-29,True,0.0577083481762,True,-0.0855454211447,-0.11354520604,-0.0558368578636,True
1116,55,16,4.91802042746e-31,True,0.0567330969216,True,-0.0863907650036,-0.11344955785399999,-0.05671646093280001,True
1117,55,17,5.465588007039999e-56,True,0.0561923834741,True,-0.09651071884060002,-0.12387281948899999,-0.0676804360145,True
1118,55,18,4.606594562289999e-78,True,0.05573744591580001,True,-0.097148375059,-0.124825657269,-0.0690882113535,True
1119,55,19,6.14489516833e-43,True,0.0575148993107,True,-0.09055366678230001,-0.118848732711,-0.0613338334004,True
1120,56,0,7.43169496035,False,0.139126307169,False,-0.0637420074124,-0.132189669763,0.00693663740552,False
1121,56,1,30.891434369000002,False,0.10353230123,False,-0.0245293695107,-0.07630078319410001,0.0272315180358,False
1122,56,2,45.150276722799994,False,0.09153508583669999,False,-0.0142531759657,-0.05819345505080001,0.0333416307859,False
1123,56,3,52.4102694244,False,0.0803757196803,False,-0.0126158809956,-0.0544274839051,0.025948235775299998,False
1124,56,4,41.5103456641,False,0.0732503745609,True,-0.0179493118152,-0.05597619277700001,0.017274181783900004,False
1125,56,5,64.1330541355,False,0.067251628854,True,-0.005938201306910001,-0.0410754361825,0.026176192671500002,False
1126,56,6,60.4412486699,False,0.067703410269,True,-0.008797787341969999,-0.043604539015699995,0.024098871253299996,False
1127,56,7,53.4732539931,False,0.0676643204446,True,-0.0131621688577,-0.046267496019599993,0.021396824425,False
1128,56,8,32.647047138400005,False,0.0620090691495,True,-0.021473682020799998,-0.0536093124174,0.00839975673203,False
1129,56,9,30.1561852052,False,0.0623582091831,True,-0.021189889897599998,-0.0523286662239,0.010029542959200001,False
1130,56,10,34.5544522723,False,0.0623394655614,True,-0.0198916095948,-0.0525878734886,0.00975159207283,False
1131,56,11,20.0314704803,False,0.0594363726471,True,-0.0258729455068,-0.0550949462886,0.00434142635846,False
1132,56,12,44.666555798400005,False,0.0597028284985,True,-0.0172703372528,-0.0478812011503,0.0118216273483,False
1133,56,13,34.3286002535,False,0.0573788622731,True,-0.0200672171693,-0.0469525573387,0.010426304934499999,False
1134,56,14,27.080770783000002,False,0.0575748781164,True,-0.0229509114161,-0.050618150695599995,0.00695672742081,False
1135,56,15,21.972352466100002,False,0.058425477209199994,True,-0.025131644114799997,-0.054051022880300004,0.00437445432882,False
1136,56,16,8.8445949162,False,0.05639793362480001,True,-0.0311793010395,-0.0589013325595,-0.00250339893463,True
1137,56,17,6.23477371206,False,0.0556456522201,True,-0.0337307406281,-0.0610066182309,-0.005360966010800001,True
1138,56,18,6.75564723816,False,0.0579610922702,True,-0.034162511181400006,-0.06323365342079999,-0.005272561150550001,True
1139,56,19,13.9812855266,False,0.057378480790400005,True,-0.028084857701,-0.059221589049500006,-0.00184310825916,True
1140,57,0,4.03685336821,False,0.142890361056,False,-0.07448551569510001,-0.15115246878799998,-0.00826210773159,True
1141,57,1,10.7291256698,False,0.10802689130200001,False,-0.044891461436800006,-0.10329573114700001,0.004731160155439999,False
1142,57,2,12.070598266700001,False,0.08729388031960002,False,-0.0412263965619,-0.0831917394136,0.004102140905969999,False
1143,57,3,3.5136963565599997,False,0.0789639620587,True,-0.048657954964100004,-0.0891043463198,-0.0101403842611,True
1144,57,4,0.519399053696,False,0.0756978301428,True,-0.061187296356199995,-0.100569472835,-0.0248716426921,True
1145,57,5,0.201764849639,True,0.0692190902792,True,-0.0617815681832,-0.0976371170446,-0.028418026765400003,True
1146,57,6,0.08842881601430001,True,0.067740298361,True,-0.061335655899900005,-0.095898628727,-0.028158330366000003,True
1147,57,7,2.16264145515e-05,True,0.0649089029368,True,-0.0695741681933,-0.101628330108,-0.0367194271712,True
1148,57,8,1.00781470772e-06,True,0.06432181716219999,True,-0.07086621597680001,-0.10297558797700002,-0.038653770815199995,True
1149,57,9,3.93313644405e-05,True,0.0600975164647,True,-0.0672929872952,-0.09738789964320001,-0.0372903831785,True
1150,57,10,0.004358068745069999,True,0.0626796987027,True,-0.0681923003013,-0.0976990118583,-0.0350193131556,True
1151,57,11,0.000690692672972,True,0.0596856034432,True,-0.0703938271421,-0.0984891389161,-0.038803535472900004,True
1152,57,12,7.99676201786e-06,True,0.0582014927826,True,-0.07201224145860001,-0.101587297849,-0.0433858050667,True
1153,57,13,1.0059396122700002e-16,True,0.057929157402099994,True,-0.080426695645,-0.109016266723,-0.0510871093214,True
1154,57,14,6.14269111232e-15,True,0.05833009136180001,True,-0.0750179690338,-0.10390499937799999,-0.0455749080165,True
1155,57,15,2.6571208301000002e-14,True,0.058960161866600004,True,-0.075392886036,-0.104820635977,-0.0458604741108,True
1156,57,16,3.34486966157e-12,True,0.057742855551000005,True,-0.0819340652582,-0.112208134254,-0.05446527870350001,True
1157,57,17,1.0528642140699998e-29,True,0.056102154559699996,True,-0.07967158759660001,-0.10756431328800001,-0.0514621587285,True
1158,57,18,1.51070338356e-22,True,0.05824804276000001,True,-0.084572427644,-0.113380967061,-0.0551329243008,True
1159,57,19,2.63192782305e-28,True,0.05753385550699999,True,-0.0857820628132,-0.114991987186,-0.057458131678800005,True
1160,58,0,1.477271154,False,0.13803493526,False,-0.0888357450602,-0.160869999017,-0.022835063756499997,True
1161,58,1,0.050673370720699995,True,0.104012627093,False,-0.0973716437896,-0.148933182749,-0.044920555656000005,True
1162,58,2,0.387725200461,False,0.08651906282430001,False,-0.0708570312832,-0.113019895417,-0.0265008325926,True
1163,58,3,0.0572134542071,True,0.078246397469,True,-0.0775202456958,-0.11715655781999999,-0.0389101603506,True
1164,58,4,4.66801296246e-08,True,0.0711651965965,True,-0.0816379932076,-0.11624467854800001,-0.0450794819516,True
1165,58,5,4.4438954326300003e-07,True,0.071683933434,True,-0.07978949285060001,-0.11773302580499999,-0.0460490923705,True
1166,58,6,7.756828959780001e-16,True,0.0685286641958,True,-0.07985872844269999,-0.113633846383,-0.0451051821868,True
1167,58,7,0.00304430030362,True,0.0642948000841,True,-0.0651509636323,-0.09812319724139999,-0.0338283971572,True
1168,58,8,1.33013355104e-07,True,0.0642282515027,True,-0.0729174385565,-0.105688286188,-0.0414600346851,True
1169,58,9,3.0099131782599996e-06,True,0.0617849835793,True,-0.0670134997818,-0.0962196723305,-0.0344346887511,True
1170,58,10,0.000280306679476,True,0.06136206449,True,-0.0641572697118,-0.09333897272849999,-0.031976908238499996,True
1171,58,11,0.0006736126606830001,True,0.0590188971301,True,-0.0619142472669,-0.0925402062088,-0.033521309078700004,True
1172,58,12,0.000426433862506,True,0.058877655380800004,True,-0.060552139222499995,-0.08918159765139999,-0.0303039422706,True
1173,58,13,0.000438638628927,True,0.057597360355599994,True,-0.0611639731747,-0.0902416838298,-0.0326443234742,True
1174,58,14,1.4289277911200002e-12,True,0.0577515169318,True,-0.0675504130343,-0.098028441835,-0.0402769249032,True
1175,58,15,1.8339650439900002e-08,True,0.05692381030569999,True,-0.067745548336,-0.09552121253979999,-0.0385974022341,True
1176,58,16,2.7439077252099996e-14,True,0.057223423521300006,True,-0.0674398406826,-0.0968213337631,-0.039597910241800004,True
1177,58,17,7.2050302064e-05,True,0.05608597312869999,True,-0.057072586192500004,-0.0860154467873,-0.0299294736586,True
1178,58,18,2.46775974479e-05,True,0.056639590610499994,True,-0.058044288865900004,-0.08646574216530001,-0.029826151554900003,True
1179,58,19,0.09068500019230001,True,0.0570050649686,True,-0.057998365398900006,-0.0859720532615,-0.028966988292900002,True
1180,59,0,29.0210215668,False,0.142957184281,False,-0.0212726186799,-0.0948417715127,0.04811541276840001,False
1181,59,1,27.650722014,False,0.10328875963199999,False,-0.0278330205871,-0.0767441280267,0.0265446316049,False
1182,59,2,15.930660519100002,False,0.09473777828010001,False,-0.0386284778941,-0.0868470084021,0.007890769877939999,False
1183,59,3,14.4906598491,False,0.07712346389210001,True,-0.034321923627999996,-0.0726191307713,0.00450433312082,False
1184,59,4,18.89654038,False,0.0737520069724,True,-0.0310128148361,-0.0680374722909,0.00571453468157,False
1185,59,5,1.4396963377,False,0.07016276323260001,True,-0.050202626311599996,-0.0858364028193,-0.0156736395867,True
1186,59,6,0.00867608260468,True,0.0638044435765,True,-0.06273261955019999,-0.0928587516481,-0.029054308071599998,True
1187,59,7,0.04972681657869999,True,0.06258213549080001,True,-0.058725973456300005,-0.0910561977784,-0.028474062287599997,True
1188,59,8,0.0752659768855,True,0.0629220620366,True,-0.05567916738130001,-0.0883962509145,-0.0254741888779,True
1189,59,9,1.42213068927,False,0.060915826289,True,-0.045689089550400006,-0.0757424690951,-0.0148266428061,True
1190,59,10,0.681485733258,False,0.0611712149084,True,-0.0474713852379,-0.07905872201660001,-0.017887507108099998,True
1191,59,11,0.0189643395,True,0.0586270990417,True,-0.055591642143000004,-0.0841734305696,-0.025546331527999996,True
1192,59,12,0.162235987135,True,0.0585336339449,True,-0.0518857596337,-0.0817704349256,-0.023236800980700002,True
1193,59,13,0.10498525520400001,True,0.0584409746111,True,-0.0574813175115,-0.08547280482349999,-0.0270318302124,True
1194,59,14,0.00218718483206,True,0.05800664045969999,True,-0.060733399901599996,-0.0885094242642,-0.0305027838045,True
1195,59,15,2.1723887545400002e-08,True,0.057055799508699996,True,-0.06942403733189999,-0.09704397001939999,-0.03998817051069999,True
1196,59,16,4.96621743528e-06,True,0.0580429353416,True,-0.065991126436,-0.0955205986331,-0.0374776632915,True
1197,59,17,4.06590614617e-07,True,0.054097189308400004,True,-0.0666008064886,-0.09262451007190001,-0.0385273207635,True
1198,59,18,1.4276045628799999e-09,True,0.057031374916,True,-0.0637558526877,-0.0929913121764,-0.0359599372604,True
1199,59,19,0.011902298910299999,True,0.0576342113463,True,-0.0690952763436,-0.09852285092140001,-0.040888639575199996,True
1200,60,0,23.830953718099998,False,0.142522848609,False,-0.0305087471146,-0.100793985189,0.0417288634206,False
1201,60,1,29.1805753704,False,0.102984315595,False,-0.026851191329900003,-0.0766582030275,0.0263261125675,False
1202,60,2,4.52203829421,False,0.0865052202298,False,-0.0501892081993,-0.0945346172615,-0.00802939703166,True
1203,60,3,9.456578240739999,False,0.0805795121559,False,-0.0396811297566,-0.0805072536267,7.22585292365e-05,False
1204,60,4,16.7588496704,False,0.0758135178313,True,-0.031800120287,-0.0714770448633,0.00433647296803,False
1205,60,5,14.3304961148,False,0.0694344276798,True,-0.0318153917478,-0.0668013085355,0.0026331191443100003,False
1206,60,6,37.7432143412,False,0.06564626873599999,True,-0.0199440984894,-0.0529516296527,0.0126946390833,False
1207,60,7,24.3721549964,False,0.0629626955031,True,-0.02486788174,-0.0564304368181,0.00653225868504,False
1208,60,8,14.6904861269,False,0.0630103713812,True,-0.030063124818199997,-0.0633709510107,-0.00036057962956800003,True
1209,60,9,17.913070342,False,0.0608459844796,True,-0.027442973160000002,-0.058448788072600004,0.00239719640694,False
1210,60,10,27.2668810796,False,0.060171684347599994,True,-0.0238416210152,-0.05250532648490001,0.007666357862770001,False
1211,60,11,17.361586256,False,0.0603183465575,True,-0.0274622464203,-0.0588876157656,0.00143073079188,False
1212,60,12,33.1609125275,False,0.0603818519087,True,-0.0216610517373,-0.05246867583459999,0.00791317607411,False
1213,60,13,30.5964842137,False,0.0583086601151,True,-0.021120796980499998,-0.049315279627400004,0.008993380487690002,False
1214,60,14,11.8945578998,False,0.05743000460850001,True,-0.030444471073699998,-0.057646002945,-0.00021599833652200003,True
1215,60,15,16.620426570899998,False,0.0579735830562,True,-0.0269182048424,-0.0562130477585,0.0017605352977,False
1216,60,16,28.6005755825,False,0.0576506031456,True,-0.021684962525,-0.0510698333734,0.00658076977221,False
1217,60,17,23.447545366999996,False,0.056459435921,True,-0.0241081223068,-0.051652195227699996,0.00480724069334,False
1218,60,18,10.4094685534,False,0.0573631249903,True,-0.0303554485511,-0.0588857748154,-0.00152264982512,True
1219,60,19,8.6044148954,False,0.055376477251000006,True,-0.030603834654599996,-0.058048346621900004,-0.0026718693709000003,True
1220,61,0,2.86833739774,False,0.140087555619,False,-0.0814270505688,-0.153646428099,-0.013558872479700002,True
1221,61,1,6.409336352050001e-08,True,0.105181485191,False,-0.11739236179700001,-0.171383427639,-0.066201942448,True
1222,61,2,8.42977251927e-06,True,0.08958488713719999,False,-0.09761268418639998,-0.140524993752,-0.050940106615300004,True
1223,61,3,0.0255531892613,True,0.0801223472326,False,-0.08914716847889999,-0.129596458384,-0.0494741111516,True
1224,61,4,0.0346503527354,True,0.073602575788,True,-0.0849410237509,-0.120817399616,-0.04721482382830001,True
1225,61,5,0.0778217727822,True,0.0690016866017,True,-0.061468129648599996,-0.09592631473260001,-0.0269246281309,True
1226,61,6,0.589675951355,False,0.06640484095390001,True,-0.05329840791680001,-0.0864543469341,-0.020049505980200003,True
1227,61,7,0.843019894816,False,0.0656248776741,True,-0.0548782631586,-0.0868106477197,-0.0211857700456,True
1228,61,8,0.39205665261600003,False,0.0640599984305,True,-0.055410441502900004,-0.08869255442739998,-0.0246325559969,True
1229,61,9,0.230504246463,True,0.060789765512699996,True,-0.054834947229,-0.0850020641144,-0.0242122986018,True
1230,61,10,0.49833760928099996,False,0.0621178196407,True,-0.0504838133853,-0.08119142388669999,-0.019073604246,True
1231,61,11,1.23912856563,False,0.0593215246189,True,-0.0434746081559,-0.0726763267077,-0.013354802088799998,True
1232,61,12,3.2950495419099997,False,0.0598060371353,True,-0.0402083478076,-0.06872308817919999,-0.00891705104392,True
1233,61,13,3.21225812357,False,0.057450020552000006,True,-0.037228122906499996,-0.0655655798797,-0.00811555932777,True
1234,61,14,2.25147798216,False,0.06057389426,True,-0.041437039789400006,-0.0720516760118,-0.0114777817518,True
1235,61,15,0.846835548794,False,0.0552264620481,True,-0.0427686153934,-0.06983806852010001,-0.014611606472,True
1236,61,16,1.06732668719,False,0.05961809298430001,True,-0.0437406370642,-0.07292957590089999,-0.013311482916700002,True
1237,61,17,0.763419248795,False,0.054755807981099996,True,-0.0455549053718,-0.0731176142803,-0.0183618062991,True
1238,61,18,0.769548048131,False,0.05841646861119999,True,-0.0463610086356,-0.0745335328126,-0.0161170642014,True
1239,61,19,0.9230202980050001,False,0.058274209572300006,True,-0.0458639363899,-0.0752678811074,-0.0169936715351,True
1240,62,0,24.5035220229,False,0.14124150773,False,-0.0288622012531,-0.10023824476700001,0.0410032629629,False
1241,62,1,34.6577480399,False,0.108399979548,False,-0.021102406869299997,-0.0768329376715,0.031567041877000004,False
1242,62,2,10.5476334174,False,0.0881199019391,False,-0.0412656744347,-0.0853706924777,0.00274920946138,False
1243,62,3,4.16202842602,False,0.07776502810769999,True,-0.0468833228658,-0.0845078027076,-0.00674277459985,True
1244,62,4,8.06119601516,False,0.0750344005835,True,-0.039178773149800006,-0.0757644007315,-0.0007300001480269999,True
1245,62,5,1.7477037209900002,False,0.0699769640373,True,-0.048214175609,-0.08250714570960001,-0.0125301816723,True
1246,62,6,3.9368407722199996,False,0.06937233690389999,True,-0.042807521472399995,-0.07727307584910001,-0.007900738945180001,True
1247,62,7,3.32923804505,False,0.0649547465178,True,-0.0437007015326,-0.07620653062999999,-0.011251784112200002,True
1248,62,8,0.16138262724400002,True,0.0646735184569,True,-0.0603383044524,-0.08998985955389999,-0.025316341096999997,True
1249,62,9,0.00809748870611,True,0.06266173140980001,True,-0.0620175643107,-0.0954479563229,-0.0327862249131,True
1250,62,10,0.35497148210199997,False,0.0614574580411,True,-0.05281945370109999,-0.0846672753941,-0.023209817352999998,True
1251,62,11,0.08058454799999999,True,0.0601566630448,True,-0.05494360709959999,-0.0858803180247,-0.0257236549799,True
1252,62,12,0.397534899224,False,0.0606058273393,True,-0.0545260744301,-0.08494949831589999,-0.0243436709767,True
1253,62,13,0.0089304463797,True,0.0577496738179,True,-0.05519724599069999,-0.0825797888375,-0.0248301150196,True
1254,62,14,0.00898882706116,True,0.0568616618439,True,-0.0541021528372,-0.08183496112639999,-0.024973299282400004,True
1255,62,15,0.6116341578260001,False,0.0596383279441,True,-0.052909084478900005,-0.08183935405949999,-0.0222010261154,True
1256,62,16,0.135876327815,True,0.0568167372694,True,-0.05373764912619999,-0.0808140217586,-0.023997284489199997,True
1257,62,17,0.0267861861425,True,0.0563941921125,True,-0.052351129117199996,-0.08149003478610001,-0.0250958426736,True
1258,62,18,0.00013445669558800002,True,0.057697034254199996,True,-0.0565111497965,-0.0826593980795,-0.0249623638253,True
1259,62,19,0.00044103819327599996,True,0.05648138329,True,-0.061734691434000004,-0.08927649839510002,-0.0327951151051,True
1260,63,0,0.216806944729,True,0.139535600221,False,-0.111151952237,-0.180356381758,-0.0408207815376,True
1261,63,1,1.8423526717900003,False,0.102226782204,False,-0.07143358203160001,-0.123262108961,-0.0210353267569,True
1262,63,2,5.41332081289,False,0.0895905904091,False,-0.0501291906099,-0.09617073155919999,-0.00658014115017,True
1263,63,3,1.35891928847,False,0.0801765750546,False,-0.058422288382900006,-0.0997225795807,-0.0195460045261,True
1264,63,4,0.367568351541,False,0.0725281281358,True,-0.059894247898000005,-0.0955701396868,-0.023042011551,True
1265,63,5,0.6995432747679999,False,0.0691854891126,True,-0.0600162966889,-0.09330180034779999,-0.0241163112351,True
1266,63,6,0.538744848315,False,0.0668073448094,True,-0.0541130282381,-0.08710526489039999,-0.020297920081,True
1267,63,7,0.8585844787479999,False,0.065931064976,True,-0.0511869434502,-0.08279533042769999,-0.0168642654517,True
1268,63,8,0.756415865126,False,0.06405500237869999,True,-0.057649306414400005,-0.089781929999,-0.0257269276203,True
1269,63,9,0.035300350858400005,True,0.0612697292909,True,-0.0622221234892,-0.09321027437349999,-0.0319405450826,True
1270,63,10,2.11478213013e-07,True,0.0609614467217,True,-0.06833665777959999,-0.09787980974430001,-0.0369183630227,True
1271,63,11,1.25460638261e-05,True,0.0574337558923,True,-0.0690948021568,-0.09842513180870001,-0.0409913759164,True
1272,63,12,0.007175380112569999,True,0.0589922136657,True,-0.0684842013098,-0.0975689937546,-0.0385767800889,True
1273,63,13,0.0556879890555,True,0.0590410498424,True,-0.0630531869665,-0.09352357671839999,-0.0344825268761,True
1274,63,14,0.000158503512648,True,0.056895619786900005,True,-0.0675554060222,-0.0964083511369,-0.0395127313501,True
1275,63,15,1.5872553024600002e-10,True,0.0582240630822,True,-0.0695024038044,-0.10055659033,-0.0423325272476,True
1276,63,16,2.3280412437500002e-15,True,0.057251445780499996,True,-0.06663413803,-0.0958461411287,-0.038594695348199995,True
1277,63,17,8.36115168929e-06,True,0.0557448611175,True,-0.0651862724928,-0.0924677035417,-0.0367228424243,True
1278,63,18,8.2027534619e-12,True,0.05509195986769999,True,-0.06999202069260001,-0.0976893818697,-0.042597422002,True
1279,63,19,4.6876243425299994e-15,True,0.057767754930499994,True,-0.0690408261646,-0.09782090274210001,-0.0400531478116,True
1280,64,0,9.048291436989999,False,0.143394527643,False,-0.059792913718300006,-0.132371715888,0.0110228117547,False
1281,64,1,1.3903259396,False,0.103976496319,False,-0.072430539857,-0.123407993378,-0.019431497058700002,True
1282,64,2,0.05243429739080001,True,0.0913742021618,False,-0.086547275102,-0.130291256158,-0.038917053996099994,True
1283,64,3,0.691947424029,False,0.08001179873110001,False,-0.0605379721406,-0.100796692622,-0.020784893891099998,True
1284,64,4,0.0871527804516,True,0.0752462776367,True,-0.0731336951408,-0.11101361279899999,-0.0357673351627,True
1285,64,5,0.07727433972919999,True,0.068972723161,True,-0.0741447233878,-0.109065515436,-0.0400927922752,True
1286,64,6,0.0316021359,True,0.0670845692026,True,-0.0750057908512,-0.108327253504,-0.0412426843009,True
1287,64,7,7.7486931151e-10,True,0.0642875762692,True,-0.08192351341810002,-0.113385434417,-0.04909785814809999,True
1288,64,8,1.17875644456e-08,True,0.0632911001959,True,-0.0777880750426,-0.108700584217,-0.0454094840213,True
1289,64,9,1.9920779503399998e-11,True,0.0614938199317,True,-0.0751552406686,-0.106124233906,-0.044630413974099996,True
1290,64,10,5.586065358010001e-11,True,0.060383592930899996,True,-0.069164768657,-0.0993218216561,-0.038938228725199996,True
1291,64,11,3.27445659819e-14,True,0.0608112267523,True,-0.07641588738189999,-0.10675190701300001,-0.0459406802609,True
1292,64,12,2.7328001524599997e-34,True,0.0581583237608,True,-0.08125915055810001,-0.109930062422,-0.0517717386615,True
1293,64,13,7.09161879942e-06,True,0.0621955389599,True,-0.0717577223934,-0.10341465745200001,-0.041219118492199995,True
1294,64,14,9.17967139718e-19,True,0.0582751739525,True,-0.0726085619438,-0.101488699994,-0.043213526041400004,True
1295,64,15,1.02864302555e-06,True,0.0562306081712,True,-0.0723090284008,-0.098395762951,-0.0421651547798,True
1296,64,16,1.7620989829500001e-15,True,0.058513427292800006,True,-0.0775257846347,-0.10706689588300002,-0.04855346859069999,True
1297,64,17,4.295929015699999e-25,True,0.05397729100430001,True,-0.0750475795327,-0.101132704448,-0.047155413443800004,True
1298,64,18,4.16415008621e-07,True,0.0569986805272,True,-0.07720481399239999,-0.10493656575200001,-0.047937885224699994,True
1299,64,19,1.22693617845e-30,True,0.0552032073659,True,-0.08135126856380001,-0.10783154339199999,-0.052628336025800006,True
1300,65,0,34.4868153894,False,0.136638605596,False,-0.00102458806749,-0.0693767103348,0.0672618952614,False
1301,65,1,12.681491530699999,False,0.10147306514,False,-0.04341691763169999,-0.0962468438675,0.0052262212722700005,False
1302,65,2,14.161174828800002,False,0.0887423578553,False,-0.0384265796595,-0.0857187782195,0.0030235796358699996,False
1303,65,3,13.9968756661,False,0.0788475598574,True,-0.035154235469400004,-0.0737442175514,0.00510334230604,False
1304,65,4,23.6729950761,False,0.0741301386352,True,-0.0284740770402,-0.0640781441199,0.0100519945153,False
1305,65,5,40.492818297199996,False,0.0708506223861,True,-0.0184615905492,-0.0525061375606,0.0183444848256,False
1306,65,6,18.1641581679,False,0.06920444027919999,True,-0.029749860654500002,-0.0638894932024,0.00531494707681,False
1307,65,7,13.0435244687,False,0.0632388182347,True,-0.031972523047599996,-0.06435213185949999,-0.00111331362483,True
1308,65,8,10.870797004000002,False,0.062175412164300004,True,-0.032105489333599996,-0.0629718136256,-0.000796401461316,True
1309,65,9,6.50782732322,False,0.061667396962699995,True,-0.0354561795412,-0.0647028107405,-0.00303541377777,True
1310,65,10,1.51345857248,False,0.0581610613263,True,-0.0427998710618,-0.0730825783145,-0.0149215169882,True
1311,65,11,7.574136004430001,False,0.059517461243199996,True,-0.0335437787793,-0.0642857333354,-0.00476827209216,True
1312,65,12,20.8258273168,False,0.0621209463759,True,-0.026897490434,-0.060436459721699996,0.0016844866542100002,False
1313,65,13,29.253836961799998,False,0.0599292875694,True,-0.0213027457331,-0.0502142787627,0.009715008806700001,False
1314,65,14,51.790079255600006,False,0.058152200561600004,True,-0.014800730440200001,-0.044132553034199995,0.0140196475275,False
1315,65,15,64.0358093354,False,0.0598125859889,True,-0.009904535242540001,-0.0398960045163,0.019916581472599997,False
1316,65,16,61.790135379700004,False,0.0571260933646,True,-0.011426678899299998,-0.0407608061477,0.0163652872169,False
1317,65,17,63.5327404966,False,0.05658906863609999,True,-0.010552460218799999,-0.0381946232222,0.0183944454139,False
1318,65,18,40.0413590793,False,0.0565500999981,True,-0.0178862931632,-0.046413896447599995,0.010136203550600001,False
1319,65,19,18.6071338394,False,0.0564542475034,True,-0.0254606347034,-0.053368587161699996,0.00308566034177,False
1320,66,0,29.661419679899996,False,0.139450298553,False,-0.016950369247900002,-0.0892936413132,0.0501566572401,False
1321,66,1,43.600050412200005,False,0.10453688222100001,False,0.005767418993280001,-0.04410141504369999,0.060435467177800004,False
1322,66,2,48.053344693,False,0.0921242942452,False,-0.0101792365784,-0.054052231031800006,0.0380720632134,False
1323,66,3,23.2933164456,False,0.07831844621180001,True,-0.0273981433913,-0.0680257978163,0.0102926483956,False
1324,66,4,39.102815784,False,0.0735698243244,True,-0.020624661578099997,-0.0583719162331,0.0151979080913,False
1325,66,5,28.3665731184,False,0.0713430027493,True,-0.024692091631,-0.061471997890400004,0.00987100485888,False
1326,66,6,16.2335110794,False,0.0675421713279,True,-0.0303375866348,-0.0664075044756,0.0011346668523199998,False
1327,66,7,18.0978969684,False,0.0652467184029,True,-0.0295296161944,-0.059718279965900005,0.0055284384370099995,False
1328,66,8,4.82682405834,False,0.0633290313989,True,-0.039590351585199995,-0.0712072648527,-0.00787823345386,True
1329,66,9,7.969886612200001,False,0.061751418485500004,True,-0.0357222872914,-0.0640569745774,-0.00230555609194,True
1330,66,10,1.5971567147999999,False,0.0601415885606,True,-0.043872150855099996,-0.0743896494784,-0.014248060917799999,True
1331,66,11,0.8697923462530001,False,0.0595252578868,True,-0.0443332607219,-0.0759227498631,-0.0163974919763,True
1332,66,12,0.880770463408,False,0.058868269273800004,True,-0.0445769649459,-0.07390164749419999,-0.0150333782204,True
1333,66,13,2.89101061396,False,0.0583730316294,True,-0.040553167385699994,-0.0710032503857,-0.012630218756299999,True
1334,66,14,3.1590400550599997,False,0.0561534918299,True,-0.0376815564032,-0.0651818084471,-0.00902831661711,True
1335,66,15,2.6596093061,False,0.056926801294599996,True,-0.037910009037,-0.0667799251313,-0.009853123836709998,True
1336,66,16,2.678861849,False,0.0570677463287,True,-0.041803705383900006,-0.07115276867430001,-0.0140850223457,True
1337,66,17,0.795700347902,False,0.0572710746385,True,-0.04619997042500001,-0.0750978549552,-0.017826780316700003,True
1338,66,18,0.71703538177,False,0.0541819581497,True,-0.0430573072932,-0.0702494826254,-0.0160675244757,True
1339,66,19,0.204704919648,True,0.055407744476,True,-0.04702743463930001,-0.07562677625789999,-0.0202190317819,True
1340,67,0,32.1560264692,False,0.139495454377,False,-0.011903906607,-0.080787612283,0.058707842093699995,False
1341,67,1,19.4092979923,False,0.103844234506,False,-0.0355207523229,-0.0873596258223,0.016484608684,False
1342,67,2,31.9257509703,False,0.086949161809,False,-0.0241250547321,-0.06380748691,0.023141674899,False
1343,67,3,10.7053823953,False,0.0775923361554,True,-0.038436806387800004,-0.0779698840478,-0.000377547892426,True
1344,67,4,11.046337911300002,False,0.0708119868967,True,-0.035361425264400004,-0.0693307114545,0.0014812754422499999,False
1345,67,5,23.080201819499997,False,0.0714186696528,True,-0.026441790982499998,-0.064161078001,0.007257591651859999,False
1346,67,6,18.7774056364,False,0.0674610434229,True,-0.0279930438352,-0.0596346542347,0.00782638918822,False
1347,67,7,10.7054311507,False,0.0655539116787,True,-0.033836607768700004,-0.0640535215227,0.00150039015606,False
1348,67,8,1.7722442938299998,False,0.0612885041318,True,-0.04356424685319999,-0.0741568300651,-0.0128683259334,True
1349,67,9,6.079578566,False,0.0597908383293,True,-0.0350266623397,-0.0644329752203,-0.00464213689101,True
1350,67,10,5.340270937130001,False,0.0597868922221,True,-0.036041795297500005,-0.0675889350519,-0.007802042829840001,True
1351,67,11,1.172540643,False,0.0608874919778,True,-0.0451129850354,-0.0764069335407,-0.015519441562900001,True
1352,67,12,1.52492675574,False,0.058397381422199995,True,-0.043465385962199996,-0.07107976439399999,-0.0126823829718,True
1353,67,13,0.349200816644,False,0.05948444565,True,-0.0505770950858,-0.0792094043602,-0.0197249587103,True
1354,67,14,0.147392173132,True,0.0576517249775,True,-0.053320109714900005,-0.0809796987837,-0.0233279738062,True
1355,67,15,0.00385581190544,True,0.0563088494501,True,-0.0505866833211,-0.07903661767510001,-0.022727768224999997,True
1356,67,16,0.100868639453,True,0.0549552201011,True,-0.058611868987800006,-0.0861687615765,-0.031213541475499998,True
1357,67,17,2.91265298884e-09,True,0.059197278507199996,True,-0.06918195317689999,-0.097333398269,-0.0381361197618,True
1358,67,18,0.00036825122336699997,True,0.0573149992533,True,-0.0684653811803,-0.09662218617080001,-0.039307186917400004,True
1359,67,19,1.35686189358e-17,True,0.0554224027153,True,-0.0716096395945,-0.09829392863980001,-0.0428715259246,True
1360,68,0,10.7987855747,False,0.14131828635399998,False,-0.05640653654490001,-0.124661301433,0.0166569849211,False
1361,68,1,8.40478530969,False,0.10742769412,False,-0.051296189848999994,-0.10715545934800001,0.00027223477192400003,False
1362,68,2,25.5330247057,False,0.093530963026,False,-0.028007277537599996,-0.0728814926158,0.020649470410200002,False
1363,68,3,17.242603938,False,0.0800968423993,False,-0.0329560162884,-0.07318928543,0.00690755696933,False
1364,68,4,6.006866252669999,False,0.07305054247119999,True,-0.042147866561,-0.0787897458863,-0.00573920341506,True
1365,68,5,14.8919207944,False,0.07062949954089999,True,-0.032014672,-0.0653385304896,0.00529096905135,False
1366,68,6,35.93349799,False,0.0680772180298,True,-0.0216374076885,-0.054386739769800005,0.01369047826,False
1367,68,7,23.1538620432,False,0.0656258894877,True,-0.0249378725998,-0.057703469840699996,0.00792241964704,False
1368,68,8,12.8977665317,False,0.06106622603490001,True,-0.0306592251792,-0.0607924097737,0.00027381626127999994,False
1369,68,9,19.8067271625,False,0.0630616408299,True,-0.0270664689189,-0.0594099657729,0.0036516750569899996,False
1370,68,10,3.6910416209199997,False,0.0608533483752,True,-0.040767012932199996,-0.07096824596989999,-0.0101148975947,True
1371,68,11,2.15015248847,False,0.0629155801235,True,-0.0452562999261,-0.07470140544619999,-0.0117858253227,True
1372,68,12,1.40508930743,False,0.059347115786499996,True,-0.044128492929499996,-0.0728037822051,-0.0134566664187,True
1373,68,13,1.70044935372,False,0.0594958477321,True,-0.0446129500942,-0.0733783150187,-0.0138824672865,True
1374,68,14,0.606037986458,False,0.0583264269599,True,-0.0524686934559,-0.08196716128010001,-0.023640734320200002,True
1375,68,15,0.335115477791,False,0.0558069721426,True,-0.051794999994,-0.0796610096995,-0.0238540375569,True
1376,68,16,0.37162458093500006,False,0.057022350275,True,-0.0506952978779,-0.0788222673415,-0.021799917066500002,True
1377,68,17,0.336734301187,False,0.0556029842997,True,-0.0497219947968,-0.0773316030148,-0.0217286187152,True
1378,68,18,0.014502308066700002,True,0.0566336428579,True,-0.055442266312699995,-0.08469806502139998,-0.0280644221636,True
1379,68,19,0.050604348943099994,True,0.055428194086499995,True,-0.054477441082499994,-0.08191334274880001,-0.026485148662400003,True
1380,69,0,25.681208598,False,0.138899930203,False,-0.0293175119015,-0.10179553829099999,0.037104391911800004,False
1381,69,1,6.54402458292,False,0.10089814053400001,False,-0.0501050825141,-0.100350984122,0.000547156411962,False
1382,69,2,1.98849137813,False,0.0882104610545,False,-0.059651434107300005,-0.105016442256,-0.016805981201200002,True
1383,69,3,2.3077415546099997,False,0.08071341824969999,False,-0.053660044036800005,-0.0925958648291,-0.0118824465794,True
1384,69,4,1.3934341564100001,False,0.070884688168,True,-0.05259458666899999,-0.08697458396010001,-0.0160898957921,True
1385,69,5,0.635511035465,False,0.06841901740629999,True,-0.057685685321800004,-0.093449852657,-0.0250308352507,True
1386,69,6,0.348950469471,False,0.066451401208,True,-0.056883790546000006,-0.0916653611335,-0.0252139599255,True
1387,69,7,0.0212939983633,True,0.0643027533774,True,-0.0576308483722,-0.08975492444389999,-0.0254521710665,True
1388,69,8,0.06777405834559999,True,0.0630361659417,True,-0.0622645568621,-0.0945911799801,-0.031555014038400005,True
1389,69,9,0.00536975438252,True,0.0639294183509,True,-0.0647929214875,-0.09766975264149999,-0.033740334290499996,True
1390,69,10,4.19457782232e-11,True,0.0590465017445,True,-0.07218035146099999,-0.102210524057,-0.043164022312699994,True
1391,69,11,3.63241107803e-08,True,0.059354297730099995,True,-0.0646132323402,-0.0929287281801,-0.03357443045,True
1392,69,12,0.0385094878857,True,0.057186249787599994,True,-0.0613293219451,-0.08953902408060001,-0.032352774293,True
1393,69,13,0.0128901232837,True,0.059032126558400004,True,-0.0540293269269,-0.083117409288,-0.024085282729599998,True
1394,69,14,0.161948680973,True,0.0586272002624,True,-0.0516222543965,-0.08232944950189999,-0.0237022492395,True
1395,69,15,0.0007070117867929999,True,0.0582811961448,True,-0.057850842425499996,-0.0872311569838,-0.028949960838900005,True
1396,69,16,0.026719538222400002,True,0.0574269640424,True,-0.0570556515273,-0.0869677902118,-0.0295408261694,True
1397,69,17,0.057767943203,True,0.058281405778,True,-0.057915561190099996,-0.08776953559900001,-0.0294881298209,True
1398,69,18,0.00321376526235,True,0.0557212838949,True,-0.0532608016592,-0.08147914332589999,-0.0257578594309,True
1399,69,19,0.517511739667,False,0.0563843598669,True,-0.0529104522401,-0.080712876689,-0.024328516822099997,True
1400,70,0,30.5612972182,False,0.140510202959,False,-0.013577133440300001,-0.0837767049989,0.05673349796019999,False
1401,70,1,44.9342210145,False,0.105223049125,False,0.00893486036696,-0.0467723642981,0.0584506848271,False
1402,70,2,20.8794449458,False,0.0858631640394,False,-0.0311783820597,-0.0725322720975,0.013330891942,False
1403,70,3,22.6805328496,False,0.0816888862797,False,-0.0284301092818,-0.06990181460310001,0.0117870716766,False
1404,70,4,6.09212354642,False,0.0731696971822,True,-0.0427525949077,-0.0781440211296,-0.00497432394734,True
1405,70,5,1.5126871184000001,False,0.07135784338239999,True,-0.0517901408142,-0.0873439675196,-0.0159861241371,True
1406,70,6,6.41063033839,False,0.0661459725019,True,-0.038359483315,-0.0723485622509,-0.00620258974904,True
1407,70,7,9.96175171497,False,0.0660351990528,True,-0.0351807267638,-0.06689440633100001,-0.000859207278231,True
1408,70,8,4.94447105201,False,0.06283026872150001,True,-0.038629328253300003,-0.0687476182346,-0.00591734951317,True
1409,70,9,3.04219185329,False,0.0621203991191,True,-0.04145320824919999,-0.0725205316901,-0.010400132571,True
1410,70,10,20.8683388037,False,0.0604402217238,True,-0.026720664959400002,-0.05723941006680001,0.0032008116570300003,False
1411,70,11,22.559278592800002,False,0.0608914112716,True,-0.025522946732700003,-0.0550409691823,0.00585044208927,False
1412,70,12,30.4991994508,False,0.057247729983400004,True,-0.0220499025294,-0.0511327266113,0.0061150033720399994,False
1413,70,13,31.4997197415,False,0.0580343153511,True,-0.0213265523402,-0.052314070291099996,0.005720245059979999,False
1414,70,14,19.121904657400002,False,0.0609802177974,True,-0.026103327662200002,-0.0564947863751,0.004485431422330001,False
1415,70,15,13.1615981142,False,0.0564922396505,True,-0.028297930282000002,-0.0558594563994,0.0006327832511069999,False
1416,70,16,15.692358945,False,0.0574355348937,True,-0.0276387055293,-0.0569003016586,0.000535233235092,False
1417,70,17,12.733682072999999,False,0.057027764584300006,True,-0.0282400141358,-0.0586499832039,-0.00162221861956,True
1418,70,18,5.583343033969999,False,0.055605792878800006,True,-0.033734759307,-0.060640474806500005,-0.005034681927789999,True
1419,70,19,1.9785325470700001,False,0.056238787226300005,True,-0.0405165166366,-0.068549100282,-0.0123103130556,True
1420,71,0,33.302177916,False,0.141240250317,False,-0.0013304099104600002,-0.06914481844610001,0.0720954318708,False
1421,71,1,45.580055243900006,False,0.104107163497,False,0.000236612544091,-0.052040237453300005,0.052066926043499995,False
1422,71,2,40.541846170700005,False,0.08729459730979999,False,-0.0173581204252,-0.0623541613004,0.0249404360094,False
1423,71,3,48.2830863615,False,0.0805205315241,False,-0.011702849274,-0.053589386276900006,0.0269311452472,False
1424,71,4,27.7558740915,False,0.07157665942439999,True,-0.0255502645107,-0.0631809913453,0.00839566807908,False
1425,71,5,5.4541403740900005,False,0.0701185057352,True,-0.042096326029699996,-0.0759281328509,-0.00580962711576,True
1426,71,6,2.60854858721,False,0.0666815435738,True,-0.0447356707185,-0.078708206624,-0.0120266630502,True
1427,71,7,0.854676121726,False,0.06640237050969999,True,-0.052656335351,-0.0871828368912,-0.0207804663815,True
1428,71,8,0.00145461850874,True,0.0636595875639,True,-0.058510328973,-0.09071321772230001,-0.0270536301584,True
1429,71,9,0.0523956207652,True,0.0636170538601,True,-0.061067311038499994,-0.0920867931203,-0.028469739260299998,True
1430,71,10,0.0768265017865,True,0.060925283896099997,True,-0.05459204900640001,-0.08480911722010001,-0.023883833324,True
1431,71,11,0.061516522618399995,True,0.0593061964391,True,-0.051600569655099994,-0.08067443259039998,-0.0213682361513,True
1432,71,12,0.152533806741,True,0.0584445261316,True,-0.051571223775199994,-0.0819802925607,-0.023535766429099998,True
1433,71,13,0.00102504861449,True,0.0582338178121,True,-0.0597885149273,-0.0893592369806,-0.0311254191684,True
1434,71,14,0.318522388981,True,0.0586330968233,True,-0.0495427633738,-0.0773874403515,-0.0187543435282,True
1435,71,15,0.13813607459799998,True,0.0573914575766,True,-0.0517679582301,-0.0795335999947,-0.0221421424181,True
1436,71,16,0.773123022189,False,0.0577148357726,True,-0.04723461775380001,-0.0758816755451,-0.0181668397726,True
1437,71,17,0.76161436273,False,0.0553475650656,True,-0.046333185783599996,-0.07379771916130001,-0.0184501540957,True
1438,71,18,0.0639271550081,True,0.055392437469100005,True,-0.0526089247121,-0.0805954993895,-0.0252030619204,True
1439,71,19,0.0457360890852,True,0.0563763965902,True,-0.053934181722800005,-0.0834548306012,-0.027078434010999998,True
1440,72,0,9.13457877553,False,0.144289347297,False,-0.0605283720011,-0.133407703909,0.010881643387599999,False
1441,72,1,5.765317835499999,False,0.103996307452,False,-0.0533877063463,-0.107176491084,-0.0031801836317199997,True
1442,72,2,11.101243650699999,False,0.08903215325580001,False,-0.041800280902400004,-0.0857891490229,0.00324300423288,False
1443,72,3,1.15929056302,False,0.07983240818819999,True,-0.0585678435565,-0.09938281987,-0.019550411681800002,True
1444,72,4,0.650730400656,False,0.07247857882289999,True,-0.0559938230184,-0.09310770242529999,-0.0206291236024,True
1445,72,5,0.918330733644,False,0.0694553082257,True,-0.05036380642490001,-0.0860285790462,-0.016573270820500002,True
1446,72,6,3.2086732273400003,False,0.0673383462836,True,-0.04447528039919999,-0.0777461452867,-0.0104077990031,True
1447,72,7,1.5905330557799997,False,0.0625966610216,True,-0.0464271808985,-0.0787365933717,-0.0161399323501,True
1448,72,8,0.626770945392,False,0.0630372518189,True,-0.053569895476199995,-0.08362885888439998,-0.0205916070655,True
1449,72,9,0.101997914563,True,0.060867182438599995,True,-0.059364431639199994,-0.091216083853,-0.030348901414400005,True
1450,72,10,0.0041714224925,True,0.060375540111600005,True,-0.0606784771789,-0.09179617964839999,-0.0314206395368,True
1451,72,11,0.0413651650629,True,0.0601845527805,True,-0.064213571609,-0.0943803427635,-0.034195789983,True
1452,72,12,5.53996591635e-07,True,0.0612824920913,True,-0.0683902618198,-0.0983522863229,-0.0370697942316,True
1453,72,13,4.4429608655900006e-10,True,0.057579020501800006,True,-0.0677684585066,-0.09618649932589998,-0.038607478824199994,True
1454,72,14,9.97311923293e-16,True,0.05645853720459999,True,-0.069765764725,-0.0967233407205,-0.0402648035159,True
1455,72,15,5.891901459869999e-14,True,0.05629193125990001,True,-0.0728319058246,-0.102240149625,-0.0459482183647,True
1456,72,16,5.3989729254499994e-18,True,0.0573119191352,True,-0.0751504811238,-0.104112504787,-0.04680058565169999,True
1457,72,17,1.91052499648e-29,True,0.055956109522199995,True,-0.0777598003021,-0.106356969289,-0.0504008597671,True
1458,72,18,9.770223976519998e-32,True,0.05681962748819999,True,-0.0804857756785,-0.109013175597,-0.052193548108900006,True
1459,72,19,1.93397936773e-22,True,0.056151960395099995,True,-0.0744779434051,-0.102424738189,-0.046272777793699996,True
1460,73,0,26.7671794127,False,0.138143848277,False,-0.0234835076829,-0.0907412921477,0.0474025561288,False
1461,73,1,4.9850506261000005,False,0.10535340936899999,False,-0.055733211888499994,-0.111408019122,-0.0060546097532099994,True
1462,73,2,8.35117880273,False,0.08831296844910001,False,-0.04337650795819999,-0.08959960877530002,-0.00128664032619,True
1463,73,3,0.73352452069,False,0.08269396756360001,False,-0.0651244409137,-0.106178796817,-0.023484829252999998,True
1464,73,4,1.0378100538500001,False,0.07670772963229999,True,-0.056924892720300005,-0.09515788012880001,-0.0184501504965,True
1465,73,5,2.06959174421,False,0.0704635908335,True,-0.04921802737,-0.0857616987634,-0.015298107929899999,True
1466,73,6,1.56436385852,False,0.0668383322718,True,-0.0467001447597,-0.07997963682039999,-0.0131413045486,True
1467,73,7,0.33524275859200003,False,0.06415146646099999,True,-0.0553000504787,-0.08787172736130001,-0.0237202609003,True
1468,73,8,0.132438586667,True,0.0612112372356,True,-0.0550268021251,-0.08659668725160001,-0.025385450016,True
1469,73,9,0.09129137506860001,True,0.061799950405699994,True,-0.05537339369,-0.08453247896789999,-0.0227325285622,True
1470,73,10,0.21101672698499999,True,0.060772319433500005,True,-0.05500850053669999,-0.0851594802258,-0.024387160792299998,True
1471,73,11,0.374233559607,False,0.0603148786929,True,-0.053041995556,-0.0831723727068,-0.0228574940139,True
1472,73,12,0.0005434423047690001,True,0.0578763083799,True,-0.0634898744559,-0.09151758684389999,-0.033641278464,True
1473,73,13,0.0591977406651,True,0.0584806201181,True,-0.056029341827600006,-0.0863206333357,-0.027840013217599997,True
1474,73,14,0.027234619682800002,True,0.060379499878599995,True,-0.057548825280499996,-0.08725661929780001,-0.026877119419200002,True
1475,73,15,0.00305323992277,True,0.0584228923322,True,-0.056534246160900005,-0.0871495584688,-0.028726666136599997,True
1476,73,16,4.8672452348800004e-17,True,0.056866547483999996,True,-0.066997118957,-0.0943396138773,-0.0374730663934,True
1477,73,17,6.30772401927e-06,True,0.05703587745469999,True,-0.0640220779655,-0.09456085008960001,-0.0375249726348,True
1478,73,18,0.00482468578613,True,0.0559384215824,True,-0.0700960753345,-0.09971361434969998,-0.0437751927673,True
1479,73,19,0.00019307708500799998,True,0.0590054647864,True,-0.06496844264639999,-0.0942290221497,-0.035223557363300004,True
1480,74,0,36.5897865664,False,0.13380795763599998,False,-0.0017940986588699998,-0.0706562601327,0.06315169750300001,False
1481,74,1,41.4565620312,False,0.10426819618699999,False,-0.009195730211280001,-0.0586748878819,0.0455933083051,False
1482,74,2,50.985522592799995,False,0.08847844316569999,False,0.00695735391421,-0.038513036683400004,0.0499654064822,False
1483,74,3,59.8386275911,False,0.0783704253528,True,0.0034122645386100003,-0.0334365203951,0.0449339049577,False
1484,74,4,34.184541492,False,0.07594232579789999,True,-0.0210009839389,-0.05816786153419999,0.0177744642637,False
1485,74,5,45.102651826400006,False,0.0670599446842,True,-0.0162045770316,-0.0520584608254,0.015001483858700001,False
1486,74,6,72.865691462,False,0.068599542383,True,-0.00388181537533,-0.0391384572266,0.029461085156400002,False
1487,74,7,36.9763601746,False,0.063953010777,True,-0.021139915069400002,-0.051453034210400005,0.0124999765666,False
1488,74,8,29.341947294,False,0.0625352248852,True,-0.0221122616642,-0.0533412717411,0.00919395314406,False
1489,74,9,12.556941898800002,False,0.06076515845409999,True,-0.031595872110099996,-0.061509091068900006,-0.0007439326148069999,True
1490,74,10,4.378316172790001,False,0.0618399466407,True,-0.037830108573300006,-0.0690348729967,-0.00719492635595,True
1491,74,11,2.97686143793,False,0.0610638085341,True,-0.0413782821266,-0.07359294314239999,-0.0125291346083,True
1492,74,12,1.7819582548400004,False,0.0602562635566,True,-0.042668568453599995,-0.070560988882,-0.0103047253255,True
1493,74,13,0.539109902213,False,0.05847623510719999,True,-0.0488645670284,-0.0803308962777,-0.0218546611705,True
1494,74,14,0.336053753712,False,0.0586540162724,True,-0.05055644139169999,-0.0792424584682,-0.0205884421959,True
1495,74,15,0.0047653688875400006,True,0.0579028935036,True,-0.058985011138000004,-0.0874214238656,-0.0295185303621,True
1496,74,16,0.00214851054702,True,0.0553165253153,True,-0.053657724130100004,-0.0810893799937,-0.0257728546784,True
1497,74,17,0.117120093888,True,0.057763229314099995,True,-0.052927936198899996,-0.0823587020486,-0.024595472734500003,True
1498,74,18,0.0029262699961900003,True,0.056495838583199995,True,-0.053891459875499995,-0.0840912716498,-0.027595433066500002,True
1499,74,19,0.0005003967584840001,True,0.054394043196,True,-0.058033872633800006,-0.08440792994850001,-0.030013886752400003,True
1500,75,0,0.805278742536,False,0.140724999607,False,-0.09623293100500001,-0.166654183554,-0.0259291839477,True
1501,75,1,2.24456130149,False,0.102508687773,False,-0.068935314144,-0.120709291194,-0.0182006034214,True
1502,75,2,2.6089607849000003,False,0.08774187913249999,False,-0.0564011132044,-0.09849753762980001,-0.0107556584973,True
1503,75,3,1.16169725088,False,0.0790257857245,True,-0.05559153011469999,-0.0945611903487,-0.0155354046242,True
1504,75,4,1.28848377424,False,0.0727398408021,True,-0.0529196003569,-0.08882988451749999,-0.016090043715399998,True
1505,75,5,0.637602592865,False,0.0682695212361,True,-0.0544388030628,-0.0907288671009,-0.0224593458648,True
1506,75,6,0.28241738831700003,True,0.0653744232675,True,-0.0566218826332,-0.0882738639882,-0.022899440720700003,True
1507,75,7,0.00630120192661,True,0.0630530230356,True,-0.0688701917722,-0.100973807355,-0.0379207843193,True
1508,75,8,8.44892282609e-09,True,0.06170296760340001,True,-0.0699134394616,-0.102591737019,-0.0408887694157,True
1509,75,9,2.42377022136e-05,True,0.065141081692,True,-0.0697075981203,-0.100177824137,-0.035036742445,True
1510,75,10,1.5600227316900001e-18,True,0.059353493853000004,True,-0.07831649116289999,-0.107409519466,-0.04805602561340001,True
1511,75,11,7.678652672469999e-13,True,0.061165917959400004,True,-0.073838531015,-0.10559948849199999,-0.044433570532099995,True
1512,75,12,4.83399681003e-06,True,0.059851262266100005,True,-0.0720518573338,-0.103760333229,-0.043909070963300004,True
1513,75,13,2.00637104107e-08,True,0.0598088227823,True,-0.0701799601662,-0.0984459646795,-0.0386371418971,True
1514,75,14,4.56444369399e-06,True,0.056976230228000004,True,-0.0736194905683,-0.103273538737,-0.0462973085089,True
1515,75,15,4.5319653912200004e-15,True,0.0588313313651,True,-0.074132521539,-0.103341094498,-0.0445097631328,True
1516,75,16,2.4648985911e-07,True,0.056157786042,True,-0.0626872971316,-0.09117601905190001,-0.035018233010000004,True
1517,75,17,0.00150203297674,True,0.057468318631800006,True,-0.0575327968956,-0.0859827142492,-0.0285143956175,True
1518,75,18,2.8652940011500003e-07,True,0.0572243435344,True,-0.0614284305456,-0.09134629316569999,-0.0341219496312,True
1519,75,19,0.268799880929,True,0.0549914476148,True,-0.0614647596567,-0.0890432386875,-0.0340517910728,True
1520,76,0,2.50780655766,False,0.144252518189,False,-0.08833772275360001,-0.160157918037,-0.015905399847799997,True
1521,76,1,2.40318648439,False,0.10178170836000001,False,-0.0664141691306,-0.117606905386,-0.0158251970256,True
1522,76,2,1.60013555567,False,0.0887783064795,False,-0.061916915917499996,-0.106260664297,-0.0174823578179,True
1523,76,3,0.267448149292,True,0.0809237651138,False,-0.0680784026623,-0.10831620288899999,-0.0273924377752,True
1524,76,4,0.0878801496227,True,0.0710376650283,True,-0.07425706626410002,-0.111023661328,-0.0399859962995,True
1525,76,5,1.75085531558e-07,True,0.0679517620038,True,-0.0760478044935,-0.110785078422,-0.0428333164182,True
1526,76,6,0.00898629716134,True,0.0656811757405,True,-0.0753242811498,-0.109631972929,-0.043950797188200004,True
1527,76,7,0.000285397509884,True,0.0641079990878,True,-0.0727282111712,-0.105633657521,-0.0415256584335,True
1528,76,8,0.0180362144794,True,0.061961900184199996,True,-0.07388141385630001,-0.104937816214,-0.04297591603,True
1529,76,9,3.4779371322199996e-21,True,0.060151913177699995,True,-0.08080285171860001,-0.11029966002999998,-0.050147746852400005,True
1530,76,10,9.635198364020001e-15,True,0.0591056903436,True,-0.0846396356833,-0.114518397609,-0.0554127072653,True
1531,76,11,8.45402836654e-12,True,0.059445852555400004,True,-0.07567692159719999,-0.10508148594000001,-0.0456356333849,True
1532,76,12,6.82176670777e-07,True,0.0579470257702,True,-0.070666815858,-0.10012690553999999,-0.0421798797695,True
1533,76,13,1.7099828810299998e-12,True,0.0576039626698,True,-0.07376475773510001,-0.10288728319,-0.0452833205203,True
1534,76,14,1.3084177519299999e-20,True,0.058690879274000005,True,-0.0746833525323,-0.103162364406,-0.0444714851322,True
1535,76,15,1.1723830067899999e-16,True,0.057919484928000003,True,-0.07546619810810001,-0.102977189767,-0.045057704838699995,True
1536,76,16,3.17943501275e-23,True,0.056494889910699994,True,-0.07583819856660001,-0.10239617308,-0.0459012831697,True
1537,76,17,6.20244123174e-17,True,0.0578291643689,True,-0.0771804609948,-0.10525020659800001,-0.0474210422296,True
1538,76,18,1.48172939529e-23,True,0.057397486212800004,True,-0.0825968139519,-0.111070157873,-0.0536726716605,True
1539,76,19,6.74314883671e-38,True,0.0534867235837,True,-0.08199050565600001,-0.109133062302,-0.0556463387185,True
1540,77,0,18.1240400768,False,0.141626238843,False,-0.0427803199396,-0.112888396033,0.0287378428101,False
1541,77,1,22.125197722600003,False,0.103027345928,False,-0.033242120603200004,-0.08457012928009999,0.0184572166483,False
1542,77,2,11.8664275099,False,0.0899988576972,False,-0.0411939449749,-0.0867018886896,0.00329696900755,False
1543,77,3,1.02568310521,False,0.0761102993707,True,-0.0591657137512,-0.0958184035441,-0.019708104173400003,True
1544,77,4,0.252167156221,True,0.0736938142425,True,-0.0595426479605,-0.09515502675010001,-0.021461212507599997,True
1545,77,5,2.9728790596200003,False,0.0692017264105,True,-0.045374955423600004,-0.08014162557910001,-0.010939899168700001,True
1546,77,6,1.06952817409,False,0.0679854596485,True,-0.0505035158648,-0.08609111526760001,-0.0181056556191,True
1547,77,7,0.372428031834,False,0.0655710998692,True,-0.053069948067100005,-0.08652128177179999,-0.0209501819026,True
1548,77,8,0.0104045269252,True,0.0637014184861,True,-0.0634538119212,-0.0942638406879,-0.030562422201799996,True
1549,77,9,0.128100641604,True,0.0614882909287,True,-0.062311728016,-0.09397073589749999,-0.0324824449688,True
1550,77,10,0.08686706591690001,True,0.061197054304,True,-0.0603348254207,-0.0918098480752,-0.0306127937712,True
1551,77,11,0.121599945509,True,0.0612894864772,True,-0.0558702829134,-0.0865451512691,-0.025255664791900004,True
1552,77,12,7.036718267470001e-09,True,0.057898082204300004,True,-0.0661906123642,-0.0932011479772,-0.0353030657729,True
1553,77,13,1.7352907002e-10,True,0.0576193195776,True,-0.0678404208966,-0.09604997121989998,-0.0384306516423,True
1554,77,14,4.4939305493400003e-07,True,0.0571658118594,True,-0.0704987354833,-0.0982022852845,-0.0410364734252,True
1555,77,15,1.87675458233e-15,True,0.0585451666747,True,-0.0715311590702,-0.10174601012199999,-0.043200843447,True
1556,77,16,3.00365578861e-28,True,0.057220270771900006,True,-0.07851994469389999,-0.10663031478900001,-0.0494100440166,True
1557,77,17,2.96366272838e-23,True,0.057818390205100004,True,-0.0806912882414,-0.11063115087099999,-0.052812760666,True
1558,77,18,8.61873560026e-25,True,0.0560348108366,True,-0.0776155204156,-0.10688196537,-0.050847154533000004,True
1559,77,19,1.40860362028e-13,True,0.055520173042099996,True,-0.07276974777810001,-0.100321763782,-0.04480159073969999,True
1560,78,0,2.0787492297599997,False,0.14469679006,False,-0.0899687455935,-0.16159834735200002,-0.016901557291600002,True
1561,78,1,3.61741014173,False,0.10077263948,False,-0.059609417165,-0.113933117616,-0.0131604781362,True
1562,78,2,1.59735192658,False,0.08910743631069999,False,-0.06216621957230001,-0.105722949198,-0.0166155128872,True
1563,78,3,1.63364963931,False,0.0790878253378,True,-0.0567213780573,-0.09444176506310001,-0.0153539397253,True
1564,78,4,1.47693037027,False,0.0731657275225,True,-0.0504890677063,-0.08698103023769999,-0.013815302715200001,True
1565,78,5,0.314998024767,True,0.06912457847410002,True,-0.0592558883627,-0.095075756314,-0.025951177839900003,True
1566,78,6,0.0794122164587,True,0.0686155570589,True,-0.0635080202862,-0.09725806686510001,-0.0286425098062,True
1567,78,7,0.0375012894653,True,0.0658207622613,True,-0.0681163748113,-0.100020948565,-0.034200186304099996,True
1568,78,8,0.22295931401,True,0.0635976487672,True,-0.0666790022418,-0.09821707546219999,-0.0346194266949,True
1569,78,9,6.89091247408e-05,True,0.0609101943508,True,-0.0644014738935,-0.0957141658907,-0.0348039715399,True
1570,78,10,0.185994318256,True,0.061236695597400005,True,-0.0595154603998,-0.0890824352118,-0.0278457396144,True
1571,78,11,0.30222656012,True,0.060587761549500005,True,-0.05489104542280001,-0.0851869839646,-0.0245992224151,True
1572,78,12,0.0651320349175,True,0.0593295151179,True,-0.053962434417,-0.0840040511225,-0.024674536004599998,True
1573,78,13,0.289338822648,True,0.0594757427013,True,-0.055353471015599995,-0.0851582760671,-0.025682533365899998,True
1574,78,14,0.524114642292,False,0.0592870461635,True,-0.0504162558849,-0.0776647003335,-0.01837765417,True
1575,78,15,0.248767042583,True,0.05722542044980001,True,-0.0585457669876,-0.0877966468865,-0.030571226436700003,True
1576,78,16,0.27362336976999996,True,0.058084695057300004,True,-0.0544065037296,-0.08408297836629999,-0.025998283308900003,True
1577,78,17,0.111940133706,True,0.0554476446292,True,-0.0568721304931,-0.08537248444369999,-0.029924839814499997,True
1578,78,18,0.140788848362,True,0.0548434423859,True,-0.052063265757,-0.079035464309,-0.0241920219232,True
1579,78,19,0.162997605705,True,0.0543413282682,True,-0.054775422279199994,-0.08179221030960002,-0.0274508820414,True
1580,79,0,8.627770344530001,False,0.146042417136,False,-0.0617639121409,-0.13911857304000003,0.00692384409595,False
1581,79,1,25.199825154000003,False,0.102009197531,False,-0.029683933906,-0.0810563654832,0.0209528320474,False
1582,79,2,33.6645483991,False,0.0886390633095,False,-0.0218227712971,-0.0678769716991,0.0207620916104,False
1583,79,3,43.5119774429,False,0.0808801960033,False,-0.017306521638599998,-0.057021644696000004,0.023858551307200004,False
1584,79,4,18.051252148,False,0.0751205198793,True,-0.030814412665,-0.0701460546584,0.004974465220850001,False
1585,79,5,6.149184224,False,0.07037042426260001,True,-0.0398909252957,-0.0748585443568,-0.00448812009418,True
1586,79,6,3.5432978608899997,False,0.0673203078711,True,-0.042118156511,-0.0747666284164,-0.007446320545250001,True
1587,79,7,0.180512385771,True,0.0641456003459,True,-0.0512553220027,-0.08446608947069999,-0.020320489124900004,True
1588,79,8,3.84019129937,False,0.0636011315778,True,-0.04084408347309999,-0.07150917672689999,-0.00790804514905,True
1589,79,9,1.38810356722,False,0.0615511181564,True,-0.0453055589375,-0.0747720548115,-0.0132209366551,True
1590,79,10,1.03146606452,False,0.0628051816374,True,-0.047624378868100004,-0.0798351208709,-0.0170299392335,True
1591,79,11,0.00103355904078,True,0.0580140376848,True,-0.054314104039699995,-0.08266416296639999,-0.024650125281500002,True
1592,79,12,0.11858721454500001,True,0.0595406255958,True,-0.056561398212,-0.0882183790647,-0.028677753468900002,True
1593,79,13,0.256211012918,True,0.0585748642621,True,-0.052916822632599995,-0.0818717046836,-0.0232968404215,True
1594,79,14,0.00245529415005,True,0.059571421618999996,True,-0.0542975354966,-0.08320992235949999,-0.023638500740499998,True
1595,79,15,0.0249956223892,True,0.0571308870971,True,-0.054116048730600004,-0.0824246885353,-0.0252938014382,True
1596,79,16,0.000300586306232,True,0.0579078698925,True,-0.060467579079300005,-0.0904506142977,-0.032542744405200004,True
1597,79,17,0.0008479181876609999,True,0.0551027216988,True,-0.057570700432,-0.0860301287548,-0.030927407056,True
1598,79,18,0.0458317708225,True,0.057728863658099996,True,-0.05777486764169999,-0.0878206867965,-0.0300918231384,True
1599,79,19,0.008185280365570001,True,0.0562201671522,True,-0.062374312123,-0.0907861448426,-0.0345659776904,True
1600,80,0,22.4062509545,False,0.142147497446,False,-0.0320666018602,-0.10688125043600001,0.0352662470098,False
1601,80,1,23.3119599916,False,0.107403502889,False,-0.0315688634361,-0.08507821251469999,0.0223252903742,False
1602,80,2,8.27428868242,False,0.0880860790707,False,-0.0457432687404,-0.0887926007852,-0.000706521714471,True
1603,80,3,5.8090607605599995,False,0.0796440461929,True,-0.0446061774235,-0.0859633934999,-0.00631934730705,True
1604,80,4,0.510283963739,False,0.0728155399303,True,-0.0588783445092,-0.09558149505619999,-0.0227659551259,True
1605,80,5,0.0992525257938,True,0.06919871294010001,True,-0.060408378307800006,-0.0930364281908,-0.0238377152507,True
1606,80,6,1.42378588351e-06,True,0.0666282738946,True,-0.0722957320008,-0.105565989583,-0.038937715688,True
1607,80,7,1.01288766329,False,0.0646725500298,True,-0.0530745930843,-0.0859926851804,-0.021320135150599998,True
1608,80,8,1.6265750614399999,False,0.0622744043893,True,-0.045055214881800004,-0.0755376296414,-0.013263225252,True
1609,80,9,0.17186186565699998,True,0.0629324228707,True,-0.054221813720800004,-0.08415371120639999,-0.021221288335700004,True
1610,80,10,0.601643066304,False,0.0602247630299,True,-0.052687004219,-0.0842512469535,-0.0240264839236,True
1611,80,11,0.0339964481597,True,0.0607347193306,True,-0.0597269374859,-0.08983333663139999,-0.0290986173008,True
1612,80,12,0.0164965019295,True,0.0589244362213,True,-0.0587916222778,-0.0895082941129,-0.030583857891599998,True
1613,80,13,0.11210660134299999,True,0.059352396190599996,True,-0.0573444848817,-0.08634759679449999,-0.026995200603900003,True
1614,80,14,0.155628600093,True,0.059358304702,True,-0.0539916774328,-0.08452531776210001,-0.0251670130601,True
1615,80,15,0.0313866907467,True,0.0540182044616,True,-0.057320667795900004,-0.0842217666341,-0.030203562172500004,True
1616,80,16,0.17782746146899997,True,0.058938603558400006,True,-0.0536567374379,-0.08156783227310001,-0.022629228714700002,True
1617,80,17,0.07204421072839999,True,0.056632453724600004,True,-0.053786775549800006,-0.0817937353085,-0.025161281584000002,True
1618,80,18,0.0594048138148,True,0.0560841966545,True,-0.0532560063985,-0.08265544313239999,-0.026571246477900004,True
1619,80,19,5.00761085776e-10,True,0.0553302004672,True,-0.05998076268330001,-0.0876156712682,-0.032285470801,True
1620,81,0,1.3613964700499999,False,0.142327028799,False,-0.0954814558297,-0.167140068052,-0.0248130392525,True
1621,81,1,0.000204201161647,True,0.104857119364,False,-0.10324832570699999,-0.154182807565,-0.049325688201,True
1622,81,2,0.0006015428799010001,True,0.0910997775009,False,-0.0847272803745,-0.131924763448,-0.0408249859468,True
1623,81,3,4.25395639231e-07,True,0.08303775333060001,False,-0.08792135762219999,-0.12725955626399998,-0.0442218029335,True
1624,81,4,0.019580662539900002,True,0.0753227946352,True,-0.0843519627356,-0.12297939285999998,-0.04765659822459999,True
1625,81,5,8.02162715609e-05,True,0.0734541612723,True,-0.0854371343667,-0.122985956801,-0.0495317955286,True
1626,81,6,5.40762776764e-23,True,0.0667481087266,True,-0.0839420614762,-0.11640388758199999,-0.049655778855,True
1627,81,7,0.0010716935652100002,True,0.0656236069765,True,-0.0738006289408,-0.105849910464,-0.0402263034878,True
1628,81,8,1.2715022991199998e-07,True,0.0622265817764,True,-0.07655418376380001,-0.107132785302,-0.04490620352519999,True
1629,81,9,0.0015121104420499998,True,0.061000690455800005,True,-0.07240072170189998,-0.10216618929,-0.04116549883369999,True
1630,81,10,7.02967420041e-12,True,0.0616061084585,True,-0.072530075266,-0.102918006634,-0.041311898175699996,True
1631,81,11,1.35609130575e-05,True,0.059287375975500003,True,-0.0681857475758,-0.09875587490229999,-0.0394684989268,True
1632,81,12,1.57602494594e-20,True,0.0570978675827,True,-0.0769490114491,-0.10569071043299999,-0.04859284284990001,True
1633,81,13,1.3079212601900001e-17,True,0.05664399039580001,True,-0.0821133247639,-0.108658283468,-0.0520142930722,True
1634,81,14,2.5834675290299997e-30,True,0.0574132535587,True,-0.08608940189789999,-0.11663594797,-0.0592226944113,True
1635,81,15,9.878156613899999e-43,True,0.057602225284599996,True,-0.0899943728499,-0.117957430758,-0.060355205472999995,True
1636,81,16,8.741766046689997e-62,True,0.0575709768172,True,-0.0912193899299,-0.118579133041,-0.0610081562235,True
1637,81,17,3.28207893232e-64,True,0.0569243489073,True,-0.09365506742560001,-0.12228532210899999,-0.06536097320169999,True
1638,81,18,5.7898837720199985e-70,True,0.0548627547361,True,-0.101184196572,-0.128693646005,-0.07383089126839999,True
1639,81,19,6.335034999689998e-87,True,0.0542132061302,True,-0.10314939237,-0.129826027076,-0.0756128209459,True
1640,82,0,18.4444446585,False,0.1424261907,False,-0.0385024000055,-0.111299963568,0.031126227132200004,False
1641,82,1,27.2202467183,False,0.104695705395,False,-0.027770159241400003,-0.0812315863938,0.0234641190007,False
1642,82,2,18.4417933856,False,0.0865228963687,False,-0.0324933324538,-0.074197539965,0.0123253564038,False
1643,82,3,17.214961093699998,False,0.0814441259226,False,-0.0342676214559,-0.0763393702587,0.00510475566389,False
1644,82,4,21.1288042206,False,0.0752882788427,True,-0.0293117039738,-0.0661095200449,0.0091787587978,False
1645,82,5,9.839311681389999,False,0.0713242925292,True,-0.0355867373825,-0.0713522340044,-2.79414751137e-05,True
1646,82,6,15.5579853124,False,0.065904926257,True,-0.029955302877700003,-0.0625650108013,0.00333991545567,False
1647,82,7,3.9905814671900006,False,0.0634930007055,True,-0.040386638699800005,-0.07040824010989999,-0.00691523940439,True
1648,82,8,11.9530255422,False,0.06375045058119999,True,-0.0320038113911,-0.063663868441,8.65821402201e-05,False
1649,82,9,13.6482094346,False,0.0627878623454,True,-0.0300996309739,-0.061264419483199994,0.00152344286223,False
1650,82,10,14.3666170071,False,0.0612281012467,True,-0.029891568844,-0.060494642834300005,0.0007334584123460001,False
1651,82,11,5.48779760451,False,0.0594800790878,True,-0.0362124031753,-0.06462266793759999,-0.00514258884984,True
1652,82,12,9.69119146107,False,0.06020369149259999,True,-0.030243023063699997,-0.0622552857443,-0.00205159425174,True
1653,82,13,5.65776999666,False,0.059342752535300004,True,-0.0350589535699,-0.0651480490688,-0.0058052965334299995,True
1654,82,14,1.6019194935499999,False,0.0573779900792,True,-0.040535522005800004,-0.0689402183549,-0.0115622282757,True
1655,82,15,1.19705299206,False,0.05754513290030001,True,-0.045207496356699996,-0.07439729677519999,-0.016852163875,True
1656,82,16,0.00749678683832,True,0.0555544017,True,-0.0537507776254,-0.08121578888410001,-0.025661387184099996,True
1657,82,17,0.019894418207099997,True,0.058593120158,True,-0.0574267738555,-0.0863158283202,-0.0277227081622,True
1658,82,18,4.77924295456e-09,True,0.0565171873541,True,-0.0635891772361,-0.0909611855713,-0.0344439982172,True
1659,82,19,7.19503850145e-07,True,0.0562862652476,True,-0.0643013004042,-0.0916856281548,-0.03539936290719999,True
1660,83,0,0.264065923252,True,0.14507485689400001,False,-0.10807504355,-0.179937809801,-0.0348629529074,True
1661,83,1,1.1094189121100002,False,0.104758785534,False,-0.0743360178126,-0.12497200158399999,-0.020213216050200003,True
1662,83,2,0.308161510089,True,0.08530051710169999,False,-0.0750605125793,-0.11829210021,-0.0329915831087,True
1663,83,3,0.995207602889,False,0.0799114179391,True,-0.057116202217699995,-0.09562436330089999,-0.0157129453619,True
1664,83,4,0.00615841814692,True,0.0734336536032,True,-0.0711923563552,-0.106219248178,-0.0327855945744,True
1665,83,5,0.040247775286,True,0.0677959940824,True,-0.07068181763560001,-0.104257735398,-0.036461741316,True
1666,83,6,1.8306895904800002e-13,True,0.065965592905,True,-0.0784784637772,-0.111033676325,-0.0450680834198,True
1667,83,7,4.59165180817e-05,True,0.0653925394731,True,-0.0729177777057,-0.107093897017,-0.0417013575439,True
1668,83,8,0.00404990474915,True,0.06329726841630001,True,-0.0649304285662,-0.09729193346380001,-0.0339946650475,True
1669,83,9,8.94544738793e-08,True,0.060636986137499994,True,-0.0658320965778,-0.0958857949929,-0.0352488088554,True
1670,83,10,2.549415641e-16,True,0.0607384839889,True,-0.0739773712575,-0.103263484475,-0.0425250004856,True
1671,83,11,7.648545363139999e-10,True,0.060759118183800004,True,-0.0698197525343,-0.09969736262389998,-0.03893824444,True
1672,83,12,5.89692211825e-09,True,0.0611880291259,True,-0.06685510484519999,-0.0966994207914,-0.0355113916654,True
1673,83,13,5.96725791601e-09,True,0.058996409998,True,-0.0661745853418,-0.09396641717819999,-0.0349700071803,True
1674,83,14,0.00018113041785199999,True,0.05700296489730001,True,-0.0633150585967,-0.08971234383099999,-0.032709378933700003,True
1675,83,15,7.72684761942e-11,True,0.05865915588719999,True,-0.06500834882090001,-0.0965510154202,-0.037891859533,True
1676,83,16,0.028133557841599998,True,0.0575946452901,True,-0.0589854349966,-0.0864198278628,-0.0288251825727,True
1677,83,17,0.00310957876867,True,0.0567768693718,True,-0.06300052361330001,-0.09361949277439999,-0.0368426234026,True
1678,83,18,1.26669645823e-07,True,0.055105622136,True,-0.0664430218004,-0.09326844270710001,-0.0381628205711,True
1679,83,19,9.31803456442e-06,True,0.0563509994972,True,-0.0608459687031,-0.0893896242053,-0.0330386247081,True
1680,84,0,4.0615886430199994,False,0.140957814791,False,-0.0736813916994,-0.144197765173,-0.00323995038185,True
1681,84,1,5.87063405947,False,0.10286815489800001,False,-0.0547437552927,-0.103638726319,-0.0007705714217260001,True
1682,84,2,0.780632757378,False,0.0912689640102,False,-0.06939978145789999,-0.112678315961,-0.021409351950699998,True
1683,84,3,5.13598846694,False,0.0808814116896,False,-0.0486350198367,-0.08915765923720001,-0.00827624754766,True
1684,84,4,7.86976542397,False,0.0754564945232,True,-0.039809076288999996,-0.0765746979695,-0.00111820344627,True
1685,84,5,21.5857038259,False,0.0711878859277,True,-0.0271914948842,-0.0636693486204,0.00751853730736,False
1686,84,6,26.315004948600002,False,0.0672680714946,True,-0.025001301849000002,-0.058561287552800004,0.00870678394189,False
1687,84,7,15.8767964878,False,0.0654073020024,True,-0.029997024284599997,-0.0615327130927,0.00387458890971,False
1688,84,8,15.9412317833,False,0.0632718017506,True,-0.0297415306691,-0.0612401776793,0.0020316240713099997,False
1689,84,9,13.7009752721,False,0.0637270775956,True,-0.031208280750599997,-0.0645619865888,-0.000834908993127,True
1690,84,10,8.54228139354,False,0.06200282211,True,-0.0347049718856,-0.0662454828577,-0.00424266074767,True
1691,84,11,2.93332869546,False,0.059200398562599996,True,-0.038343022549,-0.0679320343892,-0.00873163582666,True
1692,84,12,2.7618249557300003,False,0.0569772982993,True,-0.03948732396580001,-0.0673982859602,-0.010420987661000001,True
1693,84,13,2.5513989818700002,False,0.0579022974577,True,-0.0406249148509,-0.0701194430817,-0.012217145624,True
1694,84,14,1.7399721390599998,False,0.0565564155987,True,-0.0427778114195,-0.0714310353937,-0.014874619794999999,True
1695,84,15,0.366017979381,False,0.0585833791567,True,-0.0472637419287,-0.07600222396860001,-0.0174188448119,True
1696,84,16,0.0575729947826,True,0.058430542831899995,True,-0.0553056834375,-0.08697252372099999,-0.0285419808891,True
1697,84,17,0.0413161618242,True,0.056532860776800004,True,-0.055802843841000004,-0.08557829581660001,-0.0290454350398,True
1698,84,18,0.00705093786114,True,0.056839190068699995,True,-0.055727646563800005,-0.0839882641816,-0.0271490741129,True
1699,84,19,0.0006388512095240001,True,0.05560538101819999,True,-0.060495835120199994,-0.0874462983388,-0.031840917320500005,True
1700,85,0,24.8889647548,False,0.141155006667,False,-0.0297033521308,-0.102622617776,0.038532388891599996,False
1701,85,1,3.9910183990199997,False,0.104306741292,False,-0.0603483135044,-0.112216928375,-0.007910187082649999,True
1702,85,2,1.84591678631,False,0.0890411507024,False,-0.0630673732625,-0.107928703355,-0.0188875526527,True
1703,85,3,0.000549682913786,True,0.0800542856526,False,-0.08022467749130001,-0.118965733245,-0.0389114475926,True
1704,85,4,0.019257533405400002,True,0.0739516341381,True,-0.0793525142071,-0.114682288455,-0.0407306543168,True
1705,85,5,2.21113037572e-05,True,0.06902670164039999,True,-0.0736599495658,-0.10670454285299999,-0.0376778412126,True
1706,85,6,4.35383089099e-06,True,0.0674599270119,True,-0.0740566407488,-0.106729420687,-0.0392694936755,True
1707,85,7,0.0012324002993,True,0.0647747749982,True,-0.0658380309874,-0.0994177944214,-0.0346430194232,True
1708,85,8,0.0131006117855,True,0.064794726988,True,-0.0604815658601,-0.0917824459429,-0.0269877189549,True
1709,85,9,0.00886291237198,True,0.061876283347199995,True,-0.0579328983421,-0.0881349497163,-0.0262586663691,True
1710,85,10,0.0039916674026300005,True,0.061695096566199994,True,-0.0622549071775,-0.0916458265151,-0.029950729948800003,True
1711,85,11,0.0357457570836,True,0.061056417665900004,True,-0.0619622792426,-0.09241966679880001,-0.0313632491329,True
1712,85,12,3.69774456308e-05,True,0.0588881831661,True,-0.0702914133313,-0.1003436834,-0.041455500234099996,True
1713,85,13,9.33172645568e-12,True,0.059691504941699995,True,-0.06999812126289999,-0.09914677476639999,-0.0394552698247,True
1714,85,14,5.529359535669999e-24,True,0.058364276653899996,True,-0.073690334588,-0.10249562625299999,-0.0441313495995,True
1715,85,15,0.0033418621183899998,True,0.057836734314299997,True,-0.0689354546825,-0.09930644629720001,-0.041469711982900004,True
1716,85,16,2.31299450805e-21,True,0.0568813275531,True,-0.07472533389,-0.102516076267,-0.0456347487137,True
1717,85,17,4.21864188233e-38,True,0.0563139474477,True,-0.0827345057174,-0.10978661714299999,-0.053472669694999996,True
1718,85,18,1.75183112277e-26,True,0.060029962704199996,True,-0.08481050081589998,-0.115685129703,-0.0556551669993,True
1719,85,19,2.5410064584e-27,True,0.05533736799459999,True,-0.08444667404640001,-0.11171639965999998,-0.0563790316651,True
1720,86,0,30.9972595166,False,0.138506121908,False,-0.018754873614599998,-0.0901423856845,0.0483637362237,False
1721,86,1,35.470125206599995,False,0.102106782589,False,-0.019139814418400004,-0.0687958750609,0.0333109075283,False
1722,86,2,5.812800484349999,False,0.08931447240530001,False,-0.0474898204359,-0.09040346237579999,-0.00108898997048,True
1723,86,3,5.65301211385,False,0.07925598604299999,True,-0.04229458402530001,-0.08553126449449999,-0.006275278451520001,True
1724,86,4,0.838794138902,False,0.0718937052034,True,-0.0553699606895,-0.09160117295949999,-0.019707467756099998,True
1725,86,5,6.93824305617,False,0.0715384051172,True,-0.040568645942800005,-0.0772493847592,-0.00571097964202,True
1726,86,6,14.7837064578,False,0.06777597904919999,True,-0.0323007047751,-0.0655504504321,0.00222552861716,False
1727,86,7,8.70420555008,False,0.064673190273,True,-0.0354998473275,-0.0670234615996,-0.0023502713266799996,True
1728,86,8,18.81314321,False,0.0626982880867,True,-0.027373325776299997,-0.05845868913869999,0.00423959894802,False
1729,86,9,16.1063318336,False,0.0615920936866,True,-0.029421826949299998,-0.0599232847463,0.00166880894034,False
1730,86,10,28.1945621915,False,0.061870896448800006,True,-0.023513808525200002,-0.054430736113099995,0.007440160335659999,False
1731,86,11,5.89348848883,False,0.05835280438400001,True,-0.0350316263273,-0.0646369702696,-0.00628416588565,True
1732,86,12,9.80179832265,False,0.0604078949732,True,-0.0320357527548,-0.0627548795795,-0.00234698460635,True
1733,86,13,6.854948390700001,False,0.0594686192403,True,-0.0336404897039,-0.0652690314126,-0.005800412172300001,True
1734,86,14,17.4315010186,False,0.058317040833599995,True,-0.0259971630102,-0.055781151888100004,0.00253588894551,False
1735,86,15,12.212970636,False,0.0580251860221,True,-0.0288755887497,-0.0595091045636,-0.0014839185415100001,True
1736,86,16,13.1313138394,False,0.05740248695280001,True,-0.029229379689700002,-0.0588731501255,-0.0014706631727500002,True
1737,86,17,9.50206371716,False,0.0569296693151,True,-0.03179404323190001,-0.0599372395808,-0.0030075702657399997,True
1738,86,18,5.7346385365699994,False,0.054418091495199994,True,-0.032708546959599995,-0.05960713116219999,-0.00518903966701,True
1739,86,19,2.86095216024,False,0.056002043838099994,True,-0.039494632909900004,-0.06776230849050001,-0.0117602646524,True
1740,87,0,22.2072161171,False,0.140363668937,False,-0.0301648444382,-0.100387954947,0.039975713990300005,False
1741,87,1,7.88240528837,False,0.10138884382999999,False,-0.0498189069742,-0.102257210789,-0.0008683669593010002,True
1742,87,2,13.9401097705,False,0.0885329148636,False,-0.0379265067847,-0.0849391849728,0.00359372989076,False
1743,87,3,18.697306448,False,0.0814479479974,False,-0.0327505999089,-0.0742668140199,0.00718113397759,False
1744,87,4,12.5070435158,False,0.0739203028505,True,-0.034831322572300004,-0.0723089638606,0.0016113389899400001,False
1745,87,5,4.31021943801,False,0.07131550401469999,True,-0.043126790381899996,-0.0813721516494,-0.010056647634700001,True
1746,87,6,7.4105552039800004,False,0.06587455219840001,True,-0.0364545524596,-0.06886186959269999,-0.00298731739433,True
1747,87,7,11.7922442814,False,0.0664433982793,True,-0.0335820659573,-0.06577751632130001,0.000665881957995,False
1748,87,8,8.43010372559,False,0.0614953742954,True,-0.0335100493233,-0.0632727654909,-0.00177739119549,True
1749,87,9,16.5807848914,False,0.059503942472400005,True,-0.029453947272200003,-0.058278804883399996,0.0012251375890699999,False
1750,87,10,6.308248971719999,False,0.059579425382099996,True,-0.0357111624644,-0.06558804801530001,-0.006008622633249999,True
1751,87,11,5.01822749062,False,0.0613613819152,True,-0.0365744680139,-0.0677403257485,-0.0063789438332799995,True
1752,87,12,4.85479429269,False,0.058107549209099996,True,-0.03590859901480001,-0.0656403051887,-0.007532755979590001,True
1753,87,13,1.79534714004,False,0.0582548984885,True,-0.04194700656380001,-0.0708929262279,-0.0126380277394,True
1754,87,14,1.66062463039,False,0.056726395986199996,True,-0.0417814024186,-0.0713361408576,-0.014609744871399998,True
1755,87,15,0.935987438462,False,0.055277383775300004,True,-0.0471513737386,-0.0751176312091,-0.019840247433799998,True
1756,87,16,0.06162429445399999,True,0.057476558282000004,True,-0.053665157441499994,-0.0833763061934,-0.025899747911400005,True
1757,87,17,0.0205041963441,True,0.056916173932800004,True,-0.05202122254430001,-0.08070392730819999,-0.0237877533754,True
1758,87,18,0.32994194681600003,True,0.0569110428785,True,-0.0471712082847,-0.07598232003739999,-0.019071277158900002,True
1759,87,19,0.19201935322799998,True,0.0570698111751,True,-0.0508293089862,-0.0811670350921,-0.024097223917,True
1760,88,0,29.8066345415,False,0.138584971899,False,0.0173598835778,-0.0533392366206,0.0852457352787,False
1761,88,1,37.317992415999996,False,0.103878394369,False,0.0170666985136,-0.033643066715,0.0702353276537,False
1762,88,2,48.000860725900004,False,0.0879414906913,False,0.010508752290000001,-0.0327253280442,0.0552161626471,False
1763,88,3,60.188259519,False,0.0780153942161,True,-0.005127672048939999,-0.0441773509626,0.03383804325359999,False
1764,88,4,59.8871192534,False,0.074528942744,True,-0.007347777441210001,-0.042190251979,0.032338690765,False
1765,88,5,28.8256083063,False,0.0718403970992,True,-0.0236357191656,-0.0607604635532,0.011079933545999999,False
1766,88,6,10.8480709701,False,0.06975042507569999,True,-0.0346873918389,-0.0697438565444,6.5685313676599994e-06,False
1767,88,7,32.8203109756,False,0.0646857046798,True,-0.0207115576358,-0.054635825103599996,0.0100498795762,False
1768,88,8,16.4992851483,False,0.06289699515269999,True,-0.028536605312799997,-0.061499899435800004,0.00139709571693,False
1769,88,9,11.664758852,False,0.061299989483699996,True,-0.030690491411599997,-0.0624127568803,-0.0011127673966199998,True
1770,88,10,9.65781187948,False,0.060757396988699995,True,-0.0328497965066,-0.062956105996,-0.0021987090073600003,True
1771,88,11,2.71767422639,False,0.0590137333403,True,-0.038407212198199994,-0.06835067416480001,-0.00933694082451,True
1772,88,12,1.26035546677,False,0.060820543465,True,-0.0453352370575,-0.0753020424775,-0.014481499012500001,True
1773,88,13,0.382506805968,False,0.0567291201411,True,-0.047703512007900004,-0.0755977493854,-0.018868629244299998,True
1774,88,14,0.36900856033600005,False,0.0568653555597,True,-0.0498061278192,-0.0778964520515,-0.021031096491799996,True
1775,88,15,0.398143084097,False,0.0577495867888,True,-0.0487059343396,-0.07885024190769999,-0.0211006551188,True
1776,88,16,1.9579671625400001,False,0.0587173739016,True,-0.044311954075,-0.0744508251695,-0.015733451268,True
1777,88,17,1.6000619821200002,False,0.057584185795099996,True,-0.041957123504300003,-0.07103389114019999,-0.013449705345100002,True
1778,88,18,1.88183560883,False,0.055895308151199995,True,-0.0402918649571,-0.0692393939903,-0.0133440858391,True
1779,88,19,1.05285145412,False,0.0560086532106,True,-0.0438234629127,-0.07288341046869999,-0.0168747572581,True
1780,89,0,28.007767028000004,False,0.134616638587,False,0.0237903308125,-0.0430785552125,0.09153808337449999,False
1781,89,1,43.711272109,False,0.10509660499500001,False,0.00854303183241,-0.0450333206922,0.06006328430269999,False
1782,89,2,49.8816145914,False,0.0884406588687,False,-0.0057127316804,-0.05026975250580001,0.038170906362900006,False
1783,89,3,47.9272536776,False,0.0809696457631,False,-0.0132559120946,-0.0519974309761,0.028972214787,False
1784,89,4,22.026377651399997,False,0.07471051785630001,True,-0.028261129146500003,-0.0658993849874,0.00881113286895,False
1785,89,5,4.95855063254,False,0.0688362729137,True,-0.041571526648699994,-0.0745930351089,-0.0057567621951600005,True
1786,89,6,10.762064786199998,False,0.0661388779792,True,-0.032752703098800004,-0.0677421916586,-0.00160331367938,True
1787,89,7,2.9689447215499998,False,0.06394496160799999,True,-0.0409777057937,-0.0729160951315,-0.00897113352359,True
1788,89,8,0.197495734929,True,0.061660849932399994,True,-0.054085270144,-0.08495971238710001,-0.0232988624548,True
1789,89,9,2.4131952482299996,False,0.06212405638719999,True,-0.0431928426911,-0.0723445750649,-0.0102205186776,True
1790,89,10,4.03265897644,False,0.06094041560880001,True,-0.038326395579800006,-0.0702324550212,-0.00929203941241,True
1791,89,11,1.08586192961,False,0.06266833320700001,True,-0.0472324106911,-0.0779466498901,-0.0152783166831,True
1792,89,12,0.0676832398876,True,0.057568632770999995,True,-0.0516762994536,-0.07945341424930001,-0.021884781478300003,True
1793,89,13,0.232996202709,True,0.0582455470565,True,-0.057473878204199996,-0.0851343391612,-0.026888792104700004,True
1794,89,14,0.00478849544763,True,0.05878262423169999,True,-0.061064637427599995,-0.0922391957785,-0.0334565715468,True
1795,89,15,0.000301769430857,True,0.0557071416273,True,-0.059039121354900005,-0.0882802099497,-0.032573068322400006,True
1796,89,16,0.042915724490300004,True,0.056113325147199994,True,-0.0632523953529,-0.0914037207673,-0.03529039562,True
1797,89,17,0.00032415573880699997,True,0.0585598365039,True,-0.0618149468767,-0.09150617045,-0.0329463339461,True
1798,89,18,9.70030047815e-07,True,0.0572387897344,True,-0.0652581561044,-0.0925947617552,-0.0353559720209,True
1799,89,19,0.0612206005858,True,0.0552619315268,True,-0.06232416260530001,-0.0914037348156,-0.036141803288800005,True
1800,90,0,7.7113908571300005,False,0.139614670015,False,-0.06280395577890001,-0.13373167061,0.005882999404310001,False
1801,90,1,13.782948895799999,False,0.10222116566299999,False,-0.0403540346674,-0.0937463838448,0.00847478181858,False
1802,90,2,1.69566738819,False,0.0888060587971,False,-0.06079245660180001,-0.107263179666,-0.0184571208694,True
1803,90,3,2.07664764019,False,0.078433272473,True,-0.0535042428729,-0.0939694786248,-0.0155362061518,True
1804,90,4,0.250090392474,True,0.07286900644389999,True,-0.060353650406,-0.09649455855239998,-0.023625552108499998,True
1805,90,5,0.444182815186,False,0.07240202246180001,True,-0.0591726875725,-0.0948918093191,-0.0224897868573,True
1806,90,6,0.000961106831254,True,0.0661898710032,True,-0.0662494519145,-0.09980470578569998,-0.0336148347825,True
1807,90,7,0.907634223135,False,0.064275621359,True,-0.0502132500191,-0.08294808083630001,-0.0186724594773,True
1808,90,8,1.38819622695,False,0.06179936898630001,True,-0.0481275665221,-0.0782753324285,-0.0164759634423,True
1809,90,9,0.00293229814702,True,0.062408396304199996,True,-0.0592048139265,-0.0911635772459,-0.0287551809418,True
1810,90,10,0.103464514084,True,0.05929604082230001,True,-0.052442839631,-0.0818824455359,-0.0225864047136,True
1811,90,11,0.259050845145,True,0.059388777069399996,True,-0.0536567790962,-0.084158557588,-0.0247697805186,True
1812,90,12,0.139487292367,True,0.0574996527854,True,-0.056919157311500004,-0.0855908507504,-0.028091197965000002,True
1813,90,13,0.0102684415894,True,0.059238535817,True,-0.060036233504999995,-0.08975587381370001,-0.0305173379966,True
1814,90,14,0.0318215907825,True,0.0570625952406,True,-0.055829358622,-0.08553386504239999,-0.0284712698018,True
1815,90,15,0.17462643037999998,True,0.05622500591540001,True,-0.0582524666648,-0.0864718296783,-0.030246823763000003,True
1816,90,16,0.009759537557459999,True,0.0582950980405,True,-0.055674000937099996,-0.08539676739610001,-0.0271016693555,True
1817,90,17,1.20412791549e-08,True,0.055317095539899996,True,-0.06342563258719999,-0.0899994762642,-0.0346823807243,True
1818,90,18,2.7910391657e-18,True,0.05591929794869999,True,-0.06875577616939998,-0.0968346849355,-0.0409153869869,True
1819,90,19,5.4337775034e-12,True,0.05619251482530001,True,-0.0711067978515,-0.0994193827565,-0.043226867931300005,True
1820,91,0,24.648044229499998,False,0.141360074534,False,-0.028662424187599997,-0.0934240018692,0.047936072665300006,False
1821,91,1,37.3397933715,False,0.103438418733,False,-0.018281986718099996,-0.0684808779202,0.03495754081269999,False
1822,91,2,43.0763216657,False,0.08717112293019999,False,-0.0149673979942,-0.059271430234699995,0.027899692695499998,False
1823,91,3,37.736461185799996,False,0.0755648471335,True,-0.0199690575357,-0.0567890671626,0.0187757799708,False
1824,91,4,34.8995129034,False,0.07341024285799999,True,-0.021948474240599997,-0.056685184749699996,0.0167250581083,False
1825,91,5,27.956758143200002,False,0.07240149416569999,True,-0.0245747488118,-0.0594834866409,0.012918007524899999,False
1826,91,6,28.4770282898,False,0.0626145113026,True,-0.02353872869,-0.055482837622,0.00713167368063,False
1827,91,7,12.856588058900002,False,0.0644556808388,True,-0.0317462485263,-0.0634342678858,0.00102141295304,False
1828,91,8,12.781020294200001,False,0.0600042069221,True,-0.0307828340948,-0.0613836854825,-0.00137947856038,True
1829,91,9,8.65731951117,False,0.0617065654127,True,-0.0333583072874,-0.0630738026405,-0.0013672372277600002,True
1830,91,10,3.25722005671,False,0.0609401630633,True,-0.0391506100072,-0.06971236115139999,-0.00877219808807,True
1831,91,11,2.69551848962,False,0.0597792569341,True,-0.0404625966994,-0.07095171326880001,-0.0111724563347,True
1832,91,12,1.4562165188,False,0.057429029284,True,-0.0431898593105,-0.0712542198065,-0.0138251905225,True
1833,91,13,1.24587412053,False,0.0595595795211,True,-0.044684619919300006,-0.07622202107539999,-0.0166624415542,True
1834,91,14,1.33481156621,False,0.0573103522256,True,-0.042458812313099996,-0.07122295342889999,-0.013912601203299998,True
1835,91,15,2.35044459175,False,0.0564475525801,True,-0.038925317825800006,-0.068354755766,-0.0119072031859,True
1836,91,16,1.24408394806,False,0.05702017629790001,True,-0.045560242555,-0.0749251533983,-0.0179049771005,True
1837,91,17,2.07607318708,False,0.056335109126399996,True,-0.041291678462099995,-0.0698735714124,-0.013538462286,True
1838,91,18,1.4515642804700002,False,0.05508807401000001,True,-0.0420861700732,-0.0711835389263,-0.016095464916299998,True
1839,91,19,2.0147042977500003,False,0.055512855094,True,-0.0405041331273,-0.0693070258863,-0.0137941707923,True
1840,92,0,15.889739434300001,False,0.139699899008,False,-0.0451111815991,-0.114704105261,0.024995793746500003,False
1841,92,1,2.4705338529599996,False,0.105536299489,False,-0.0675985264929,-0.119561061911,-0.014024762421899999,True
1842,92,2,1.5190119032299998,False,0.08980464691289998,False,-0.061735025166400004,-0.107670670047,-0.0178660231343,True
1843,92,3,9.880512994730001,False,0.0798551064686,True,-0.0393771437346,-0.07960860182080001,0.00024650464780000004,False
1844,92,4,10.376573459400001,False,0.0740341584635,True,-0.036814893634099996,-0.0730508283895,0.000983330074033,False
1845,92,5,3.62067891911,False,0.0703809585184,True,-0.045103057758800004,-0.07896961931039999,-0.008588660791979999,True
1846,92,6,5.552975934330001,False,0.0705482360346,True,-0.0411845067887,-0.0749744836091,-0.00442624757446,True
1847,92,7,2.00980649625,False,0.0653043465555,True,-0.045247480320699994,-0.07770978059780001,-0.0124054340423,True
1848,92,8,6.3549675022,False,0.064744130877,True,-0.037639196796900004,-0.0708372902639,-0.006093159386840001,True
1849,92,9,7.09329887653,False,0.0609323004679,True,-0.0349566314577,-0.0660566354655,-0.0051243349976,True
1850,92,10,1.31989708507,False,0.0583986739771,True,-0.0466459885639,-0.0755780831312,-0.0171794091541,True
1851,92,11,0.24012523444400002,True,0.059719871464,True,-0.0499747187199,-0.08109852214060001,-0.021378650676599997,True
1852,92,12,0.0511497717136,True,0.0588152247661,True,-0.059992727336599994,-0.08812488813710001,-0.029309663371,True
1853,92,13,0.000101554215248,True,0.0566269730471,True,-0.0624829702661,-0.09129530446049999,-0.0346683314134,True
1854,92,14,0.009470766040170001,True,0.05789057467230001,True,-0.0581257257783,-0.0880178351557,-0.030127260483400004,True
1855,92,15,0.09573635849639998,True,0.0559860282431,True,-0.058619594354600006,-0.0866011155888,-0.0306150873458,True
1856,92,16,3.4197950637199997e-12,True,0.056095521811,True,-0.064191695417,-0.0929050571662,-0.0368095353552,True
1857,92,17,1.45943972228e-05,True,0.0572428328663,True,-0.0632900363971,-0.09019909798760001,-0.032956265121299996,True
1858,92,18,1.18037241918e-15,True,0.0571585807761,True,-0.0686006510032,-0.0976365129284,-0.0404779321523,True
1859,92,19,3.61759989954e-15,True,0.056594400620000006,True,-0.070852247772,-0.0995438652494,-0.0429494646294,True
1860,93,0,28.2468535204,False,0.13621078123400002,False,-0.022118453678599995,-0.091243404989,0.044967376245300006,False
1861,93,1,31.534310296599998,False,0.1024796658,False,-0.0243716327183,-0.0776385728079,0.024841092991800002,False
1862,93,2,35.7179742847,False,0.087112036227,False,-0.0195562164282,-0.0632488097392,0.0238632264878,False
1863,93,3,23.4205830141,False,0.0801066012278,False,-0.027257012453,-0.0688430256136,0.011263575614200001,False
1864,93,4,21.1457708577,False,0.0725400832802,True,-0.029045358474,-0.0660415594409,0.00649852383935,False
1865,93,5,22.7787551729,False,0.06932544686599999,True,-0.027068234873799998,-0.0620545636377,0.0072708832283299996,False
1866,93,6,13.6381291574,False,0.0671232647424,True,-0.0323764181269,-0.0648929048098,0.00223035993259,False
1867,93,7,11.297767984000002,False,0.0655418212824,True,-0.033711996825299996,-0.0679640237992,-0.00242220251674,True
1868,93,8,7.4436741352,False,0.0637637626506,True,-0.0353103225825,-0.0681502821018,-0.00438651945121,True
1869,93,9,3.5828526497099995,False,0.06281361893540001,True,-0.039871827815900006,-0.07053159519439998,-0.007717976258979999,True
1870,93,10,3.7683685936,False,0.059275833815699994,True,-0.039306932734500005,-0.0688084909062,-0.009532657090440001,True
1871,93,11,3.8919620086599997,False,0.059830162126500004,True,-0.0388399867167,-0.070663198719,-0.010833036592600001,True
1872,93,12,0.5723670685109999,False,0.0551417078032,True,-0.0465652445436,-0.0748187392387,-0.019677031435499998,True
1873,93,13,2.28919223857,False,0.05819402436269999,True,-0.0392120174483,-0.0678766578233,-0.00968263346055,True
1874,93,14,3.02685408567,False,0.0584537191014,True,-0.039201168678,-0.0694343601377,-0.0109806410363,True
1875,93,15,1.34776691812,False,0.0580207466978,True,-0.0430907371906,-0.0727052311071,-0.014684484409299998,True
1876,93,16,1.8297824681000001,False,0.055103784278699997,True,-0.040131313240199994,-0.0670678470309,-0.011964062752200001,True
1877,93,17,2.58257567362,False,0.05690679766080001,True,-0.0379124217845,-0.0651172833888,-0.00821048572802,True
1878,93,18,3.62586197055,False,0.055020604029999996,True,-0.036461372849199994,-0.0633162890235,-0.00829568499359,True
1879,93,19,7.561093935669999,False,0.054960465789099994,True,-0.0312444591206,-0.0570511075543,-0.00209064176513,True
1880,94,0,25.5504334683,False,0.142989302399,False,0.0282723853748,-0.044359402889999996,0.09862989950930001,False
1881,94,1,37.257303581500004,False,0.10590290198899999,False,-0.0128686183816,-0.06519092702700001,0.0407119749619,False
1882,94,2,47.145375713199996,False,0.088030968222,False,-0.0098841206266,-0.0546065899589,0.0334243782631,False
1883,94,3,30.4052424748,False,0.0795891805298,True,-0.0242631738467,-0.06483892048909999,0.0147502600407,False
1884,94,4,30.5098745193,False,0.0755543216065,True,-0.024177250287900003,-0.0611116489876,0.014442672618899999,False
1885,94,5,22.388247814,False,0.06783670531859999,True,-0.027210876653400003,-0.06258899290419999,0.00524771241441,False
1886,94,6,33.3662584895,False,0.0679985290776,True,-0.022602472642,-0.0548794951481,0.0131190339295,False
1887,94,7,20.1953881139,False,0.0659986760513,True,-0.0280789000885,-0.06288532937210001,0.00311334667916,False
1888,94,8,9.592895220399999,False,0.0656335661988,True,-0.0343517706371,-0.06449962278940001,0.00113394340939,False
1889,94,9,15.0509979112,False,0.0626019814152,True,-0.0304770584707,-0.062033985600500004,0.000567995814747,False
1890,94,10,21.0267256073,False,0.0620330179101,True,-0.0262664950213,-0.057731787987199995,0.00430122992287,False
1891,94,11,11.9763823078,False,0.0596478753146,True,-0.030839485312399998,-0.059159373708,0.000488501606592,False
1892,94,12,2.0925194642400005,False,0.0582578247408,True,-0.0418006233368,-0.07111144996110001,-0.0128536252203,True
1893,94,13,1.96634174695,False,0.05658025399569999,True,-0.0394461353903,-0.06644286995490001,-0.00986261595916,True
1894,94,14,14.9082212051,False,0.0584943729445,True,-0.0288825374552,-0.058110471377099994,0.00038390156735000007,False
1895,94,15,3.4023305331800002,False,0.0578441302755,True,-0.0401493216685,-0.0684183833048,-0.0105742530293,True
1896,94,16,2.42551451066,False,0.0560715171254,True,-0.0374218996781,-0.0664734879365,-0.0104019708111,True
1897,94,17,4.102230445909999,False,0.0564218152437,True,-0.0363448170833,-0.06462375726580001,-0.00820194202205,True
1898,94,18,1.62867083995,False,0.0556511224259,True,-0.041775033776599996,-0.0705612408436,-0.014910118417700001,True
1899,94,19,0.898476030329,False,0.055674879494599996,True,-0.0437211241806,-0.0696495146016,-0.013974635107,True
1900,95,0,34.1374427755,False,0.138117322316,False,0.00399276014853,-0.0693734154153,0.06874390690110001,False
1901,95,1,29.7279975794,False,0.104761361635,False,-0.0245153098314,-0.0764551819921,0.028306179642500002,False
1902,95,2,18.2043075769,False,0.0868590935955,False,-0.0320566270734,-0.07672054247339999,0.010138551122200001,False
1903,95,3,52.837461688299996,False,0.0813863878461,False,-0.0128646864686,-0.0514840226377,0.0299023652083,False
1904,95,4,30.0085125787,False,0.0721267839893,True,-0.023137935868,-0.0600338583512,0.012092925638099999,False
1905,95,5,46.4327458929,False,0.0690595456065,True,-0.016839260355,-0.0519351020823,0.0171244435243,False
1906,95,6,14.8084714902,False,0.0666003028101,True,-0.0301677266168,-0.06288487521380001,0.00371542759631,False
1907,95,7,1.70007184051,False,0.0632053119096,True,-0.045002181646499995,-0.0772821456849,-0.0140768337753,True
1908,95,8,1.71204392178,False,0.0627493179723,True,-0.047453381141499995,-0.0778290759038,-0.0150797579315,True
1909,95,9,1.4096155717299998,False,0.0604866612565,True,-0.043856091162599996,-0.07492081713889999,-0.0144341558824,True
1910,95,10,12.0393260287,False,0.06036178049430001,True,-0.0304021384332,-0.061047436394100006,-0.0006856558997230001,True
1911,95,11,9.901735700589999,False,0.0606398244653,True,-0.032418193374900005,-0.0614125048914,-0.0007726804261380001,True
1912,95,12,18.5958469771,False,0.0587411641335,True,-0.0267772056398,-0.0563048095619,0.00243635457162,False
1913,95,13,4.9693862507699995,False,0.0566566577183,True,-0.0341704865447,-0.061320007513699995,-0.00466334979545,True
1914,95,14,2.93912989622,False,0.0589034102499,True,-0.03922831696680001,-0.06701902569439999,-0.00811561544449,True
1915,95,15,1.60925683874,False,0.056940199681199996,True,-0.043499853288900006,-0.0719435623895,-0.015003362708299998,True
1916,95,16,0.810353949945,False,0.0561561381614,True,-0.0452380615648,-0.0724613222847,-0.0163051841233,True
1917,95,17,2.47727109225,False,0.05566987174409999,True,-0.039497486018199995,-0.06732767600459999,-0.011657804260599999,True
1918,95,18,0.885573197158,False,0.0532482790783,True,-0.0414236426779,-0.0684145193063,-0.0151662402279,True
1919,95,19,1.03917357578,False,0.0569588967783,True,-0.044061929701699996,-0.0731659982908,-0.016207101512500002,True
1920,96,0,15.0570934044,False,0.138714742621,False,-0.0453438267777,-0.115836836307,0.022877906313400004,False
1921,96,1,4.9371317372800005,False,0.10079492852800001,False,-0.0557988918903,-0.10601586494200001,-0.0052209364144300005,True
1922,96,2,3.76734432585,False,0.0915655140364,False,-0.0555640885186,-0.09912751857060001,-0.00756200453418,True
1923,96,3,3.51862235195,False,0.0812427487509,False,-0.0512158841739,-0.0922589743475,-0.0110162255966,True
1924,96,4,3.59820248369,False,0.0698273409403,True,-0.0441603719056,-0.0800409223947,-0.0102135814544,True
1925,96,5,4.07359505563,False,0.06948263309830001,True,-0.0432611495476,-0.0768927732246,-0.00741014012632,True
1926,96,6,5.57297812702,False,0.06968796843280001,True,-0.0407940197235,-0.0743971276149,-0.004709159182060001,True
1927,96,7,5.393399233709999,False,0.0653295194457,True,-0.039677246646599995,-0.071419689131,-0.0060901696852899995,True
1928,96,8,7.44632272269,False,0.0640325252075,True,-0.0361619364299,-0.0673848989942,-0.0033523737867199995,True
1929,96,9,6.212633287969999,False,0.0629856580666,True,-0.037201246908900004,-0.0692376812971,-0.006252023230439999,True
1930,96,10,1.43579122396,False,0.059598411928,True,-0.0427893821385,-0.0740070360385,-0.0144086241105,True
1931,96,11,3.8387131051999996,False,0.0618063589728,True,-0.039172636087,-0.06893840375239998,-0.007132044779600001,True
1932,96,12,0.3481361536,False,0.0586001184306,True,-0.0492469436199,-0.07886871420260001,-0.0202685957721,True
1933,96,13,0.184761989623,True,0.05855409018590001,True,-0.0542742573988,-0.08376580468889999,-0.025211714503000002,True
1934,96,14,0.0013920178625899998,True,0.0566762900306,True,-0.05536617795419999,-0.082601755661,-0.025925465630399998,True
1935,96,15,0.0775348415072,True,0.0595870930021,True,-0.0534004773367,-0.08294789560039999,-0.0233608025983,True
1936,96,16,0.0038588518242099997,True,0.057558005932,True,-0.056627935853199994,-0.08579154004419999,-0.0282335341122,True
1937,96,17,0.052651569977799996,True,0.0569045637266,True,-0.059508337460699993,-0.0880707244396,-0.031166160713,True
1938,96,18,0.0039847728939,True,0.0565555664254,True,-0.058621868537800007,-0.08682230087960001,-0.030266734454299997,True
1939,96,19,0.0011263895808800001,True,0.05552654111000001,True,-0.05598765644999999,-0.08404560641060001,-0.0285190653006,True
1940,97,0,4.2606889986,False,0.143148981376,False,-0.0749402545816,-0.145094440526,-0.00194545915045,True
1941,97,1,0.333510960488,False,0.10416633725199999,False,-0.088871792072,-0.142379250629,-0.0382129133765,True
1942,97,2,0.27301674342300003,True,0.08716256724179999,False,-0.075071510708,-0.119900367867,-0.032737800625499996,True
1943,97,3,0.212878460024,True,0.0808958591824,False,-0.07420938835360001,-0.113849285548,-0.0329534263652,True
1944,97,4,0.0874266312222,True,0.0749359101595,True,-0.0713688428113,-0.108525915735,-0.0335900055756,True
1945,97,5,2.96948901607e-08,True,0.07041000897710001,True,-0.0780117298158,-0.115158743996,-0.0447487350184,True
1946,97,6,0.0551569674037,True,0.06493098168769999,True,-0.0770094630533,-0.11094285057600001,-0.0460118688879,True
1947,97,7,1.0131936637199999e-17,True,0.0631608553802,True,-0.08082686225880001,-0.11124980776900001,-0.0480889523889,True
1948,97,8,0.028807389933500002,True,0.06327676493750001,True,-0.0689119328888,-0.102524229198,-0.0392474642607,True
1949,97,9,0.00017980489677200002,True,0.061495102428400006,True,-0.0644958119322,-0.09588038773939998,-0.0343852853111,True
1950,97,10,0.0063363685192299995,True,0.061034337582999997,True,-0.061297161740300005,-0.09080117017599999,-0.029766832593,True
1951,97,11,8.61745710377e-11,True,0.0570456477391,True,-0.0635666661079,-0.09141694281030001,-0.0343712950712,True
1952,97,12,0.000381803027741,True,0.0597230327566,True,-0.06280066475219999,-0.0912196428751,-0.031496610118499996,True
1953,97,13,9.14718572633e-12,True,0.056686356395,True,-0.0700534492638,-0.09803621311339998,-0.0413498567185,True
1954,97,14,4.71646853796e-17,True,0.057774036918599996,True,-0.07005283917,-0.09976525993860001,-0.041991223019900006,True
1955,97,15,1.43579217252e-15,True,0.056890609002400006,True,-0.072508212655,-0.0999512232467,-0.04306061424430001,True
1956,97,16,1.65523528887e-11,True,0.05644952041069999,True,-0.0752421819349,-0.103703565071,-0.0472540446601,True
1957,97,17,1.3870396366e-13,True,0.0565219648113,True,-0.0732948033632,-0.100285197809,-0.043763232997900005,True
1958,97,18,7.47711930791e-26,True,0.0571486087263,True,-0.0777149067049,-0.105791938718,-0.0486433299917,True
1959,97,19,1.94153371507e-05,True,0.0561647620475,True,-0.079180169418,-0.10650543377499999,-0.0503406717277,True
1960,98,0,25.6758613531,False,0.137948561148,False,0.0240366932259,-0.0451193107787,0.09282925036900001,False
1961,98,1,31.3067774159,False,0.101831871341,False,0.023066278947000002,-0.0267895371621,0.0750423341788,False
1962,98,2,53.8823430382,False,0.09075405037999999,False,0.00548049509389,-0.0376255232615,0.053128527118499996,False
1963,98,3,51.907246471899995,False,0.07875447888010001,True,-0.010111779967,-0.0470263015008,0.0317281773793,False
1964,98,4,59.8929932845,False,0.07347371424360001,True,-0.006529414635770001,-0.0427409949936,0.03073271925,False
1965,98,5,71.3740286278,False,0.0684010341225,True,0.0008727878732980001,-0.0339350365869,0.03446599753559999,False
1966,98,6,68.8080922709,False,0.0659866531794,True,-0.00778860663583,-0.0413629518549,0.0246237013246,False
1967,98,7,72.8442732081,False,0.0646809987168,True,4.55596752842e-05,-0.031242156246799997,0.03343884247,False
1968,98,8,69.0179123861,False,0.061472777300199996,True,-0.007151205071640001,-0.038607823552699996,0.0228649537475,False
1969,98,9,47.0981695446,False,0.0601920851116,True,-0.0155433945349,-0.047014689257500006,0.0131773958541,False
1970,98,10,56.225762712,False,0.0623953027642,True,-0.0122246483156,-0.0419550496964,0.0204402530679,False
1971,98,11,43.4373629316,False,0.061096881387499996,True,-0.0173883986541,-0.0476287761166,0.0134681052709,False
1972,98,12,37.361123186,False,0.059091722243599994,True,-0.019254594495000003,-0.047624278695300004,0.011467443548299998,False
1973,98,13,45.184551508199995,False,0.058475310882199996,True,-0.0160932010259,-0.046179448391899997,0.012295862490299998,False
1974,98,14,8.70042212638,False,0.056090974058999994,True,-0.031207236956700003,-0.059266842952899995,-0.00317586889386,True
1975,98,15,6.5695407895,False,0.0582682749028,True,-0.0345238661619,-0.063930057702,-0.0056617827992,True
1976,98,16,3.79212735681,False,0.0560304660855,True,-0.0353797355289,-0.0642696123579,-0.00823914627234,True
1977,98,17,1.3895130740700001,False,0.056930300342300004,True,-0.0421662901265,-0.07077485947810001,-0.013844559135799999,True
1978,98,18,4.8079526352099995,False,0.0562257042815,True,-0.0351196624889,-0.0634413645615,-0.007215660280049999,True
1979,98,19,1.9918127802,False,0.055982910288500005,True,-0.0415795821095,-0.0708000752085,-0.014817164920099999,True
1980,99,0,35.291339653499996,False,0.136357844655,False,-0.00481671741074,-0.07481925942760001,0.0615385852275,False
1981,99,1,23.5505903582,False,0.106749169249,False,-0.0315601801896,-0.0875288696706,0.0192202995789,False
1982,99,2,36.4562597598,False,0.0882039427493,False,-0.022140326909599998,-0.06629111171230001,0.0219128310369,False
1983,99,3,4.16681829381,False,0.07899765465389999,True,-0.046359806348800006,-0.0847538161886,-0.00575616153468,True
1984,99,4,7.69632041913,False,0.0735522463647,True,-0.040225906758,-0.0736726041349,-0.00012035777014399999,True
1985,99,5,0.6612065787100001,False,0.0676617010133,True,-0.054094678538,-0.0877564401972,-0.020094739183900003,True
1986,99,6,2.36166917303,False,0.0636389296926,True,-0.045379896125499995,-0.0783819550743,-0.014743025381700001,True
1987,99,7,1.11832671434,False,0.0644181240412,True,-0.0498128973571,-0.0828919917319,-0.018473867690700002,True
1988,99,8,0.230255136168,True,0.063748976137,True,-0.0569657024402,-0.0887295836692,-0.024980607532200005,True
1989,99,9,0.289932551902,True,0.06554162639240001,True,-0.057842758705000004,-0.0917680940524,-0.02622646766,True
1990,99,10,0.33670830430200005,False,0.060200330256900005,True,-0.0518825803773,-0.0830910524898,-0.0228907222329,True
1991,99,11,0.27979457590999995,True,0.060059669428000007,True,-0.0521361013439,-0.0824110191035,-0.022351349675500003,True
1992,99,12,0.0628909081037,True,0.0594015762912,True,-0.05489722518659999,-0.08359330300439999,-0.024191726713200003,True
1993,99,13,0.218695752918,True,0.0580632722683,True,-0.053801641548,-0.0828017986227,-0.024738526354400003,True
1994,99,14,0.34017609923000003,False,0.0577750691246,True,-0.0509411379763,-0.07933358983460001,-0.0215585207101,True
1995,99,15,0.8922608457960001,False,0.0587153241797,True,-0.048670156885799995,-0.07717881143,-0.0184634872502,True
1996,99,16,0.269188114661,True,0.0593847989282,True,-0.0503822812859,-0.080960534924,-0.0215757359957,True
1997,99,17,0.0134282466875,True,0.055777264159699996,True,-0.054967144529,-0.08248411553389999,-0.0267068513742,True
1998,99,18,0.189326107876,True,0.0580337191849,True,-0.0532195061852,-0.08257566247539999,-0.0245419432905,True
1999,99,19,0.0137181625322,True,0.055645365232600004,True,-0.054171048147599994,-0.0826008141373,-0.0269554489046,True
2000,100,0,13.9310492083,False,0.142121140771,False,-0.0488206274003,-0.120116906237,0.022004234534400004,False
2001,100,1,3.28520521148,False,0.107637803454,False,-0.0630107529607,-0.116639776464,-0.009001973009860002,True
2002,100,2,13.122605749000002,False,0.0894718387307,False,-0.039958164622,-0.08412044365,0.00535139508063,False
2003,100,3,31.808465940599998,False,0.0812542145233,False,-0.0228834913178,-0.0667962440671,0.0144579704562,False
2004,100,4,7.8058978487,False,0.0724105373996,True,-0.0398057491531,-0.0781643965675,-0.00575385916788,True
2005,100,5,15.622563366800001,False,0.070432429697,True,-0.031248708883500002,-0.0657364287923,0.00469600090479,False
2006,100,6,15.5919057403,False,0.06709479302230001,True,-0.0302902299468,-0.0626059425303,0.00448885049204,False
2007,100,7,7.270340812330001,False,0.06276679796989999,True,-0.0353278334241,-0.0679080224498,-0.0051412244798199995,True
2008,100,8,5.331573350259999,False,0.0620515954175,True,-0.037025014277300004,-0.0694224399065,-0.00737084448903,True
2009,100,9,0.673544294558,False,0.059014426106900005,True,-0.047201222055699994,-0.0771010011503,-0.018086575043400003,True
2010,100,10,1.2536232657200002,False,0.061437644174300005,True,-0.046522932348499996,-0.0797696537512,-0.0183320095769,True
2011,100,11,2.24057109085,False,0.0612510709366,True,-0.0425609675362,-0.0741449098538,-0.012893838917200001,True
2012,100,12,1.7102448401800001,False,0.0583402597633,True,-0.0430568938723,-0.0731873297965,-0.0148470700331,True
2013,100,13,0.14790699837500002,True,0.0582488171096,True,-0.049754995615099995,-0.07941968928510001,-0.0211708721755,True
2014,100,14,0.829441732315,False,0.058557425766199996,True,-0.0474465133775,-0.0772694147728,-0.018711989006599997,True
2015,100,15,1.1657827276000001,False,0.057137099451099994,True,-0.045808978445300005,-0.073453293483,-0.0163161940319,True
2016,100,16,0.733005714671,False,0.0559761697303,True,-0.0452564218979,-0.0736030476066,-0.0176268778763,True
2017,100,17,0.195091669359,True,0.056987220070599996,True,-0.0466810581669,-0.0747367015302,-0.017749481459599998,True
2018,100,18,0.51844427312,False,0.0561149395807,True,-0.044894348044099995,-0.074941309837,-0.0188263702562,True
2019,100,19,0.915554726364,False,0.0566425459101,True,-0.0438086274168,-0.07289551554210001,-0.016252969632,True
2020,101,0,33.1864541541,False,0.141475290886,False,2.4640725819000003e-05,-0.0707960949982,0.0706791958874,False
2021,101,1,5.08999079486,False,0.10774250596799999,False,-0.058870764957099996,-0.11280841038799999,-0.005065904420199999,True
2022,101,2,6.7940923819700005,False,0.08646481789560001,False,-0.046296165943999996,-0.0885441596504,-0.00207934175477,True
2023,101,3,1.18207844029,False,0.0782020005604,True,-0.056932698065900005,-0.0964372973722,-0.018235296811799997,True
2024,101,4,1.1078888358,False,0.0737472117532,True,-0.0580624208354,-0.094287309133,-0.0205400973798,True
2025,101,5,0.640363379194,False,0.06877970289919999,True,-0.0536779561496,-0.0870140441282,-0.018234341229,True
2026,101,6,1.21921003729,False,0.0661421433988,True,-0.050510169504199995,-0.0836446976,-0.0175025542012,True
2027,101,7,4.56724004528,False,0.0645770226097,True,-0.0395787669881,-0.0720707215792,-0.0074936989695800005,True
2028,101,8,4.24589415186,False,0.0641989402893,True,-0.040835646094,-0.07365090353069999,-0.00945196324144,True
2029,101,9,0.209255313198,True,0.06056988889909999,True,-0.0558346970952,-0.0865516139333,-0.0259817250342,True
2030,101,10,0.000445766767431,True,0.060866660416,True,-0.05892882911280001,-0.08914976625939999,-0.028283105843400002,True
2031,101,11,0.0045082428044,True,0.05931106520769999,True,-0.0633950583912,-0.0925129840025,-0.033201918794900004,True
2032,101,12,0.00659921368574,True,0.05870686411719999,True,-0.0601154195096,-0.0892646714424,-0.0305578073252,True
2033,101,13,0.0138242068325,True,0.0579595286154,True,-0.0583315476054,-0.0872217516943,-0.029262223078799998,True
2034,101,14,0.00018481955553700002,True,0.057859831380400004,True,-0.0577791134684,-0.0874650063256,-0.029605174945200003,True
2035,101,15,5.89774985437e-07,True,0.056657988986999995,True,-0.0585175952406,-0.08780582132850001,-0.0311478323415,True
2036,101,16,6.16744999709e-05,True,0.056116566495699995,True,-0.0599308298534,-0.08696690262880001,-0.0308503361331,True
2037,101,17,0.17026814551,True,0.057199942256199995,True,-0.0613153335997,-0.0903871378862,-0.03318719563,True
2038,101,18,3.09321727776e-05,True,0.058581097017400004,True,-0.060188494721800004,-0.0906499344238,-0.032068837406299996,True
2039,101,19,3.59888853184e-05,True,0.0544127640355,True,-0.0646961659493,-0.09157192803980001,-0.037159164004300006,True
2040,102,0,20.5023189912,False,0.137320368478,False,-0.0366202240479,-0.10805093748099999,0.029269430997500002,False
2041,102,1,10.9638705729,False,0.105818563803,False,-0.047229841193000006,-0.100022875333,0.00579568846945,False
2042,102,2,22.773357804499998,False,0.08916840019960001,False,-0.0297471930676,-0.0734392687028,0.0157291314968,False
2043,102,3,18.9675221394,False,0.0773857518399,True,-0.0302583319852,-0.0713377508548,0.0060480009851,False
2044,102,4,19.8872882515,False,0.07205953144999999,True,-0.029719723083700002,-0.0660935340417,0.0059659974083400005,False
2045,102,5,19.1057603795,False,0.0692869542006,True,-0.0294275242839,-0.0628911804258,0.0063957737748599995,False
2046,102,6,16.070138793199998,False,0.0666259433053,True,-0.029403260410700002,-0.0629168055025,0.0037091378028599998,False
2047,102,7,7.868685294750001,False,0.0617012600356,True,-0.0358934007542,-0.0655024758636,-0.003801215828,True
2048,102,8,1.31270210665,False,0.0642477239709,True,-0.047122159159000004,-0.0780566159941,-0.013808892023200002,True
2049,102,9,5.47749299225,False,0.0633288226684,True,-0.0387203110383,-0.0707609584697,-0.00743213580131,True
2050,102,10,4.65606300758,False,0.06041833518709999,True,-0.037452704250199996,-0.0680369545098,-0.0076186193227,True
2051,102,11,0.871222685786,False,0.0587828424084,True,-0.0470718337829,-0.0771891146716,-0.0184062722633,True
2052,102,12,1.9186141313900003,False,0.056815821364400006,True,-0.042731946781,-0.0710374237892,-0.0142216024248,True
2053,102,13,0.141564886711,True,0.0563551961421,True,-0.0492027700369,-0.0786143466504,-0.0222591505083,True
2054,102,14,0.690317102365,False,0.0575004496225,True,-0.0452069441534,-0.073613223953,-0.016112774330500002,True
2055,102,15,2.0369419875099997,False,0.055225735071,True,-0.040131693353499996,-0.06690831941650001,-0.0116825843455,True
2056,102,16,3.10221811135,False,0.053577492144999996,True,-0.0359963593033,-0.06308760841109999,-0.00951011626612,True
2057,102,17,4.5761629271699995,False,0.0577694337873,True,-0.037428491473900004,-0.0646510739009,-0.00688164011361,True
2058,102,18,2.8570261441900002,False,0.054580967246000006,True,-0.0379447588837,-0.0659791050754,-0.011398137829400001,True
2059,102,19,0.990373113786,False,0.0551392810838,True,-0.0410291063127,-0.0666781960913,-0.0115389150075,True
2060,103,0,17.1089803671,False,0.142503261692,False,-0.0424942151691,-0.110635881103,0.0318673805889,False
2061,103,1,46.851169964499995,False,0.105053112466,False,-0.00484573914495,-0.05597428927130001,0.049078823195,False
2062,103,2,37.1065855461,False,0.08816149117580001,False,-0.0189903630214,-0.0643965099307,0.0237649812451,False
2063,103,3,12.3281064398,False,0.0820811677119,False,-0.0389334103779,-0.0793456916561,0.00273547605578,False
2064,103,4,3.82760689134,False,0.07212449476300001,True,-0.04426553838050001,-0.07828085207589999,-0.006156357312899999,True
2065,103,5,24.3730335789,False,0.0694026205121,True,-0.026732142579900003,-0.0634956826734,0.0059069378386899995,False
2066,103,6,7.63011422244,False,0.0676161143723,True,-0.036960835925800004,-0.07146627985500001,-0.00385016548275,True
2067,103,7,4.09081842192,False,0.06498650662269999,True,-0.039759727563199995,-0.0720491408812,-0.00706263425851,True
2068,103,8,7.340001824380001,False,0.064313592726,True,-0.035765501150199996,-0.0670597983584,-0.00274620563242,True
2069,103,9,2.87037150872,False,0.0613770822481,True,-0.043384538075800005,-0.0724929892613,-0.0111159070132,True
2070,103,10,2.61822002026,False,0.0605585826322,True,-0.0419601353691,-0.07142413379960001,-0.0108655511674,True
2071,103,11,1.4708444666100002,False,0.06087776163769999,True,-0.0437646099475,-0.0761931671989,-0.0153154055612,True
2072,103,12,0.11809801671299999,True,0.059313097034,True,-0.055173819844500004,-0.08572363332499999,-0.026410536291,True
2073,103,13,0.117682413674,True,0.0578503003523,True,-0.056959772317,-0.0873897271002,-0.0295394267479,True
2074,103,14,0.010927779046,True,0.0587222779944,True,-0.0593747855827,-0.09033073527660002,-0.0316084572822,True
2075,103,15,0.000178674081936,True,0.0581504838842,True,-0.058066059152,-0.0853951466798,-0.027244662795500002,True
2076,103,16,0.112757052752,True,0.0567899259872,True,-0.053910929022399995,-0.0798182877066,-0.023028361719400002,True
2077,103,17,0.062274976686399995,True,0.057609648179199995,True,-0.054563780756400004,-0.0832037854768,-0.0255941372976,True
2078,103,18,0.334758098535,False,0.0582002780222,True,-0.04912615080590001,-0.0786879051495,-0.0204876271273,True
2079,103,19,0.208778988224,True,0.0558264110024,True,-0.053134161944500005,-0.0806428029555,-0.0248163919531,True
2080,104,0,25.4477575521,False,0.143848203039,False,-0.0296347862241,-0.104140176187,0.039708026852099995,False
2081,104,1,4.19271230506,False,0.105847097797,False,-0.058624229547899996,-0.11000877329299999,-0.00416167549584,True
2082,104,2,1.9504408779700002,False,0.0877898834563,False,-0.059652607167499996,-0.102298704076,-0.014508820619700002,True
2083,104,3,12.093236503699998,False,0.07832320798510001,True,-0.037903182163999995,-0.077585766946,0.000737441039072,False
2084,104,4,10.155962134400001,False,0.07252422185889999,True,-0.0379547493022,-0.07585393046819999,-0.00332970860926,True
2085,104,5,5.8689796834,False,0.0708936710613,True,-0.040234796106,-0.0746254736754,-0.0037318026141799996,True
2086,104,6,12.944444036099998,False,0.0685957748052,True,-0.034254406989500004,-0.0667158161881,0.00187995861706,False
2087,104,7,3.3849131592000004,False,0.06408237085530001,True,-0.0414518047347,-0.07464298859410001,-0.0105606177388,True
2088,104,8,1.7926931278099998,False,0.06355715553960001,True,-0.0458499960563,-0.07726133785730001,-0.013704182317700002,True
2089,104,9,1.34138163389,False,0.0613357010559,True,-0.045331109351900004,-0.07606132723930001,-0.0147256261834,True
2090,104,10,1.36127709502,False,0.0610617379,True,-0.04837008139309999,-0.0799951846144,-0.018933446714299997,True
2091,104,11,1.211727588,False,0.0587326963745,True,-0.045663605283500004,-0.07586963332430001,-0.0171369369497,True
2092,104,12,0.518757485647,False,0.059496407514500006,True,-0.052936046304400006,-0.0830911297248,-0.0235947222103,True
2093,104,13,0.0619482486037,True,0.0578162959903,True,-0.0585796690496,-0.0877228237957,-0.029906527805400002,True
2094,104,14,0.0018353466011199998,True,0.0572446443162,True,-0.0614005825141,-0.09018575618180001,-0.0329411118656,True
2095,104,15,0.034432706105,True,0.058335798598600004,True,-0.0568662141652,-0.08691428007989999,-0.028578481481300003,True
2096,104,16,0.012503896703299999,True,0.0547346047267,True,-0.058843670969400005,-0.0854235561541,-0.0306889514274,True
2097,104,17,0.00971600450888,True,0.055295824876199995,True,-0.055490357683699996,-0.0828632491819,-0.027567424305599997,True
2098,104,18,0.177191015656,True,0.057813618326199995,True,-0.0558037323386,-0.0852671688008,-0.027453550474600002,True
2099,104,19,0.0417040909535,True,0.05655718410090001,True,-0.055697108960800004,-0.08546747816510002,-0.0289102940641,True
2100,105,0,0.13167314104800001,True,0.144841408106,False,-0.123940442042,-0.199650084997,-0.0548086768915,True
2101,105,1,0.0441784097774,True,0.10390614143999999,False,-0.0980522384582,-0.152532345116,-0.0486262036762,True
2102,105,2,0.0006220903297280001,True,0.0871363909577,False,-0.087903458531,-0.131555514264,-0.0444191233064,True
2103,105,3,0.08587686732439999,True,0.080816318693,False,-0.0754870381965,-0.116936971931,-0.0361206532383,True
2104,105,4,0.012718889466399999,True,0.0744050547964,True,-0.077436763087,-0.114862575158,-0.0404575203612,True
2105,105,5,0.0992367926843,True,0.0686729752857,True,-0.0641638757527,-0.09827233722650001,-0.029599361940900005,True
2106,105,6,0.435920219953,False,0.0655046936593,True,-0.0546794554117,-0.0866870129957,-0.0211823193364,True
2107,105,7,0.81247079729,False,0.0666988337451,True,-0.0536073866766,-0.08778492283669999,-0.021086089091599997,True
2108,105,8,0.007784183754970001,True,0.0634674114344,True,-0.057934957882599995,-0.0910464070592,-0.0275789956248,True
2109,105,9,0.0971996119287,True,0.0601970502749,True,-0.0589543508942,-0.0875364717543,-0.0273394214794,True
2110,105,10,0.010439562555600001,True,0.0591425364624,True,-0.057432126008900006,-0.08503159700889999,-0.0258890605465,True
2111,105,11,0.180270086841,True,0.061249785891399997,True,-0.0547027595579,-0.0846807063662,-0.023430920474900002,True
2112,105,12,0.00143712223952,True,0.0592625860152,True,-0.0596791198879,-0.08925149300239998,-0.0299889069872,True
2113,105,13,0.00622890168786,True,0.0576541702941,True,-0.0658157851768,-0.09472843442819999,-0.0370742641341,True
2114,105,14,0.015046605965,True,0.057029682625900004,True,-0.0613824770947,-0.0909924353952,-0.0339627527693,True
2115,105,15,0.00107577306699,True,0.056636813558199994,True,-0.0565038805497,-0.08363613103039999,-0.026999317472200003,True
2116,105,16,0.000250717550232,True,0.0568568504586,True,-0.0573299050368,-0.0863770117688,-0.029520161310299997,True
2117,105,17,7.12170397397e-10,True,0.0573729076595,True,-0.06721004954030001,-0.0944433433773,-0.0370704357179,True
2118,105,18,0.000515696009944,True,0.0587810344631,True,-0.0679961604252,-0.0969805831621,-0.038199548699,True
2119,105,19,2.6194468459e-08,True,0.05595866745130001,True,-0.0729373703958,-0.100223110871,-0.044264443419900004,True
2120,106,0,20.9636992543,False,0.142055652668,False,-0.0344151021743,-0.101998352162,0.040057300506300006,False
2121,106,1,9.900689405169999,False,0.103937949732,False,-0.0471636046099,-0.100596092829,0.00334185690329,False
2122,106,2,14.4763118187,False,0.09126081900329999,False,-0.0392471708326,-0.0843389901245,0.00692182887886,False
2123,106,3,34.109429051300005,False,0.08175328474,False,-0.0210446704783,-0.063244030827,0.018509253913099998,False
2124,106,4,29.528244780399998,False,0.07503169795869999,True,-0.024121627180499997,-0.061402145229000005,0.0136295527297,False
2125,106,5,65.0936105526,False,0.06912112692649999,True,-0.009027339619759999,-0.044651943216,0.0244691837105,False
2126,106,6,37.4003948818,False,0.0669989198945,True,-0.0200256286863,-0.052910703070300005,0.0140882168242,False
2127,106,7,21.1747914993,False,0.0641502135932,True,-0.0271184874982,-0.059749582049199994,0.004400631543939999,False
2128,106,8,6.41300194596,False,0.0629071605727,True,-0.0364937300775,-0.0679874883759,-0.00508032780318,True
2129,106,9,14.914436350799999,False,0.06409521128769999,True,-0.029463806712700002,-0.0625942371204,0.0015009741673299999,False
2130,106,10,11.208800737,False,0.0612581742731,True,-0.0324118810445,-0.0619210600628,-0.000662885789694,True
2131,106,11,5.614439572949999,False,0.06087902583819999,True,-0.036358764821099995,-0.06849696847799999,-0.00761794263972,True
2132,106,12,2.87209324509,False,0.059313472160099995,True,-0.0401200322317,-0.0691457724377,-0.00983230027762,True
2133,106,13,0.616136732556,False,0.0561470496676,True,-0.0451540455625,-0.0734575622036,-0.017310512535999998,True
2134,106,14,0.45085191176399997,False,0.0579573175001,True,-0.047762838602499996,-0.0771544042208,-0.019197086720799998,True
2135,106,15,0.327203574356,True,0.058224586929199997,True,-0.0508464655237,-0.0792251157274,-0.0210005287982,True
2136,106,16,0.6503708147649999,False,0.0587245028522,True,-0.04658979004430001,-0.07517852703099999,-0.016454024178799997,True
2137,106,17,0.596090069675,False,0.057546840213599994,True,-0.0446586694384,-0.07362617629649999,-0.0160793360829,True
2138,106,18,0.275667403602,True,0.0541742151482,True,-0.04900955547619999,-0.076237340598,-0.0220631254498,True
2139,106,19,0.23442221745,True,0.057115684929,True,-0.049967211685499995,-0.0784481669785,-0.0213324820495,True
2140,107,0,33.5072751241,False,0.138594865094,False,-0.00421918840921,-0.0756235251783,0.06297133991569999,False
2141,107,1,29.2465381931,False,0.10369526962000002,False,-0.0248820669185,-0.0754203979864,0.028274871633099996,False
2142,107,2,11.5295662855,False,0.08717570308389999,False,-0.041098359635,-0.0861424837138,0.00103321937011,False
2143,107,3,3.31754746039,False,0.0809985198036,False,-0.0506810750294,-0.09061639466520001,-0.009617874861559999,True
2144,107,4,7.15387597406,False,0.0738675699494,True,-0.0397266684391,-0.0773920228923,-0.0035244529429299997,True
2145,107,5,0.771781322186,False,0.0705853471985,True,-0.0559003308079,-0.0898911648677,-0.0193058176692,True
2146,107,6,1.7856545766,False,0.0687951203551,True,-0.0489716160807,-0.0837858213959,-0.0149907010408,True
2147,107,7,0.585103977178,False,0.0631932432602,True,-0.0515727585502,-0.08265281521239999,-0.0194595719522,True
2148,107,8,0.119475542798,True,0.0613018771476,True,-0.052468230459599995,-0.0826111179102,-0.0213092407625,True
2149,107,9,0.614835481497,False,0.062374677097500004,True,-0.0500498723717,-0.08084117139380001,-0.0184664942963,True
2150,107,10,2.8154213401e-06,True,0.0598542450875,True,-0.061147391440599996,-0.0906568044243,-0.030802559336799998,True
2151,107,11,0.0130008272197,True,0.0602741241086,True,-0.057445341978000004,-0.08686181332739999,-0.026587689218799997,True
2152,107,12,0.000934365604993,True,0.0601825217742,True,-0.0595508643172,-0.09079844075589999,-0.030615918981699998,True
2153,107,13,7.37425943554e-07,True,0.059094548249699994,True,-0.0669405271311,-0.0964404860303,-0.0373459377806,True
2154,107,14,3.44379058927e-10,True,0.05972406702819999,True,-0.07121097980560001,-0.101644941085,-0.0419208740571,True
2155,107,15,1.03715299279e-09,True,0.057022819294800006,True,-0.0775109311257,-0.10629409413999999,-0.0492712748452,True
2156,107,16,2.7491192242899997e-23,True,0.0578621782261,True,-0.07839998006780001,-0.107249301646,-0.049387123420099995,True
2157,107,17,6.02748840181e-21,True,0.05722767945780001,True,-0.07794720326780001,-0.107026851057,-0.0497991715995,True
2158,107,18,8.33825808028e-18,True,0.05714295658969999,True,-0.08443161422039999,-0.113870700242,-0.056727743652,True
2159,107,19,1.3525559732699999e-27,True,0.0583985059504,True,-0.0848461850445,-0.114710428894,-0.0563119229435,True
2160,108,0,33.3162938622,False,0.141528414808,False,-0.00462034498974,-0.0727232620494,0.06880515275839999,False
2161,108,1,6.9031148437,False,0.103835640571,False,-0.052542354722899996,-0.102907932417,0.000927708154228,False
2162,108,2,20.7695733887,False,0.0879411322975,False,-0.031056030935200003,-0.075952649578,0.0119884827195,False
2163,108,3,22.299711816,False,0.0793991608792,True,-0.029559435618500003,-0.0687187126927,0.0106804481865,False
2164,108,4,2.50223751526,False,0.0733644807393,True,-0.04881811731269999,-0.08582190595650001,-0.0124574252172,True
2165,108,5,5.13062305417,False,0.06992626880780001,True,-0.0417694278575,-0.07995920950230001,-0.0100329406945,True
2166,108,6,1.9951631471,False,0.0652435605575,True,-0.04499765953840001,-0.07597588024960002,-0.0107323196921,True
2167,108,7,3.6894991572699998,False,0.0654789721544,True,-0.0429764670242,-0.0739222106454,-0.00844323849093,True
2168,108,8,1.7356998471,False,0.061809514680199996,True,-0.0465051924137,-0.07655618040489999,-0.0147466657247,True
2169,108,9,2.93181972995,False,0.0623922963852,True,-0.04220587784199999,-0.0735454146909,-0.011153118305799998,True
2170,108,10,1.6852016346599998,False,0.0609207748851,True,-0.04444443747819999,-0.07417144715910001,-0.013250672274,True
2171,108,11,4.95428352371,False,0.057510419071000005,True,-0.035480495964,-0.0649792539355,-0.007468834864439999,True
2172,108,12,23.4379329481,False,0.058285232016400006,True,-0.0249081848919,-0.053160473244,0.00512475877246,False
2173,108,13,30.581996544899997,False,0.057616143728599994,True,-0.021609442648,-0.0511794263685,0.00643671736007,False
2174,108,14,23.9483670485,False,0.0567089809633,True,-0.024514048735000002,-0.0536130657761,0.00309591518719,False
2175,108,15,10.815415053499999,False,0.0572175961627,True,-0.0315188419092,-0.0586879824591,-0.0014703862963699997,True
2176,108,16,5.21293171602,False,0.057391984325299995,True,-0.0348108628807,-0.0655414369664,-0.00814945264116,True
2177,108,17,1.5727585564,False,0.0573320241829,True,-0.040752457031,-0.0709736185678,-0.013641594384999999,True
2178,108,18,0.220128439835,True,0.0556659927345,True,-0.0459887777133,-0.0739127206692,-0.0182467279346,True
2179,108,19,0.128527339566,True,0.058512283744,True,-0.0517583776274,-0.08112354015319999,-0.0226112564092,True
2180,109,0,6.92699585133,False,0.141936520874,False,-0.06564733368959999,-0.134725552922,0.007210967951819999,False
2181,109,1,1.56715126514,False,0.106226823198,False,-0.0726146565106,-0.12607594843800002,-0.0198491252404,True
2182,109,2,0.19726769127,True,0.08724265582869999,False,-0.0738671541853,-0.115214109434,-0.027971453605299998,True
2183,109,3,2.43905003417,False,0.07924493921550001,True,-0.0522672470476,-0.09296778393999999,-0.0137228447245,True
2184,109,4,0.211676306975,True,0.075556922189,True,-0.0667818835029,-0.103703654242,-0.028146732053299997,True
2185,109,5,0.37698968329800003,False,0.0718485622954,True,-0.0604392676126,-0.0955278641015,-0.023679301806099996,True
2186,109,6,0.827969683901,False,0.067935184184,True,-0.053897688945,-0.0878229349363,-0.0198877507523,True
2187,109,7,0.137103547659,True,0.06566446776000001,True,-0.0564279797664,-0.08727729436550001,-0.0216128266054,True
2188,109,8,0.106988252248,True,0.0621284783177,True,-0.054475666501400004,-0.08709519114389999,-0.024966712826200003,True
2189,109,9,0.00713841716829,True,0.060673163858699995,True,-0.057283587681999995,-0.0912084159011,-0.030535252042400002,True
2190,109,10,0.05836124277319999,True,0.0605466251044,True,-0.0580307936899,-0.0876986820139,-0.0271520569095,True
2191,109,11,0.07583804269569999,True,0.056316559494,True,-0.055350262469199996,-0.0831316941232,-0.0268151346291,True
2192,109,12,0.509254589283,False,0.05826304148030001,True,-0.050811380764699994,-0.079705176073,-0.0214421345927,True
2193,109,13,0.0066112742702,True,0.0590165433719,True,-0.06538043254959999,-0.0949197179888,-0.035903174616999996,True
2194,109,14,5.55661841142e-10,True,0.05953034097,True,-0.0708754133462,-0.10111182925899999,-0.041581488289099994,True
2195,109,15,8.36871471321e-16,True,0.0576926964164,True,-0.0730294452774,-0.104412243981,-0.0467195475646,True
2196,109,16,1.35304228566e-15,True,0.0555402982417,True,-0.0798326660894,-0.10707734462000001,-0.051537046377999995,True
2197,109,17,2.2089553627500003e-32,True,0.0563234831129,True,-0.0824709595542,-0.110064218398,-0.053740735285499996,True
2198,109,18,4.2210191694199995e-43,True,0.055856634025999996,True,-0.0843765472982,-0.11206496428099999,-0.0562083302549,True
2199,109,19,2.38556665332e-44,True,0.056380796068,True,-0.0895502660428,-0.11672835507099999,-0.060347559003400005,True
2200,110,0,25.985592391999997,False,0.143449872939,False,-0.025480116602,-0.101891383889,0.0415584890497,False
2201,110,1,14.357052012899999,False,0.100886361115,False,-0.0417368581768,-0.09048842822239998,0.010397932892999999,False
2202,110,2,16.3516624479,False,0.0881840529013,False,-0.0358688945371,-0.0800414090592,0.00814264384213,False
2203,110,3,2.09996510386,False,0.07828594195380001,True,-0.05205697080580001,-0.0902522099783,-0.011966268024600001,True
2204,110,4,4.6753577148000005,False,0.0724422211087,True,-0.044705132222999995,-0.0825972617105,-0.0101550406018,True
2205,110,5,2.44825690736,False,0.069259511541,True,-0.0473081542978,-0.0831412356002,-0.0138817240592,True
2206,110,6,1.11744437448,False,0.0651025637897,True,-0.0505858203753,-0.0822013241374,-0.017098760347700002,True
2207,110,7,3.1246990479799996,False,0.0621989228298,True,-0.0416340939329,-0.0709236386178,-0.00872471578801,True
2208,110,8,1.12297909721,False,0.06525753797389999,True,-0.0507302037422,-0.081156020152,-0.015898482178,True
2209,110,9,0.227318579829,True,0.062197807232300006,True,-0.053257989024,-0.0839304034668,-0.0217325962345,True
2210,110,10,0.153441568876,True,0.0637537411324,True,-0.0577480381692,-0.0884941720823,-0.0247404309499,True
2211,110,11,0.07139565871789999,True,0.059433527991000004,True,-0.0553954920548,-0.08577850872000001,-0.026344980729,True
2212,110,12,0.0326142753214,True,0.0585837443212,True,-0.0548300568152,-0.0825706657681,-0.0239869214469,True
2213,110,13,9.27476380172e-06,True,0.0594721890148,True,-0.0654969713557,-0.09430061271080001,-0.034828423696,True
2214,110,14,0.004237601151360001,True,0.0566556731946,True,-0.0630800130074,-0.0915854805488,-0.034929807354199996,True
2215,110,15,1.25344123109e-05,True,0.057518596138699994,True,-0.0681815000394,-0.09754723332450001,-0.0400286371858,True
2216,110,16,1.06424012099e-11,True,0.056575668756,True,-0.062903045763,-0.092079981753,-0.035504312997,True
2217,110,17,0.00372825918727,True,0.0565306877819,True,-0.0660848773871,-0.094962180546,-0.038431492764099996,True
2218,110,18,8.46804456703e-12,True,0.0561675902677,True,-0.0669204479328,-0.0949609895663,-0.0387933992986,True
2219,110,19,0.00047530489958499993,True,0.0573568822444,True,-0.064263146523,-0.0948449611837,-0.0374880789393,True
2220,111,0,6.38492052868,False,0.144373693404,False,-0.07092161000319999,-0.147101136031,-0.00272744262757,True
2221,111,1,2.18214093694,False,0.105819284656,False,-0.0683208956812,-0.121658146621,-0.015838861965600002,True
2222,111,2,1.0503335809299998,False,0.0883378273681,False,-0.064212985798,-0.109614778249,-0.021276950880700002,True
2223,111,3,0.054399738296800004,True,0.0784314866292,True,-0.0704282161753,-0.109548552743,-0.031117066113299997,True
2224,111,4,0.19681172755100002,True,0.07467121677069999,True,-0.06571067642180001,-0.103339922591,-0.0286687058201,True
2225,111,5,0.14900249719699998,True,0.06839546487819999,True,-0.0647050550497,-0.0977168264611,-0.029321361582900003,True
2226,111,6,3.13986902141e-05,True,0.0673537536178,True,-0.069501045252,-0.104031142435,-0.0366773888167,True
2227,111,7,0.000642629991843,True,0.0630390935824,True,-0.0619624369319,-0.0928397624132,-0.0298006688307,True
2228,111,8,0.0054044204023599995,True,0.0642325354733,True,-0.0641119224011,-0.0954804965791,-0.031247961105800002,True
2229,111,9,0.143779848327,True,0.0619703325428,True,-0.0705323536245,-0.101874538407,-0.039904205864300005,True
2230,111,10,4.48914987705e-08,True,0.0602681438073,True,-0.068850934488,-0.0988029097847,-0.0385347659774,True
2231,111,11,3.18839578867e-16,True,0.0594885207778,True,-0.0725861753275,-0.102497553063,-0.043009032285699994,True
2232,111,12,1.02662841549e-06,True,0.057926099607699996,True,-0.0769536814683,-0.105762304292,-0.0478362046847,True
2233,111,13,6.87216387183e-17,True,0.05917299365119999,True,-0.0820427082029,-0.11145327183499999,-0.052280278183599996,True
2234,111,14,3.9899864379299996e-21,True,0.0577499256714,True,-0.08184761020930001,-0.11043902522700001,-0.052689099555699996,True
2235,111,15,6.654396190389999e-47,True,0.054951782351000004,True,-0.084494862769,-0.11222988346200001,-0.0572781011105,True
2236,111,16,2.83425501241e-20,True,0.0602301156258,True,-0.09410256173730001,-0.122787198924,-0.0625570832985,True
2237,111,17,3.8251486957299995e-74,True,0.0560545765672,True,-0.10146046999,-0.129073073632,-0.0730184970648,True
2238,111,18,3.553588565139999e-73,True,0.0573645346451,True,-0.10622542394,-0.135145217378,-0.0777806827326,True
2239,111,19,1.8971355305299997e-87,True,0.05793164852919999,True,-0.10979117109400001,-0.13844958040799998,-0.0805179318783,True
2240,112,0,11.023556938599999,False,0.140398470065,False,-0.056327682483699994,-0.129861783526,0.010536686539,False
2241,112,1,0.685693164724,False,0.107057535027,False,-0.0789672995883,-0.130153945159,-0.023096410132599998,True
2242,112,2,0.18851876276500001,True,0.0880344761204,False,-0.0927508609678,-0.13559134896199998,-0.0475568728414,True
2243,112,3,0.0286819681501,True,0.0793971227678,True,-0.0810025083489,-0.122892977335,-0.04349585456690001,True
2244,112,4,0.498730801241,False,0.0736782902389,True,-0.0634485520157,-0.10006608069,-0.0263877904511,True
2245,112,5,0.0811929813367,True,0.06797380070709999,True,-0.0655108822248,-0.0997018352135,-0.0317280345064,True
2246,112,6,0.239561137122,True,0.0661276104622,True,-0.0608278634583,-0.09526416865180001,-0.0291365581896,True
2247,112,7,0.0560312520657,True,0.0648410713361,True,-0.06285609876159999,-0.09534781260289998,-0.030506741266900003,True
2248,112,8,0.117391531283,True,0.0632985640456,True,-0.0624646511795,-0.0948393426186,-0.031540778573099996,True
2249,112,9,0.138887699651,True,0.061168547278199994,True,-0.0628141934371,-0.0935081935128,-0.0323396462346,True
2250,112,10,1.07722207615e-06,True,0.0600996939097,True,-0.06797885029350001,-0.09818261912560002,-0.0380829252159,True
2251,112,11,3.10801095822e-06,True,0.0589973527125,True,-0.0603719591807,-0.0906022972108,-0.031604944498400005,True
2252,112,12,2.93234628357e-08,True,0.058579904045699994,True,-0.06879302446489999,-0.100080350822,-0.0415004467764,True
2253,112,13,7.60527227052e-07,True,0.0575222213222,True,-0.0666253309875,-0.09547900030819999,-0.037956778986,True
2254,112,14,3.8494578943400004e-08,True,0.057903971272999996,True,-0.0702899853118,-0.09905130920489999,-0.0411473379319,True
2255,112,15,2.14493093679e-06,True,0.05719291871719999,True,-0.063219487379,-0.0920586340102,-0.034865715293,True
2256,112,16,6.83030821584e-13,True,0.0565261660664,True,-0.0660570150237,-0.0957599707999,-0.0392338047336,True
2257,112,17,2.33438863914e-13,True,0.0540920080924,True,-0.06834917389890001,-0.09578124314889999,-0.041689235056500004,True
2258,112,18,2.1852378121599997e-06,True,0.0558536122976,True,-0.06965984071550001,-0.09703674409710002,-0.0411831317994,True
2259,112,19,4.83832546258e-15,True,0.0561290843975,True,-0.0710381847731,-0.100247238308,-0.044118153910099996,True
2260,113,0,11.9524402837,False,0.142715368318,False,-0.0535106639836,-0.123940046415,0.0187753219034,False
2261,113,1,40.3742485349,False,0.10633986769300001,False,-0.00825874836226,-0.059526917333,0.04681295036040001,False
2262,113,2,50.9111216864,False,0.08831801131190001,False,0.0024345201298499996,-0.040233592395599996,0.048084418916300005,False
2263,113,3,59.6940022718,False,0.0785190813372,True,-0.00165726056782,-0.040291735398199996,0.038227345939,False
2264,113,4,21.2765922023,False,0.07157351527160001,True,-0.028531337476900002,-0.06595822306219999,0.00561529220938,False
2265,113,5,25.451802336799997,False,0.07358131246989999,True,-0.0257639338526,-0.0630548773825,0.0105264350873,False
2266,113,6,15.700341265699999,False,0.066171983742,True,-0.0314961650561,-0.0649249792878,0.0012470044541400003,False
2267,113,7,7.28730237792,False,0.0654939337174,True,-0.036732073424400005,-0.0686290040871,-0.0031350703697100002,True
2268,113,8,4.9997581041000005,False,0.063872696269,True,-0.039038078423699996,-0.0699330836025,-0.0060603873335,True
2269,113,9,0.876854541229,False,0.0627624216583,True,-0.0473486587045,-0.07893962822650001,-0.0161772065682,True
2270,113,10,0.391625957272,False,0.06174645877090001,True,-0.0523568613552,-0.0818196687236,-0.0200732099527,True
2271,113,11,0.07582830956299999,True,0.0576919438043,True,-0.0585286577585,-0.0872159256698,-0.029523981865500003,True
2272,113,12,8.23626275941e-06,True,0.0591183440846,True,-0.0602193185544,-0.0911453324013,-0.032026988316599996,True
2273,113,13,1.8110964232599996e-08,True,0.0570951622858,True,-0.0627748476703,-0.089310815207,-0.032215652921199996,True
2274,113,14,0.182405070649,True,0.0589343550994,True,-0.05915831014740001,-0.08992333640380001,-0.0309889813044,True
2275,113,15,1.1544652884700002e-06,True,0.056347148062,True,-0.060779181280399996,-0.08943226341919999,-0.0330851153572,True
2276,113,16,2.70422529957e-06,True,0.0571510867466,True,-0.0603572111202,-0.08814087268310002,-0.0309897859365,True
2277,113,17,0.00017728200033700003,True,0.0571777584093,True,-0.0666601384275,-0.09556337417619999,-0.0383856157669,True
2278,113,18,3.8565260417600007e-19,True,0.0536562993363,True,-0.06809519032189999,-0.09440186494950001,-0.040745565613199995,True
2279,113,19,1.8815713204900005e-12,True,0.0557755936415,True,-0.06876910008949999,-0.09831857008360001,-0.0425429764421,True
2280,114,0,8.36914660518,False,0.143386612097,False,-0.06255622450500001,-0.134530424544,0.008856187552690001,False
2281,114,1,12.1002774346,False,0.108006794098,False,-0.04326274935319999,-0.100651463038,0.00735533105939,False
2282,114,2,5.13198813771,False,0.0903809970178,False,-0.0504022324736,-0.0950856502257,-0.00470465320791,True
2283,114,3,14.8858426923,False,0.080473182689,False,-0.0367088428839,-0.07768235203039998,0.00279083065859,False
2284,114,4,1.5238311845299999,False,0.07264684445389999,True,-0.0541307735604,-0.09118132076850001,-0.0185344763146,True
2285,114,5,0.164185799784,True,0.0712850033865,True,-0.06641272648350001,-0.10113676298100001,-0.0298517595947,True
2286,114,6,0.0232154167724,True,0.0698611386138,True,-0.0639478176521,-0.0997363728253,-0.0298752342115,True
2287,114,7,0.998431158997,False,0.0625462989301,True,-0.0525304663564,-0.08426130068910001,-0.0217150017591,True
2288,114,8,0.101777081415,True,0.06397621482509999,True,-0.062143362373800005,-0.09414299700999999,-0.030166782184900005,True
2289,114,9,0.00031554372488700003,True,0.0613664109473,True,-0.0634596867639,-0.0958157174561,-0.034449306508900004,True
2290,114,10,0.0013964505108399997,True,0.0625214626573,True,-0.0622015119681,-0.0945843561949,-0.0320628935376,True
2291,114,11,8.7488268983e-05,True,0.0587281661294,True,-0.0653846081496,-0.09236332508639998,-0.033635158957000005,True
2292,114,12,2.56962276145e-20,True,0.0578412832051,True,-0.0696496584354,-0.0982526106245,-0.0404113274194,True
2293,114,13,2.72321100406e-05,True,0.056121126184,True,-0.0642420468367,-0.092350685963,-0.036229559779,True
2294,114,14,1.2957676818800002e-07,True,0.058167898542999995,True,-0.0658052119921,-0.0953864195713,-0.037218521028300006,True
2295,114,15,7.72799236697e-11,True,0.0582572517258,True,-0.0703122098285,-0.09796798204110001,-0.0397107303153,True
2296,114,16,6.545532866649999e-12,True,0.0575464628221,True,-0.0696906898952,-0.09871339164660001,-0.0411669288245,True
2297,114,17,1.59323742928e-07,True,0.0566576095858,True,-0.0651482258642,-0.0932706658054,-0.036613056219599996,True
2298,114,18,1.1643725193600001e-12,True,0.05458130146700001,True,-0.0695948030971,-0.09746929306189998,-0.042887991594900005,True
2299,114,19,9.319794425190002e-15,True,0.05506809900230001,True,-0.0708076349938,-0.0983534853153,-0.043285386312999996,True
2300,115,0,18.249103693800002,False,0.139597239875,False,-0.042300261051900004,-0.116344594431,0.023252645444400002,False
2301,115,1,45.697929028699996,False,0.107406391074,False,-0.000505454577299,-0.0542959491811,0.053110441892999995,False
2302,115,2,51.9086191808,False,0.0871602798661,False,-0.00563482698505,-0.05093255264169999,0.036227727224499996,False
2303,115,3,32.5969867969,False,0.0809067317156,False,-0.023207677575,-0.0640090837857,0.01689764793,False
2304,115,4,66.06270959279999,False,0.0718357597466,True,-0.0028650466051300004,-0.03910208868580001,0.032733671060799996,False
2305,115,5,55.5651031054,False,0.0712390345379,True,-0.011416714468300001,-0.0471653761144,0.024073658423599997,False
2306,115,6,33.3368737526,False,0.0672510885095,True,-0.022042492061400003,-0.0548367353037,0.012414353205799998,False
2307,115,7,6.819410024190001,False,0.0641768160437,True,-0.0367641007534,-0.0709208916691,-0.00674407562543,True
2308,115,8,6.510023229830001,False,0.0613374884121,True,-0.0357683952786,-0.068192110503,-0.00685462209088,True
2309,115,9,4.4509562531,False,0.061097703696,True,-0.037786802590300005,-0.0679966948562,-0.00689899116027,True
2310,115,10,1.7886748999200002,False,0.0602991560511,True,-0.044665483301900004,-0.0741898638873,-0.0138907078363,True
2311,115,11,0.645497140858,False,0.0585034469345,True,-0.0465929975944,-0.0752758657414,-0.0167724188069,True
2312,115,12,0.277859171151,True,0.057983132394699995,True,-0.052080823176,-0.0810384639024,-0.023055331507700002,True
2313,115,13,0.253814247797,True,0.05778599225330001,True,-0.0516701934709,-0.08136189510189999,-0.0235759028486,True
2314,115,14,0.659028281226,False,0.05620908727519999,True,-0.0474150213165,-0.0749375119555,-0.018728424680299997,True
2315,115,15,0.9289079335770001,False,0.0582434734463,True,-0.047310242159599995,-0.07704801610930001,-0.018804542663,True
2316,115,16,0.000820621753337,True,0.0570880248824,True,-0.0579154012688,-0.0866662098835,-0.0295781850011,True
2317,115,17,0.00039530768782699996,True,0.0571232527508,True,-0.056502927242099994,-0.08519196655360001,-0.028068713802900002,True
2318,115,18,0.000404807795045,True,0.0570509956566,True,-0.06373208175850001,-0.0919506300348,-0.0348996343782,True
2319,115,19,0.000257328482466,True,0.0531593645598,True,-0.064071598132,-0.0894292583682,-0.0362698938085,True
2320,116,0,12.7194833778,False,0.13874822183,False,-0.0514940866786,-0.12134415575600001,0.0174040660748,False
2321,116,1,21.0612081688,False,0.105723480359,False,-0.0345574919716,-0.08767929354160002,0.0180441868172,False
2322,116,2,34.0471883536,False,0.0882533842512,False,-0.0221179595035,-0.06666684816139999,0.0215865360898,False
2323,116,3,13.076444603199999,False,0.0810866707196,False,-0.038869461683400004,-0.07938777054860001,0.00169890017097,False
2324,116,4,8.43476785503,False,0.075271595158,True,-0.0382928322893,-0.0774109932065,-0.00213939804857,True
2325,116,5,1.14947492442,False,0.07095401596489999,True,-0.0495768865671,-0.08465587291000001,-0.0137018569451,True
2326,116,6,0.33757461758900004,False,0.0683220562226,True,-0.061039599150800004,-0.0952389073512,-0.026916851128599997,True
2327,116,7,0.15792252350400002,True,0.065191404674,True,-0.06147226433619999,-0.0955251874911,-0.0303337828171,True
2328,116,8,0.00012455897293100002,True,0.06299836012849999,True,-0.0637444371382,-0.09504123516139999,-0.0320428750329,True
2329,116,9,0.382478188908,False,0.06213797562369999,True,-0.05340015124419999,-0.0837574422685,-0.0216194666448,True
2330,116,10,0.837900059517,False,0.0621298528747,True,-0.048119462356,-0.07844292266780001,-0.016313069793100002,True
2331,116,11,2.7577210435,False,0.0612029688947,True,-0.0423185045952,-0.0722615385664,-0.0110585696718,True
2332,116,12,0.9059424324850001,False,0.058350682064699996,True,-0.0452471113201,-0.0755144691367,-0.017163787072,True
2333,116,13,3.3226466659599994,False,0.058023140398900004,True,-0.038124907235400005,-0.0662132725728,-0.00819013217387,True
2334,116,14,0.643729323032,False,0.05723737481380001,True,-0.0465426262254,-0.07675247136760001,-0.019515096553799998,True
2335,116,15,0.0130194503771,True,0.0579810483409,True,-0.0548954782603,-0.0825351708255,-0.0245541224847,True
2336,116,16,0.0652102065808,True,0.056548951454,True,-0.0554897119467,-0.0841914497032,-0.0276424982492,True
2337,116,17,0.06763815081069999,True,0.0587947853991,True,-0.0561055661503,-0.085964160669,-0.0271693752699,True
2338,116,18,0.11700944542500001,True,0.0576305136057,True,-0.0570594248305,-0.08629423299319999,-0.028663719387599998,True
2339,116,19,0.118631109656,True,0.0572805584531,True,-0.0541904859134,-0.0828388974543,-0.025558339001199998,True
2340,117,0,5.614771676599999,False,0.141524451533,False,-0.0720238084634,-0.141771052497,-0.000246600963993,True
2341,117,1,3.18474193913,False,0.103578940045,False,-0.0619595228431,-0.11427349684699999,-0.010694556801400001,True
2342,117,2,43.227737015,False,0.0897618477971,False,-0.0141885053516,-0.058795373998800006,0.0309664737983,False
2343,117,3,21.752430481100003,False,0.07778298595380001,True,-0.028480211722300003,-0.06717016539750001,0.0106128205564,False
2344,117,4,40.3179790783,False,0.0749292236789,True,-0.018701861842900003,-0.056985211935900004,0.017944011743,False
2345,117,5,30.6609226916,False,0.06915350805110002,True,-0.0232665052679,-0.0579942987637,0.0111592092874,False
2346,117,6,15.457589083299998,False,0.0660931484707,True,-0.0305031142423,-0.0632927301299,0.00280041834082,False
2347,117,7,12.2561047173,False,0.0652704878869,True,-0.0321745858139,-0.06275999237049999,0.0025104955163200004,False
2348,117,8,15.3419666703,False,0.0637730114838,True,-0.030006694128700002,-0.0619390174235,0.00183399406034,False
2349,117,9,15.563949727899999,False,0.0621313957519,True,-0.0295584542177,-0.0609676491326,0.0011637466192100001,False
2350,117,10,2.8299475947299997,False,0.060782347968499996,True,-0.042264675661699995,-0.0732946628713,-0.0125123149028,True
2351,117,11,0.541971087937,False,0.0596383554876,True,-0.0471738514831,-0.0779186073816,-0.018280251894,True
2352,117,12,1.18415973558,False,0.058715673137400004,True,-0.0433433113369,-0.07082000742389999,-0.0121043342864,True
2353,117,13,1.13628692609,False,0.0584476644365,True,-0.04458821185530001,-0.074701485387,-0.0162538209504,True
2354,117,14,0.477644887491,False,0.05617207450159999,True,-0.0454986844387,-0.0730551858065,-0.0168831113049,True
2355,117,15,0.701308267398,False,0.056435469731099995,True,-0.044857338629700004,-0.0724309936259,-0.0159955238948,True
2356,117,16,1.07242789126,False,0.0572034133155,True,-0.0444131782418,-0.07469763947489999,-0.017494226159400002,True
2357,117,17,0.34777356990599995,False,0.0577736052475,True,-0.0500561010021,-0.0795769828145,-0.021803377566999998,True
2358,117,18,1.23216168406,False,0.0582727308399,True,-0.0436715227761,-0.071159064177,-0.012886333337100002,True
2359,117,19,0.65425196914,False,0.055438421248599996,True,-0.046345682835800005,-0.0730006106435,-0.017562189394900004,True
2360,118,0,0.7754240411679999,False,0.141934914572,False,-0.101098671979,-0.173361515547,-0.031426600975,True
2361,118,1,5.54563418886e-05,True,0.102841466095,False,-0.108480332321,-0.157779236385,-0.054937770290299996,True
2362,118,2,4.9699886999,False,0.0884514572553,False,-0.050376928276300005,-0.0933780374541,-0.00492658019877,True
2363,118,3,1.5007475633399998,False,0.0781950947749,True,-0.0566889113029,-0.0970855004194,-0.0188904056445,True
2364,118,4,1.2977828286,False,0.0736912356637,True,-0.0527459959578,-0.0900834244112,-0.016392188747399998,True
2365,118,5,5.678495022409999,False,0.0704232566393,True,-0.041057716973,-0.0762434851134,-0.00582022847409,True
2366,118,6,9.23673607029,False,0.0665814785579,True,-0.0352638520444,-0.06886141812749999,-0.00227993956959,True
2367,118,7,10.4272050292,False,0.0651463881119,True,-0.0321081844011,-0.064556637253,0.0005897508589249999,False
2368,118,8,1.03903702838,False,0.060224454467000005,True,-0.048244105364699995,-0.0782877257895,-0.0180632713225,True
2369,118,9,1.07701417809,False,0.0614928003809,True,-0.046122988608300004,-0.07652226378789999,-0.015029463407000001,True
2370,118,10,2.90417585893,False,0.0608125308921,True,-0.0421364391632,-0.073639326282,-0.0128267953898,True
2371,118,11,0.30161594279599996,True,0.05957394365450001,True,-0.052178771927399996,-0.0816009855929,-0.022027041938299997,True
2372,118,12,0.051920517099,True,0.05797276571959999,True,-0.058771883526099994,-0.088140282156,-0.030167516436400005,True
2373,118,13,8.00260496802e-08,True,0.0552154591636,True,-0.0630036489566,-0.09196629144770001,-0.0367508322841,True
2374,118,14,1.4490957497e-08,True,0.0587768460141,True,-0.0645562607833,-0.0952071593282,-0.036430313314099995,True
2375,118,15,1.05093204729e-06,True,0.05630835340530001,True,-0.06540125835,-0.09460747700099999,-0.0382991235957,True
2376,118,16,2.0044287377700004e-12,True,0.0561069886768,True,-0.0675624270924,-0.0950621940999,-0.0389552054231,True
2377,118,17,2.6624185339e-13,True,0.05432180607559999,True,-0.0670024039341,-0.09345766567410002,-0.0391358595985,True
2378,118,18,5.743180081659999e-18,True,0.055261596102300005,True,-0.07196383122700001,-0.0999457470619,-0.0446841509595,True
2379,118,19,0.0028659922205700006,True,0.056267360549499996,True,-0.0697068876322,-0.10015861886800001,-0.04389125831830001,True
2380,119,0,4.48542782746,False,0.14361110760600002,False,-0.0765533718795,-0.146377675264,-0.00276656765785,True
2381,119,1,17.8107716675,False,0.11082862622400001,False,-0.037401454886599995,-0.0935732756116,0.017255350612000002,False
2382,119,2,24.6433056622,False,0.0865282366177,False,-0.028721201200700004,-0.07289505812260001,0.0136331784951,False
2383,119,3,13.8912319516,False,0.0801591969011,False,-0.0367686215652,-0.07486493214710001,0.00529426475401,False
2384,119,4,8.72716118072,False,0.0729563680411,True,-0.0387208159645,-0.0754432701608,-0.0024869021196500004,True
2385,119,5,5.851621143759999,False,0.0690748704345,True,-0.0394464559864,-0.07605231036989998,-0.00697743993541,True
2386,119,6,17.7333323276,False,0.070057641977,True,-0.029542832464400003,-0.0642457764434,0.00581186553357,False
2387,119,7,16.5176394107,False,0.0654177764701,True,-0.030247281268099998,-0.0635620987679,0.00185567770216,False
2388,119,8,5.89161817798,False,0.0644479115596,True,-0.0376026836817,-0.0684740868329,-0.00402617527338,True
2389,119,9,1.17026327142,False,0.06119106520690001,True,-0.0470660131834,-0.0795946520457,-0.0184035868387,True
2390,119,10,0.38020761115400004,False,0.05821333942009999,True,-0.0510890863355,-0.08046531358089999,-0.022251974160700003,True
2391,119,11,0.854003243681,False,0.059978708748699996,True,-0.0473841002964,-0.0767730784438,-0.0167943696951,True
2392,119,12,0.0361058313075,True,0.059567201950900005,True,-0.0537406095146,-0.0829062344584,-0.0233390325075,True
2393,119,13,0.248450274201,True,0.059651064722,True,-0.0518077540991,-0.079058832876,-0.0194077681541,True
2394,119,14,0.162363785924,True,0.0575909159992,True,-0.0513498284585,-0.0802611871336,-0.0226702711344,True
2395,119,15,0.34410920822200003,False,0.05951657497769999,True,-0.0526489508951,-0.0828454257428,-0.0233288507651,True
2396,119,16,0.000266055656086,True,0.0584123216968,True,-0.0587646763638,-0.08780929002080001,-0.029396968324000003,True
2397,119,17,5.21285696684e-16,True,0.056612580002699996,True,-0.07265475669539999,-0.101913473459,-0.045300893456300007,True
2398,119,18,8.208937304839999e-20,True,0.056800015986800005,True,-0.0748643536343,-0.102779098086,-0.0459790820991,True
2399,119,19,2.34225004266e-10,True,0.0584423527245,True,-0.07365327604939999,-0.103782142716,-0.0453397899919,True
2400,120,0,32.5111862844,False,0.141596324966,False,0.013323468002799998,-0.059809909445199996,0.0817864155203,False
2401,120,1,46.443184297799995,False,0.102279499649,False,-0.009198940570020001,-0.0639155188494,0.038363980799599996,False
2402,120,2,55.2511773033,False,0.0834481866361,False,-0.00716724854094,-0.0452633752249,0.0381848114111,False
2403,120,3,30.845918153000003,False,0.0748868864756,True,-0.0238328762846,-0.0609027761891,0.0139841102866,False
2404,120,4,25.4205878229,False,0.07395938150619999,True,-0.0255570065397,-0.0615823950244,0.0123769864818,False
2405,120,5,24.7393712317,False,0.0673361205749,True,-0.0257173411421,-0.059436599434199995,0.00789952114069,False
2406,120,6,10.3662157626,False,0.06942453470089999,True,-0.0356095616616,-0.0694799042849,-5.53695839833e-05,True
2407,120,7,7.8539694439,False,0.0639374950717,True,-0.035463522849,-0.06798905717709999,-0.00405156210533,True
2408,120,8,1.54988843815,False,0.06462434090909999,True,-0.046370056616,-0.07675790722539999,-0.0121335663163,True
2409,120,9,3.97421054109,False,0.060991257830499995,True,-0.038743569314,-0.0674888583619,-0.00649760053145,True
2410,120,10,2.8118459408499996,False,0.0619371211304,True,-0.0424067907118,-0.07445971100530001,-0.0125225898749,True
2411,120,11,1.61925426593,False,0.05756077861430001,True,-0.0427764184833,-0.0709450242799,-0.0133842456657,True
2412,120,12,2.58547944098,False,0.0579687263442,True,-0.0409460135447,-0.0697005510177,-0.0117318246735,True
2413,120,13,3.11256728006,False,0.058586151780400005,True,-0.0394234791002,-0.0699295226193,-0.011343370838799998,True
2414,120,14,2.01845515927,False,0.0584284511267,True,-0.0416035351411,-0.0687619246229,-0.0103334734962,True
2415,120,15,0.16835742257199998,True,0.0560610002101,True,-0.0490484372874,-0.07780759854889999,-0.0217465983387,True
2416,120,16,0.507400326843,False,0.0562503196999,True,-0.0486639729732,-0.07696676874689999,-0.020716449047,True
2417,120,17,0.141383622282,True,0.057051156030900003,True,-0.0516754693827,-0.08039310735039999,-0.0233419513195,True
2418,120,18,0.19857792587900003,True,0.0580520754983,True,-0.050267062235,-0.0784740337678,-0.0204219582695,True
2419,120,19,0.447429823534,False,0.057708305799099996,True,-0.048302369136699996,-0.0774919361002,-0.0197836303011,True
2420,121,0,16.439495836099997,False,0.145094529969,False,0.0445421370526,-0.029916607388299998,0.11517792258,False
2421,121,1,30.247098179699996,False,0.105017564536,False,0.024555445284000003,-0.0254616434418,0.0795559210938,False
2422,121,2,48.38286939,False,0.0924909141097,False,-0.00799330567205,-0.056328065079800003,0.0361628490299,False
2423,121,3,53.3013915068,False,0.0772557788618,True,-0.0116955480778,-0.0522390490516,0.025016729810200002,False
2424,121,4,50.417847441499994,False,0.0713621399885,True,-0.0138633062523,-0.0505327763159,0.020829363672599997,False
2425,121,5,38.218725449000004,False,0.0728583898975,True,-0.0201558955673,-0.0572507223983,0.015607667499200001,False
2426,121,6,58.603114446999996,False,0.0674429511974,True,-0.0110648245125,-0.04582499993,0.0216179512674,False
2427,121,7,29.7641732673,False,0.0643777984528,True,-0.024284961651499997,-0.058224971407000004,0.00615282704581,False
2428,121,8,20.558351911099997,False,0.0644338921606,True,-0.0250922075987,-0.0579759430652,0.006457949095329999,False
2429,121,9,21.1048461146,False,0.0625637312748,True,-0.025282331194599997,-0.0586888570828,0.00387487419198,False
2430,121,10,28.3524669641,False,0.06169020865640001,True,-0.0222567637755,-0.0521052426267,0.00958496602969,False
2431,121,11,42.702995511,False,0.0580242485141,True,-0.0187538663601,-0.0484251433509,0.00959910516321,False
2432,121,12,19.7989263357,False,0.059562754679999996,True,-0.026472480264599998,-0.055561286843099994,0.00400146783688,False
2433,121,13,22.404728469299997,False,0.057087785919900005,True,-0.0246924303973,-0.053347300611300004,0.0037404853085100005,False
2434,121,14,13.120679301600001,False,0.0595663204014,True,-0.0301960160177,-0.059502589751699995,6.37306496245e-05,False
2435,121,15,7.31588910589,False,0.0591959780365,True,-0.033888716688900006,-0.0644290890654,-0.005233111028850001,True
2436,121,16,8.72970404087,False,0.056941447292099996,True,-0.0314346583769,-0.061427496817899996,-0.00448604952579,True
2437,121,17,7.97636885787,False,0.0569660935452,True,-0.0328390788002,-0.0607742448562,-0.00380815131099,True
2438,121,18,3.7810090633599995,False,0.0551185343033,True,-0.0356413922697,-0.0624357756097,-0.007317241306319999,True
2439,121,19,5.25550259135,False,0.0546062078932,True,-0.0333496417041,-0.0620158848094,-0.00740967691624,True
2440,122,0,14.238132866099999,False,0.14172079141,False,0.0475643161226,-0.0227795332958,0.118941258114,False
2441,122,1,37.5632208411,False,0.104757384858,False,-0.0184459638252,-0.0711677199293,0.0335896649284,False
2442,122,2,14.79710065,False,0.088269304852,False,-0.0380705131759,-0.08085846345860001,0.00741084139343,False
2443,122,3,5.33728926541,False,0.08008379942089999,False,-0.0463559832988,-0.08477371276630001,-0.00468991334545,True
2444,122,4,1.01936397595,False,0.0741556479964,True,-0.054342489712199994,-0.09151896133310002,-0.0173633133367,True
2445,122,5,0.863495790261,False,0.0684322347731,True,-0.0543592925605,-0.08727460242969999,-0.018842367656700002,True
2446,122,6,4.84666378836,False,0.0690824571838,True,-0.0421159234098,-0.079190772352,-0.0101083151682,True
2447,122,7,3.2883627303099994,False,0.06529715952069999,True,-0.0436053806172,-0.07722102911539999,-0.011923869594700001,True
2448,122,8,1.41557166926,False,0.061799377508699994,True,-0.0467024997284,-0.078038497801,-0.0162391202923,True
2449,122,9,6.985721831779999,False,0.061413756727,True,-0.034818606622199995,-0.0650074424805,-0.00359368575344,True
2450,122,10,1.4613112933,False,0.061256026377099995,True,-0.0466680956827,-0.077043327829,-0.0157873014518,True
2451,122,11,2.15174934621,False,0.0607160955681,True,-0.04404936739709999,-0.0752873722083,-0.0145712766402,True
2452,122,12,3.0096118218700005,False,0.0590956347207,True,-0.0392758648431,-0.06990349773230001,-0.0108078630116,True
2453,122,13,2.85401662924,False,0.057127796319199994,True,-0.038466640137099994,-0.0675907327432,-0.010462936424,True
2454,122,14,0.5440942329999999,False,0.055193989158100004,True,-0.044398302852800005,-0.0707990501023,-0.015605060944299998,True
2455,122,15,0.0396587113614,True,0.055693747240199994,True,-0.0526801055825,-0.0797263451326,-0.024032597892400004,True
2456,122,16,0.0732084400392,True,0.05649882561049999,True,-0.052706046042499996,-0.0810441912973,-0.024545365686800002,True
2457,122,17,0.00022982937702400002,True,0.05363753439899999,True,-0.0570857663557,-0.08404885472740001,-0.0304113203284,True
2458,122,18,0.00041704479458000004,True,0.0560770920637,True,-0.055643304539700005,-0.0844055483247,-0.028328456261,True
2459,122,19,0.0263300812635,True,0.0546153164606,True,-0.058771346595300006,-0.08614515001939999,-0.0315298335589,True
2460,123,0,3.77516276477,False,0.14007123567,False,-0.0755336331866,-0.141676915253,-0.0016056795834400001,True
2461,123,1,0.764873890827,False,0.103513441986,False,-0.0742130958708,-0.127450568486,-0.0239371265002,True
2462,123,2,1.18068657519,False,0.08626989645960001,False,-0.0639650399755,-0.109867986853,-0.0235980903931,True
2463,123,3,0.8037251858300001,False,0.08097961911530001,False,-0.0609671747018,-0.10169697303099999,-0.0207173539161,True
2464,123,4,0.7948520848880001,False,0.0741246524475,True,-0.0597720981862,-0.0961472235965,-0.022022571148999998,True
2465,123,5,0.235186704438,True,0.07010274447110001,True,-0.0576622956834,-0.09634828529410001,-0.026245540823,True
2466,123,6,0.14880802895099998,True,0.0675684325931,True,-0.0653436200399,-0.0999282975855,-0.032359864992299994,True
2467,123,7,0.28396985181,True,0.0636054466959,True,-0.054423074169399996,-0.08472387176650001,-0.021118425070599998,True
2468,123,8,6.0567303466e-05,True,0.061965919263800004,True,-0.0702089781683,-0.10210857743799999,-0.0401426581745,True
2469,123,9,3.9268720559599995e-08,True,0.0623480805198,True,-0.07107632269330001,-0.102939844728,-0.0405917642086,True
2470,123,10,2.63214718694e-10,True,0.0599401807742,True,-0.07314415585360001,-0.10354582053400001,-0.0436056397594,True
2471,123,11,5.29091194932e-21,True,0.0613967867815,True,-0.0794662612493,-0.10949697017999999,-0.0481001833989,True
2472,123,12,3.39632911224e-14,True,0.0587786248489,True,-0.07404964073880001,-0.102854725397,-0.044076100548099996,True
2473,123,13,7.79790811097e-13,True,0.0582718477848,True,-0.0715041135335,-0.101512317856,-0.043240470071,True
2474,123,14,1.5883514514699999e-21,True,0.05680239260009999,True,-0.07110210971610001,-0.09914133283110001,-0.042338940230999995,True
2475,123,15,3.32208863216e-25,True,0.0567009353395,True,-0.07703353860619999,-0.10480692022299999,-0.0481059848832,True
2476,123,16,1.49879828132e-08,True,0.0551159630226,True,-0.07917384851260001,-0.106704278047,-0.051588315024,True
2477,123,17,5.2557238484699996e-06,True,0.0553629910255,True,-0.07841612431089999,-0.10652514818600001,-0.0511621571606,True
2478,123,18,4.1580610395799996e-27,True,0.057030498043400005,True,-0.0802098273966,-0.111283730339,-0.054253232295900004,True
2479,123,19,7.91096487638e-12,True,0.06053949650669999,True,-0.07490027126339999,-0.10532172099199999,-0.044782224485300004,True
2480,124,0,9.928540045210001,False,0.135514052286,False,-0.0564066542799,-0.12125159402999999,0.0142624582555,False
2481,124,1,16.5530915524,False,0.09994934569060002,False,-0.0392027331667,-0.089695046357,0.0102542993335,False
2482,124,2,30.1771679441,False,0.0892515120633,False,-0.0248416508904,-0.07199390285519999,0.017257609208200003,False
2483,124,3,32.2032552812,False,0.08068018153510001,False,-0.0237739352619,-0.06189005648709999,0.018790125048,False
2484,124,4,3.5980374411000002,False,0.0737368505868,True,-0.0461284687456,-0.08433604801860001,-0.0105991974318,True
2485,124,5,0.6879096220640001,False,0.066797297573,True,-0.05458974877640001,-0.0891419113434,-0.0223446137704,True
2486,124,6,0.330278005492,True,0.06624385929519999,True,-0.053926970626800005,-0.0865091012583,-0.020265241963200002,True
2487,124,7,0.208412216875,True,0.0627523724197,True,-0.0547771082051,-0.08608140745899999,-0.0233290350392,True
2488,124,8,0.5215931413539999,False,0.061896213516800004,True,-0.0526743766993,-0.0830051083978,-0.021108894881,True
2489,124,9,0.582421063975,False,0.06068919207330001,True,-0.046633709796000004,-0.0775832824535,-0.0168940903802,True
2490,124,10,1.55580820183,False,0.0627324795462,True,-0.046241410738000005,-0.07588845316449999,-0.0131559736182,True
2491,124,11,1.18064943274,False,0.0579862794715,True,-0.0436897647351,-0.07316614732269999,-0.0151798678512,True
2492,124,12,0.667802383116,False,0.0594290669989,True,-0.045053970717400006,-0.074583259567,-0.0151541925681,True
2493,124,13,4.0825923546,False,0.059875974767000004,True,-0.0387386152833,-0.0690807650407,-0.00920479027367,True
2494,124,14,5.44441426395,False,0.0579814171945,True,-0.0354622221117,-0.0638310104766,-0.00584959328208,True
2495,124,15,3.5154054837,False,0.056054629839199996,True,-0.0360053056325,-0.0647934624881,-0.008738832648940001,True
2496,124,16,1.59809236083,False,0.055184732104,True,-0.042033604646800005,-0.06955518328839999,-0.014370451184399998,True
2497,124,17,1.99779386528,False,0.057273610742,True,-0.040882855292300006,-0.0695725711461,-0.012298960404100001,True
2498,124,18,1.10370508015,False,0.056924494818,True,-0.0456198359545,-0.0752107440751,-0.0182862492571,True
2499,124,19,0.8366179008050001,False,0.0567607647062,True,-0.04205776985669999,-0.06936104430960001,-0.0126002796033,True
2500,125,0,30.9980366289,False,0.141098242745,False,-0.0174171905715,-0.09003786013389999,0.051060382611100005,False
2501,125,1,8.109332160780001,False,0.107272234126,False,-0.051178495839099995,-0.106159765721,0.00111246840482,False
2502,125,2,2.7647035120099996,False,0.0905258159815,False,-0.05704044398369999,-0.103750482059,-0.0132246660779,True
2503,125,3,2.37587319118,False,0.07988899577410001,True,-0.050613946250499996,-0.08999956971619999,-0.010110573942200001,True
2504,125,4,0.33843235331,False,0.07386294625289999,True,-0.0645568996192,-0.100959047215,-0.0270961009626,True
2505,125,5,0.9547992409780001,False,0.0705073395372,True,-0.0605054068685,-0.0963160267791,-0.0258086872419,True
2506,125,6,0.030839798452599997,True,0.0674557968176,True,-0.0683116919994,-0.10411392861600001,-0.0366581317985,True
2507,125,7,4.3485966838599994e-06,True,0.0634275149595,True,-0.0684404508646,-0.10156174236300002,-0.0381342274034,True
2508,125,8,3.0611947396199997e-07,True,0.0634460140787,True,-0.0669475870953,-0.09914265509299999,-0.0356966410143,True
2509,125,9,8.45278394802e-08,True,0.060488762222300006,True,-0.0659245306373,-0.09615676046589998,-0.0356679982436,True
2510,125,10,0.021486668001599995,True,0.06027811240040001,True,-0.062770773995,-0.0949042625224,-0.0346261501219,True
2511,125,11,0.0453514398968,True,0.0588008622186,True,-0.05737170149,-0.0865683909561,-0.027767528737499998,True
2512,125,12,0.0271331944449,True,0.0590867782644,True,-0.0545005047242,-0.0836750755432,-0.024588297278800002,True
2513,125,13,0.36014546506300005,False,0.059808929225500004,True,-0.0531032768162,-0.0824672740835,-0.022658344857999998,True
2514,125,14,0.00046140930481300006,True,0.05900642675980001,True,-0.0581543897522,-0.0871583818819,-0.0281519551221,True
2515,125,15,0.000102263624968,True,0.0582431287858,True,-0.059397873111800004,-0.0879090058904,-0.0296658771046,True
2516,125,16,0.000114680779605,True,0.0569386417435,True,-0.0646077328823,-0.093110700364,-0.0361720586204,True
2517,125,17,1.93632468554e-09,True,0.05499241474640001,True,-0.0678440881098,-0.0962822319145,-0.0412898171681,True
2518,125,18,8.99878239832e-18,True,0.056921252389400004,True,-0.07184622193689999,-0.101024076593,-0.04410282420369999,True
2519,125,19,1.42767281678e-14,True,0.0557130413909,True,-0.0673171475304,-0.0967132945221,-0.041000253131199996,True
2520,126,0,20.9903928719,False,0.146832771645,False,-0.0378018154436,-0.110628271876,0.0362044997697,False
2521,126,1,7.471941103380001,False,0.10711373901900001,False,-0.0539610649677,-0.10762333656300001,-0.000509597544486,True
2522,126,2,13.347475062300001,False,0.08871393611369999,False,-0.0398908658754,-0.0832521463525,0.005461789761140001,False
2523,126,3,6.5484498683300005,False,0.0785797982521,True,-0.0433349900623,-0.08268054380789999,-0.0041007455558,True
2524,126,4,1.44475159725,False,0.07182148798389999,True,-0.054529101951400004,-0.0897039856734,-0.0178824976895,True
2525,126,5,0.00237496688607,True,0.06915624955689999,True,-0.0678092149707,-0.102140746685,-0.0329844971281,True
2526,126,6,0.027536753477500002,True,0.0682814843819,True,-0.0697384067039,-0.104035444205,-0.035753959823300006,True
2527,126,7,4.0544920403300005e-08,True,0.0633443355058,True,-0.07312263912549999,-0.105123316411,-0.041778980905400005,True
2528,126,8,2.28721548907e-15,True,0.0641146310461,True,-0.0809195782431,-0.113298199591,-0.049183568545300003,True
2529,126,9,1.80999629785e-19,True,0.0609750472797,True,-0.0875222781542,-0.116944462261,-0.0559694149816,True
2530,126,10,1.8905374567e-29,True,0.0625145629706,True,-0.0845785437862,-0.115397341658,-0.05288277868769999,True
2531,126,11,1.30980931555e-18,True,0.0619231143734,True,-0.0829080716242,-0.11438918616299999,-0.0524660717899,True
2532,126,12,9.501195212e-22,True,0.0586521325463,True,-0.08653290826639999,-0.116581238027,-0.0579291054808,True
2533,126,13,1.23541440027e-50,True,0.057058403518400004,True,-0.08955141374610001,-0.11925184655,-0.0621934430315,True
2534,126,14,3.77265549159e-39,True,0.0574100581078,True,-0.09292596549939999,-0.12214602439000001,-0.06473596628259999,True
2535,126,15,2.6503623817399997e-45,True,0.0568639319453,True,-0.09453443920289999,-0.122555419125,-0.0656914871796,True
2536,126,16,6.9564833244799995e-56,True,0.0570153906122,True,-0.091467990421,-0.11944577218800001,-0.0624303815759,True
2537,126,17,1.2936747557e-38,True,0.057711672533,True,-0.0881345936984,-0.11677424857,-0.0590625760367,True
2538,126,18,6.23809848309e-22,True,0.05522362319349999,True,-0.08342297878310001,-0.110502993773,-0.0552793705793,True
2539,126,19,1.81410819366e-20,True,0.0585687704534,True,-0.0785023846533,-0.108175482427,-0.049606711973400004,True
2540,127,0,22.5245692054,False,0.135926161147,False,-0.0341243536751,-0.100886223576,0.0350399375707,False
2541,127,1,9.03722613684,False,0.10521149755,False,-0.0480234970058,-0.101428111309,0.0037833862414799998,False
2542,127,2,12.660581453099999,False,0.08718959192839999,False,-0.0401026417636,-0.082524267179,0.00466532474936,False
2543,127,3,5.66195387158,False,0.07912532599769999,True,-0.045054810524599996,-0.0846416758491,-0.0055163498514,True
2544,127,4,4.3124079456199995,False,0.07504145105219999,True,-0.045253564192399995,-0.0827729012833,-0.007731450231069999,True
2545,127,5,7.14691728548,False,0.0690989007118,True,-0.038902962221,-0.072362898674,-0.0032639979622600002,True
2546,127,6,1.32280831201,False,0.0660737341492,True,-0.049081499888899996,-0.0817489612626,-0.0156752271135,True
2547,127,7,0.7627138163070001,False,0.06392419251249999,True,-0.053667621045,-0.0868685773708,-0.022944384858300002,True
2548,127,8,0.779881780009,False,0.06393629663530001,True,-0.0497328606034,-0.0816989581711,-0.0177626615358,True
2549,127,9,0.282402173083,True,0.06152382623700001,True,-0.0487541098165,-0.0797476506082,-0.0182238243712,True
2550,127,10,0.579302320925,False,0.06106322479759999,True,-0.049793886541200004,-0.0792076069556,-0.018144382158,True
2551,127,11,0.9604846819320001,False,0.0599810636679,True,-0.046907079797,-0.07622224900230001,-0.0162411853344,True
2552,127,12,1.060974868,False,0.058574402589800005,True,-0.0456606157082,-0.07426932772599999,-0.0156949251362,True
2553,127,13,1.7937861545299998,False,0.0593310513123,True,-0.0427379330927,-0.0728966772101,-0.0135656258978,True
2554,127,14,1.8072722114099997,False,0.056965077107999994,True,-0.0400973707575,-0.06883415604139999,-0.0118690789334,True
2555,127,15,2.23653572789,False,0.056756992998199994,True,-0.0398781971458,-0.0697845891394,-0.0130275961412,True
2556,127,16,1.63308348713,False,0.0583086173893,True,-0.041200518651,-0.0702359974764,-0.0119273800871,True
2557,127,17,1.0847003771600001,False,0.0580186451169,True,-0.043687115940899995,-0.0721767412185,-0.0141580961016,True
2558,127,18,0.977428037826,False,0.056432035546,True,-0.04469824059330001,-0.07195685451989998,-0.0155248189739,True
2559,127,19,0.820402094473,False,0.0569558220379,True,-0.044796030567500006,-0.0741512846892,-0.017195462651299998,True
2560,128,0,26.808428384499997,False,0.1398115187,False,-0.0245040597726,-0.090041161302,0.0497703573977,False
2561,128,1,32.498055616799995,False,0.103407033521,False,-0.022503452937699998,-0.0737487710383,0.0296582624831,False
2562,128,2,40.0698518144,False,0.08867676673000001,False,-0.016847024379200003,-0.0637806391192,0.0248961276108,False
2563,128,3,45.9627829699,False,0.08327624275010001,False,-0.014657647993299999,-0.054787605673699995,0.0284886370764,False
2564,128,4,8.9023780823,False,0.0741112575681,True,-0.038333229213900005,-0.0773049326722,-0.00319367510406,True
2565,128,5,4.02531957242,False,0.06890295713280001,True,-0.0428751071065,-0.07670655279210001,-0.007803595659340001,True
2566,128,6,2.64523405557,False,0.0648388677134,True,-0.043265404405899995,-0.076900328548,-0.012061460834600001,True
2567,128,7,2.51233046785,False,0.0641315081281,True,-0.04384529102530001,-0.0747421055777,-0.0106105974496,True
2568,128,8,2.90946959185,False,0.0636168484742,True,-0.0415408539336,-0.0719284932169,-0.00831164474267,True
2569,128,9,0.0013553541522699998,True,0.0633559991517,True,-0.0610685779909,-0.09206978011710001,-0.028713780965400004,True
2570,128,10,0.47099549523699996,False,0.0602764013911,True,-0.052206106250599994,-0.08271814912169999,-0.0224417477306,True
2571,128,11,2.18509851291,False,0.059239769537800004,True,-0.039889621073500005,-0.0707849067795,-0.0115451372417,True
2572,128,12,0.414046342327,False,0.0594850691378,True,-0.04604666307030001,-0.07472964016360001,-0.0152445710258,True
2573,128,13,0.8783420553929999,False,0.0585337134492,True,-0.046185843986700004,-0.07722759499750001,-0.018693881548299998,True
2574,128,14,0.147129539932,True,0.0565005591371,True,-0.053098822343100004,-0.0809041039135,-0.024403544776400003,True
2575,128,15,0.00596564820296,True,0.0599254680018,True,-0.060423552553000005,-0.0915639413084,-0.0316384733067,True
2576,128,16,1.46432359959e-09,True,0.055056494996999994,True,-0.0642121639488,-0.0928136587579,-0.037757163760900006,True
2577,128,17,6.78664201856e-11,True,0.057744029814300005,True,-0.0677599016771,-0.09615064168479999,-0.0384066118705,True
2578,128,18,8.041486323520001e-17,True,0.0568612271647,True,-0.07479782372060001,-0.102882236154,-0.0460210089898,True
2579,128,19,1.23478965946e-15,True,0.054298567834400006,True,-0.0737905272217,-0.101728021085,-0.0474294532503,True
2580,129,0,2.67228149502,False,0.138573128513,False,-0.0831254774845,-0.15068321669600002,-0.012110088182999999,True
2581,129,1,30.5542474074,False,0.103435212948,False,-0.0226918909168,-0.0742341051264,0.029201107821499997,False
2582,129,2,38.4230731887,False,0.08578439696460001,False,-0.0182103621925,-0.061857673268800005,0.023926723695799998,False
2583,129,3,43.0469571872,False,0.0792651448288,True,-0.0153383543086,-0.0551604618017,0.0241046830271,False
2584,129,4,22.2433410888,False,0.0740810233083,True,-0.0288905496654,-0.0674074181298,0.00667360517853,False
2585,129,5,8.84347132644,False,0.07090222020930001,True,-0.036585458496800005,-0.0722084974885,-0.0013062772791900001,True
2586,129,6,17.4114554488,False,0.0678178637984,True,-0.0286460403045,-0.0647328460172,0.0030850177812099997,False
2587,129,7,12.8543218634,False,0.0651877075256,True,-0.031590698468299996,-0.0624086919207,0.0027790156049100003,False
2588,129,8,9.583412547130001,False,0.0650171013356,True,-0.033548201012,-0.0666991968195,-0.00168209548389,True
2589,129,9,8.01753946017,False,0.061411382708,True,-0.0339425493956,-0.0639949431549,-0.0025835604468699997,True
2590,129,10,6.229462593689999,False,0.0593160570431,True,-0.035820191658300006,-0.0658960159215,-0.00657995887843,True
2591,129,11,0.5799240227870001,False,0.05841226835030001,True,-0.0478809128484,-0.07643989093619999,-0.018027622585900002,True
2592,129,12,0.285174116764,True,0.060501351646,True,-0.053470588742199995,-0.0818840177177,-0.0213826660717,True
2593,129,13,0.450239136681,False,0.0588201790675,True,-0.05218876929880001,-0.0812660453113,-0.0224458662439,True
2594,129,14,0.282912203479,True,0.0596627615806,True,-0.05114297252780001,-0.0808906322398,-0.0212278706592,True
2595,129,15,0.595936209367,False,0.0572686596959,True,-0.048426771581499994,-0.0800399857872,-0.022771326091299997,True
2596,129,16,0.8087540524879999,False,0.0562025077983,True,-0.0452281734723,-0.07485716459439999,-0.018654656796099997,True
2597,129,17,0.129820324308,True,0.0570674129942,True,-0.051021959688300006,-0.0795112601136,-0.022443847119400003,True
2598,129,18,0.26440369919100004,True,0.0572598336481,True,-0.052450198650199994,-0.08115928623549999,-0.0238994525874,True
2599,129,19,0.21562229542800002,True,0.0558796218403,True,-0.0505250723835,-0.0769497833512,-0.021070161510799996,True
2600,130,0,11.237808918599999,False,0.145327607378,False,-0.05389524668600001,-0.12387924845,0.0214483589282,False
2601,130,1,11.8021254431,False,0.101068265692,False,-0.042968171866100004,-0.09323376773499999,0.00783449795712,False
2602,130,2,24.9885770285,False,0.08862450208639999,False,-0.0280787722714,-0.07474865183660001,0.0138758502498,False
2603,130,3,17.367610755,False,0.0782468464745,True,-0.0321007150878,-0.07095404369649999,0.00729280277795,False
2604,130,4,7.51453478786,False,0.075270926452,True,-0.040374187296,-0.07898772081739999,-0.00371679436537,True
2605,130,5,3.9295562871800005,False,0.0705878690542,True,-0.043705670457199995,-0.07701456054360001,-0.006426691489340001,True
2606,130,6,8.07880566624,False,0.068395091485,True,-0.0365275418037,-0.0716868988975,-0.00329180741246,True
2607,130,7,6.01840495143,False,0.0643527255554,True,-0.0364893171415,-0.0689384697717,-0.00458574421628,True
2608,130,8,1.32035133525,False,0.0645087011162,True,-0.0476118221091,-0.0806114756743,-0.0161027745581,True
2609,130,9,0.5181789630579999,False,0.0606028343034,True,-0.051433521830900004,-0.0828801538688,-0.0222773195654,True
2610,130,10,0.290996704847,True,0.059676732725,True,-0.052803950737,-0.08400313182460001,-0.0243263990997,True
2611,130,11,0.00036009677317599997,True,0.0602202701741,True,-0.058139743591800006,-0.08894948248439999,-0.028729212310299998,True
2612,130,12,0.00426006620716,True,0.058862624819599994,True,-0.0565594561548,-0.08680061006279999,-0.027937985243199997,True
2613,130,13,0.010128646938299998,True,0.06106884784180001,True,-0.0603429431449,-0.09132701717819999,-0.0302581693364,True
2614,130,14,0.057779430543400005,True,0.0595865186601,True,-0.0614467790809,-0.09257550062349999,-0.032988981963499996,True
2615,130,15,0.18415242522599998,True,0.0573329249773,True,-0.049259940476099995,-0.0777872641579,-0.0204543391806,True
2616,130,16,0.00139064645482,True,0.0572349240415,True,-0.058353402767000004,-0.08915801747819999,-0.0319230934366,True
2617,130,17,0.053015033856300006,True,0.0551415695478,True,-0.05890340566359999,-0.0887239268664,-0.033582357318599994,True
2618,130,18,0.113205494667,True,0.0554536851989,True,-0.0503178802783,-0.0796053639837,-0.0241516787848,True
2619,130,19,0.023922562087599998,True,0.05725481405280001,True,-0.059584233290599996,-0.08865499736770001,-0.0314001833149,True
2620,131,0,20.9846172743,False,0.14354932143500002,False,-0.03581073664519999,-0.103754721019,0.0397946004157,False
2621,131,1,44.772364239,False,0.103908419245,False,-0.0050633846964600005,-0.057368695188300005,0.046539724056699996,False
2622,131,2,36.5410864476,False,0.0893535126419,False,-0.0209727058493,-0.0644716543418,0.024881858300099997,False
2623,131,3,40.9209518505,False,0.0794316051099,True,-0.018434932512799998,-0.0594441854089,0.0199874197011,False
2624,131,4,45.135105808599995,False,0.07446917527430001,True,-0.015617771663899998,-0.0536741483797,0.0207950268946,False
2625,131,5,52.2469583495,False,0.0702449968964,True,-0.012632652579600001,-0.0475188078815,0.022726189015000002,False
2626,131,6,27.4824670403,False,0.0650259037063,True,-0.023985859651000002,-0.05628937438230001,0.008736529324010001,False
2627,131,7,27.358700782800003,False,0.0657989298429,True,-0.0244006916371,-0.0574793286916,0.00831960115131,False
2628,131,8,15.798806162,False,0.0628731808079,True,-0.0305275171515,-0.0629839761747,-0.000110795366796,True
2629,131,9,1.55453170745,False,0.0610143639668,True,-0.044847254786099994,-0.0758646450929,-0.0148502811261,True
2630,131,10,0.649339551276,False,0.0598902651369,True,-0.045814928864500004,-0.07769838874589999,-0.017808123609,True
2631,131,11,2.6207284403999997,False,0.0608454311336,True,-0.0404874446704,-0.070440644229,-0.009595213095329999,True
2632,131,12,2.9021769174000003,False,0.0602967471232,True,-0.0416878179054,-0.07285083533039999,-0.012554088207200002,True
2633,131,13,2.82631039696,False,0.057737828418899996,True,-0.0404460240194,-0.0709302387615,-0.0131924103426,True
2634,131,14,1.97590433051,False,0.05958646010969999,True,-0.04399133610230001,-0.0726271013003,-0.0130406411906,True
2635,131,15,1.64977644926,False,0.05554847138690001,True,-0.0404321707231,-0.06911115130310001,-0.0135626799162,True
2636,131,16,1.22424954412,False,0.055380726787,True,-0.0418741344567,-0.0702074274531,-0.014826700666200001,True
2637,131,17,2.92638444801,False,0.05610293543819999,True,-0.038737198880599996,-0.066732125684,-0.0106291902457,True
2638,131,18,2.22631220165,False,0.0542853734552,True,-0.0388302559762,-0.0660909551082,-0.0118055816531,True
2639,131,19,4.63919203267,False,0.0549603194761,True,-0.034936353302000005,-0.0616637990041,-0.006703479527979999,True
2640,132,0,14.3844630804,False,0.141907086521,False,-0.0485801613758,-0.118661243274,0.0232458432466,False
2641,132,1,4.94509982822,False,0.10390296769099999,False,-0.055947115728099996,-0.109946226115,-0.00604325842493,True
2642,132,2,5.638462837710001,False,0.08946850131449999,False,-0.0503323136671,-0.09190788910710002,-0.00243938779259,True
2643,132,3,9.250244317939998,False,0.07519044228880001,True,-0.038653770404599996,-0.0766087908389,-0.00141834855016,True
2644,132,4,5.63523059454,False,0.0726836030823,True,-0.041466418700699996,-0.0797419653708,-0.0070583622885800005,True
2645,132,5,9.51241901167,False,0.0716796801431,True,-0.0372071593103,-0.07380791129480001,-0.00212823115171,True
2646,132,6,2.25637372997,False,0.0648942294352,True,-0.0471455946855,-0.07983552127489998,-0.0149412918398,True
2647,132,7,0.0850476867234,True,0.0632970994976,True,-0.061353232138300004,-0.0908239818983,-0.027526882400700003,True
2648,132,8,0.036920998754,True,0.0633076803414,True,-0.060132326041599994,-0.09289871326410001,-0.0295910329227,True
2649,132,9,0.0164610487274,True,0.0604216029629,True,-0.060398160313,-0.08979558168770001,-0.0293739787248,True
2650,132,10,4.01315855182e-09,True,0.0620180859729,True,-0.06694617483,-0.0976895376598,-0.0356714516869,True
2651,132,11,3.6843771857800006e-10,True,0.0584187409483,True,-0.0665259600392,-0.09593195981170001,-0.037513218863400005,True
2652,132,12,8.29987957117e-15,True,0.0580951589052,True,-0.072965734192,-0.101375674972,-0.0432805160667,True
2653,132,13,1.7117624118499999e-22,True,0.0586446812825,True,-0.0761409602118,-0.10440250190099999,-0.0457578206184,True
2654,132,14,2.13951023276e-11,True,0.0587483497563,True,-0.0777433714028,-0.10948456993200001,-0.050736220175400006,True
2655,132,15,1.42296105744e-20,True,0.057009534,True,-0.0721094033471,-0.09886445520960001,-0.0418549212096,True
2656,132,16,8.52740054085e-10,True,0.0577713714654,True,-0.0716843430571,-0.101086382103,-0.0433150106378,True
2657,132,17,2.75400070138e-17,True,0.054076271043300005,True,-0.0732162400934,-0.10047781263,-0.0464015415867,True
2658,132,18,1.4188592820299998e-25,True,0.055688381113,True,-0.08301689418389999,-0.11184467914200001,-0.056156298028499994,True
2659,132,19,1.6448545360399998e-26,True,0.0520978747441,True,-0.0829738347055,-0.110688443108,-0.058590568364000006,True
2660,133,0,6.363741471,False,0.14558786212000002,False,-0.0677392090706,-0.139054799654,0.00653306246587,False
2661,133,1,1.5259469290399998,False,0.10449294905300001,False,-0.0688904613387,-0.121655890198,-0.017162941145,True
2662,133,2,0.918134835864,False,0.0909446957164,False,-0.06911271734939999,-0.11608305726399999,-0.025138361547599998,True
2663,133,3,0.256461261899,True,0.0791563172367,True,-0.064909749366,-0.102192072947,-0.023035755710400004,True
2664,133,4,3.6442678965199997,False,0.0751482088079,True,-0.0466891596024,-0.0837450990053,-0.00859689019742,True
2665,133,5,11.6942589732,False,0.0688487498067,True,-0.0339337888129,-0.0688656156228,-1.68658161256e-05,True
2666,133,6,12.086513354100001,False,0.065297519659,True,-0.0322774565508,-0.0656341895749,-0.00033666991591900004,True
2667,133,7,3.09933428085,False,0.066632220421,True,-0.0435617168279,-0.0794696350376,-0.0128374146166,True
2668,133,8,0.525528067818,False,0.06180584731409999,True,-0.051261305168599995,-0.0817901329016,-0.0199842855876,True
2669,133,9,0.285491255445,True,0.0607343239834,True,-0.0500643828835,-0.0811788617947,-0.0204445378113,True
2670,133,10,1.17187119675,False,0.0617961924102,True,-0.0452984678196,-0.0759114194255,-0.0141152270153,True
2671,133,11,0.750740162381,False,0.058401738645,True,-0.0463025386285,-0.07569327304989999,-0.017291534404900003,True
2672,133,12,1.7192156029199999,False,0.05817928503409999,True,-0.042244065658800005,-0.0717146160828,-0.013535331048700002,True
2673,133,13,2.1029068143900003,False,0.058399272041400004,True,-0.04241404223069999,-0.0717498647135,-0.0133505926721,True
2674,133,14,1.89727345604,False,0.0577410406336,True,-0.041590010881800005,-0.0715230019993,-0.0137819613656,True
2675,133,15,1.23489220194,False,0.05764796780899999,True,-0.043394171879699996,-0.0725550541295,-0.0149070863205,True
2676,133,16,0.275223255479,True,0.0568793042215,True,-0.0513234859054,-0.0810804667106,-0.024201162489099995,True
2677,133,17,0.744609071778,False,0.0573073054258,True,-0.0475653749976,-0.07698408216739999,-0.0196767767416,True
2678,133,18,0.41834086630500006,False,0.0563202136951,True,-0.0471545836472,-0.0753521341837,-0.019031920488599998,True
2679,133,19,1.60773454525,False,0.056792697412400006,True,-0.0434200399627,-0.0699730269355,-0.0131803295231,True
2680,134,0,27.6387301538,False,0.141148015224,False,0.022041438705700002,-0.048625818692699996,0.0925221965316,False
2681,134,1,45.8842922921,False,0.103056051668,False,-0.0066800382812,-0.0603617892196,0.0426942624486,False
2682,134,2,39.9358779886,False,0.0902423570592,False,-0.0170824130487,-0.061541755940699994,0.0287006011185,False
2683,134,3,44.0945054767,False,0.07793895587500001,True,-0.016625069824700002,-0.0564489595486,0.021489996326399998,False
2684,134,4,20.816073692699998,False,0.0747390165215,True,-0.0286993774232,-0.0657607585383,0.00897825798319,False
2685,134,5,29.015365388200003,False,0.0700900709,True,-0.024107515928799998,-0.0591240306835,0.0109660402165,False
2686,134,6,26.0476947555,False,0.0674251933187,True,-0.024048089289500002,-0.058480347473300005,0.00894484584539,False
2687,134,7,7.765534504610001,False,0.0629690348672,True,-0.035290961802,-0.06795082819380001,-0.004981793326529999,True
2688,134,8,4.51940667639,False,0.0659569131996,True,-0.040550483643699994,-0.0733935033035,-0.00743659010387,True
2689,134,9,3.52734760046,False,0.0619247043607,True,-0.039372432409699995,-0.07024072792069999,-0.00831602355997,True
2690,134,10,6.894945070510001,False,0.059557731034699996,True,-0.0346709510752,-0.0658867376366,-0.00632900660193,True
2691,134,11,2.5428364336400002,False,0.060438326330099996,True,-0.0406127961283,-0.0698825171783,-0.00944419084818,True
2692,134,12,1.26713900224,False,0.0592434311419,True,-0.0447743087356,-0.0767412853405,-0.017497854198599998,True
2693,134,13,0.607828629624,False,0.0598944240681,True,-0.052793653465800006,-0.0827573513161,-0.022862927248,True
2694,134,14,0.8121625414300001,False,0.0579727293924,True,-0.04679833436869999,-0.0765742271235,-0.018601497731099998,True
2695,134,15,0.232171950288,True,0.0566885103928,True,-0.0505639521814,-0.0778459177058,-0.021157407313,True
2696,134,16,0.0437520817247,True,0.0565513770925,True,-0.04928223501540001,-0.0785279149059,-0.0219765378134,True
2697,134,17,0.000207306002371,True,0.055403102768699995,True,-0.057860316721999996,-0.08470439995920001,-0.029301297190499998,True
2698,134,18,1.06441191174e-08,True,0.056391744172800004,True,-0.0613279049445,-0.08959737150630001,-0.0332056273335,True
2699,134,19,0.00022946490665999998,True,0.05810030923719999,True,-0.060033238827800005,-0.0902052541067,-0.032104944869499996,True
2700,135,0,2.8283227235500004,False,0.139220850837,False,-0.0803088702871,-0.147723284446,-0.00850243360826,True
2701,135,1,5.04281216355,False,0.1050187353,False,-0.0576864202437,-0.11079941175699999,-0.0057806764578,True
2702,135,2,1.94754288213,False,0.0879479651201,False,-0.059343750526,-0.100181710634,-0.012233745514,True
2703,135,3,1.4177724431099998,False,0.0788543966307,True,-0.0582833523293,-0.09802480833110001,-0.019170411700400004,True
2704,135,4,1.47121394796,False,0.0720101143011,True,-0.0510393798639,-0.0874914760521,-0.015481361751,True
2705,135,5,1.8052255455500001,False,0.0694862182343,True,-0.0491119838214,-0.0814341526208,-0.011947934386499999,True
2706,135,6,0.20394965567899997,True,0.0651315033591,True,-0.0584594036369,-0.0897929397188,-0.024661436359799997,True
2707,135,7,3.65692032587e-11,True,0.0629076429242,True,-0.07317844178230001,-0.10285338249399999,-0.0399457395701,True
2708,135,8,0.0247980329557,True,0.06294292140319999,True,-0.0610668582473,-0.09300943503730001,-0.030066513634,True
2709,135,9,0.130150430136,True,0.0612411351026,True,-0.062187926882600005,-0.0923774264679,-0.0311362913653,True
2710,135,10,0.0413431704919,True,0.0596854710674,True,-0.0659056947812,-0.0949182002003,-0.0352327291329,True
2711,135,11,0.000339839656207,True,0.057588194740199994,True,-0.0615471812716,-0.09016984454780001,-0.0325816498076,True
2712,135,12,0.24621206236999998,True,0.05824271232080001,True,-0.054840565309800006,-0.0845034570061,-0.026260744685299996,True
2713,135,13,0.185839252495,True,0.0595299493154,True,-0.055820323039199995,-0.0856639565967,-0.026134007281299998,True
2714,135,14,0.141683184406,True,0.05736203624,True,-0.05101391510969999,-0.0787869553472,-0.021424919107300003,True
2715,135,15,0.23530301680100002,True,0.058753559118999994,True,-0.0543656402505,-0.0830948439185,-0.024341284799500002,True
2716,135,16,0.00359787824411,True,0.0570337218897,True,-0.0567595389765,-0.086298672004,-0.029264950114199998,True
2717,135,17,0.201359220541,True,0.0569075708207,True,-0.0583304476161,-0.08654928212099999,-0.0296417113004,True
2718,135,18,4.74629856053e-05,True,0.057830093445100005,True,-0.06664781132669999,-0.09614645888569999,-0.0383163654406,True
2719,135,19,1.13988374767e-13,True,0.0566974472865,True,-0.0668257540694,-0.09422028405829999,-0.0375228367718,True
2720,136,0,25.7970158338,False,0.140444425386,False,-0.0281521418672,-0.0977771362033,0.0426672891824,False
2721,136,1,44.4314613029,False,0.10216371603800001,False,-0.00933094710024,-0.0570942410027,0.0450694750354,False
2722,136,2,45.1115815028,False,0.08731803116,False,-0.0154446806913,-0.0583406423864,0.028977388773500003,False
2723,136,3,59.2660931971,False,0.0775089652513,True,-0.00808377185249,-0.0489500439118,0.028558921339500002,False
2724,136,4,29.852722936,False,0.0761340156806,True,-0.0247278033417,-0.065941709809,0.0101923058716,False
2725,136,5,7.11582923102,False,0.06903889497349999,True,-0.0384813233438,-0.07332145216260001,-0.0042825571891,True
2726,136,6,0.692763775331,False,0.0671042268277,True,-0.0535824060821,-0.08649636497960002,-0.019392138152,True
2727,136,7,0.48738643818300004,False,0.0632168530057,True,-0.0515167849207,-0.0811120846543,-0.017895231648599998,True
2728,136,8,0.932467073248,False,0.061336076788599994,True,-0.0464642980025,-0.0787943329699,-0.017458256181299998,True
2729,136,9,0.418947492293,False,0.061065240576200004,True,-0.0518770115048,-0.0811750399645,-0.020109799388299997,True
2730,136,10,0.3772472622,False,0.0620239226824,True,-0.0543438272424,-0.0852024363736,-0.023178513691199998,True
2731,136,11,0.0450502054039,True,0.060521791674800006,True,-0.060116415875500005,-0.0908629418494,-0.0303411501747,True
2732,136,12,0.038595896591199996,True,0.060955914770900003,True,-0.0662787419956,-0.09762382121639998,-0.0366679064456,True
2733,136,13,7.410093291739998e-12,True,0.0591020113146,True,-0.07036231586910001,-0.09844543643030002,-0.0393434251157,True
2734,136,14,1.14471183388e-27,True,0.0572153669085,True,-0.0755890643173,-0.10400510114299999,-0.0467897342346,True
2735,136,15,1.50203424131e-10,True,0.056370807485499996,True,-0.0754111909118,-0.103396982195,-0.0470261747091,True
2736,136,16,1.9084228195099995e-36,True,0.054805194298700004,True,-0.0799957491004,-0.107000493642,-0.0521952993435,True
2737,136,17,4.25365897856e-07,True,0.0569391167687,True,-0.07565794014669999,-0.10383961990599999,-0.0469005031377,True
2738,136,18,3.2448165642899994e-29,True,0.0569773108116,True,-0.078030421355,-0.10698267782299999,-0.0500053670111,True
2739,136,19,1.32049346861e-21,True,0.058047641763300004,True,-0.07574755236830001,-0.105664242478,-0.0476166007146,True
2740,137,0,31.462314429899997,False,0.144019408883,False,0.0136467056427,-0.061157680479800004,0.0828617284033,False
2741,137,1,45.193528692,False,0.10805185496200001,False,-0.00025591597389,-0.054586316932100004,0.053465538030199995,False
2742,137,2,54.7966938216,False,0.0885849013234,False,0.00265339264426,-0.039112837790699996,0.0494720635326,False
2743,137,3,34.6810269832,False,0.0777544920313,True,-0.0225482105208,-0.06144645144309999,0.016308040588200002,False
2744,137,4,10.070736334,False,0.07329114364389999,True,-0.0357968875063,-0.07011697659300001,0.00317416705086,False
2745,137,5,15.1980014177,False,0.0719953580775,True,-0.0314147772867,-0.0650908015986,0.00690455647887,False
2746,137,6,4.4452141772900005,False,0.0692260874055,True,-0.041257302771,-0.0780141993241,-0.00878811191866,True
2747,137,7,2.3444425075799997,False,0.064270106809,True,-0.0453302515931,-0.0774834092083,-0.0132133023992,True
2748,137,8,2.58383755168,False,0.0630208853643,True,-0.0419899527103,-0.07346443236539998,-0.010443547001100001,True
2749,137,9,0.563546122192,False,0.0618047246,True,-0.0503173395575,-0.0796534399062,-0.0178487153062,True
2750,137,10,2.0174359871400003,False,0.0614855403946,True,-0.042612394403499995,-0.07359208889260001,-0.012106548497999999,True
2751,137,11,0.8647954623549999,False,0.0620494106793,True,-0.046559307312599996,-0.07845557494080001,-0.0164061642615,True
2752,137,12,0.758709248665,False,0.0588646658457,True,-0.047834478054400005,-0.0772249735322,-0.0183603076865,True
2753,137,13,0.482907092821,False,0.05879409897469999,True,-0.0525845257477,-0.0814385256018,-0.0226444266271,True
2754,137,14,0.19997998930799998,True,0.057506827851900005,True,-0.04951468843,-0.0782273310509,-0.020720503199,True
2755,137,15,0.251556445524,True,0.0592529457896,True,-0.046845282598699994,-0.07696263161349999,-0.0177096858239,True
2756,137,16,0.251430880739,True,0.054830478633900004,True,-0.0490622990109,-0.0772565418002,-0.022426063166400004,True
2757,137,17,0.702594558311,False,0.05474434387180001,True,-0.044539194854499996,-0.0725351017957,-0.017790757923900002,True
2758,137,18,0.440405080868,False,0.0558726313911,True,-0.0472593591323,-0.07401531275880001,-0.0181426813677,True
2759,137,19,0.130420762977,True,0.0555471337739,True,-0.053242262800199995,-0.0811868928817,-0.0256397591078,True
2760,138,0,2.57549436311,False,0.137487135506,False,-0.0805622269732,-0.150195992567,-0.0127088570603,True
2761,138,1,2.08283622095,False,0.102394328879,False,-0.0656598135246,-0.117694617256,-0.0153002883773,True
2762,138,2,0.10592524769999999,True,0.08588202615139999,False,-0.0870925303643,-0.129891136899,-0.04400911074780001,True
2763,138,3,0.112528189024,True,0.079376615816,True,-0.0731812695114,-0.11399088568700001,-0.034614269871,True
2764,138,4,0.346012736381,False,0.07335370738760001,True,-0.0616620320354,-0.0970192291862,-0.0236655217986,True
2765,138,5,4.75002379763e-09,True,0.06895739491160001,True,-0.0804446257398,-0.114151446116,-0.045194051204599996,True
2766,138,6,9.476439675849999e-17,True,0.0656267479984,True,-0.08329571726610001,-0.115643799395,-0.050017051396199996,True
2767,138,7,1.6047172195299998e-14,True,0.064112581493,True,-0.09312760553539999,-0.126389369603,-0.0622767881095,True
2768,138,8,1.4662601793e-20,True,0.0644578035473,True,-0.0953516844579,-0.12693723197,-0.062479428422300004,True
2769,138,9,6.257623881929999e-46,True,0.0627725148874,True,-0.09244292591889999,-0.12403731524299999,-0.061264800356,True
2770,138,10,7.899836823119999e-25,True,0.0601244956961,True,-0.0870852539335,-0.11796556870300001,-0.0578410730071,True
2771,138,11,4.6967200967e-10,True,0.0610147435707,True,-0.08631335204299999,-0.119465864418,-0.0584511208474,True
2772,138,12,4.1815395261100004e-45,True,0.059149011891,True,-0.092036018368,-0.122352848607,-0.0632038367156,True
2773,138,13,1.0313495664299998e-47,True,0.0596570830998,True,-0.09163477218,-0.12239778377699999,-0.062740700677,True
2774,138,14,8.533494378e-47,True,0.057195901531100005,True,-0.0890412315897,-0.11733496918099999,-0.060139067650300006,True
2775,138,15,4.896852798949999e-32,True,0.056550388349,True,-0.08052089870330001,-0.108954207245,-0.052403818896199994,True
2776,138,16,9.23282829855e-19,True,0.0579948694121,True,-0.07692490257939999,-0.10678165614900001,-0.0487867867371,True
2777,138,17,1.69013384256e-51,True,0.057003736180699996,True,-0.0854661285527,-0.112994724088,-0.0559909879076,True
2778,138,18,5.437586985359999e-31,True,0.0564830833156,True,-0.0812644087151,-0.10952450361300001,-0.053041420297600006,True
2779,138,19,1.83181874919e-39,True,0.0560054927301,True,-0.08267761527379999,-0.110841655037,-0.054836162306399996,True
2780,139,0,20.872083801800002,False,0.13644610245,False,-0.036363779199300006,-0.104572163848,0.0318739386022,False
2781,139,1,4.61573228541,False,0.10352714958699999,False,-0.058976643245,-0.11059353832900001,-0.00706638874179,True
2782,139,2,6.54148175735,False,0.0883876541787,False,-0.0453951982094,-0.0923736056514,-0.00398595147262,True
2783,139,3,3.19690368886,False,0.082223133266,False,-0.0515523500409,-0.09189041641719999,-0.00966728315121,True
2784,139,4,0.477760379909,False,0.0746873791791,True,-0.0647095810114,-0.103181046876,-0.0284936676969,True
2785,139,5,0.11314031286399999,True,0.0699817300975,True,-0.0662679213104,-0.100944377447,-0.030962647349799997,True
2786,139,6,0.603926775842,False,0.06579943317669999,True,-0.053354477223,-0.0875878748975,-0.021788441720799998,True
2787,139,7,0.320899041147,True,0.0650075553904,True,-0.0598004957785,-0.09207169515760001,-0.0270641397671,True
2788,139,8,0.699819915948,False,0.0623092173975,True,-0.0536225420908,-0.08599635452739998,-0.023687137129900004,True
2789,139,9,1.8887114407299999,False,0.0616124781931,True,-0.0432661870232,-0.07624936170239999,-0.0146368835093,True
2790,139,10,0.299584283543,True,0.061355386316900004,True,-0.048354882789400006,-0.0780166947721,-0.0166613084552,True
2791,139,11,0.256582151741,True,0.060129873209,True,-0.0542565785453,-0.08473783952289998,-0.0246079663139,True
2792,139,12,0.10989453149700001,True,0.0582280483478,True,-0.0607600516836,-0.0901301521685,-0.0319021038207,True
2793,139,13,0.00041370758186800005,True,0.0581370200784,True,-0.05885675434280001,-0.085633290553,-0.0274962704746,True
2794,139,14,0.00082536637603,True,0.056740240416599995,True,-0.05640805725859999,-0.08350397634930001,-0.0267637359326,True
2795,139,15,0.103493186732,True,0.0575835431345,True,-0.05429700772130001,-0.0828900651306,-0.0253065219961,True
2796,139,16,0.09343819701580001,True,0.059009139506,True,-0.0530035998708,-0.0841383080506,-0.0251291685446,True
2797,139,17,0.00589124995243,True,0.05799718722,True,-0.0562205525215,-0.0860561659574,-0.0280589787374,True
2798,139,18,0.083172353359,True,0.0563826362133,True,-0.0537553509296,-0.0824160570898,-0.026033420876500003,True
2799,139,19,0.0642822909073,True,0.0569669815501,True,-0.0563003428687,-0.08490599761360001,-0.0279390160635,True
2800,140,0,7.77472659033,False,0.141259908325,False,-0.062892673201,-0.131827969876,0.00943193844909,False
2801,140,1,3.40383769042,False,0.10049112392699999,False,-0.0605295028259,-0.111200673176,-0.0107095492499,True
2802,140,2,4.308673948919999,False,0.0903343112511,False,-0.0523155305769,-0.0974285418857,-0.0070942306345899995,True
2803,140,3,1.78517905312,False,0.0800499521775,False,-0.056895308880900004,-0.09799140872739999,-0.017941456549900002,True
2804,140,4,0.143671787893,True,0.0732910824143,True,-0.06839564564469999,-0.10586085681500002,-0.032569774401,True
2805,140,5,2.89693827848e-05,True,0.0683496784623,True,-0.0740886463055,-0.10674747028899999,-0.0383977918262,True
2806,140,6,6.62247316331e-21,True,0.0682793865949,True,-0.0888641578343,-0.122791438477,-0.054512051882,True
2807,140,7,1.34782269095e-15,True,0.0614999943839,True,-0.08373641836130001,-0.113047592239,-0.051547597855599994,True
2808,140,8,4.44503261019e-19,True,0.0625430659399,True,-0.08354948215260001,-0.116433063829,-0.05388999788930001,True
2809,140,9,2.70952758546e-14,True,0.060755089919099996,True,-0.079506091704,-0.111737206693,-0.0509821167734,True
2810,140,10,4.40578133609e-17,True,0.060955288315399994,True,-0.0787747534473,-0.109770708233,-0.0488154199173,True
2811,140,11,2.59881518605e-06,True,0.0597164286022,True,-0.0754101067999,-0.10543705947999998,-0.045720630878099994,True
2812,140,12,7.65805362769e-05,True,0.0594548295892,True,-0.0651925151038,-0.0952891039587,-0.0358342743696,True
2813,140,13,0.000524344589166,True,0.058593166601,True,-0.0665496870443,-0.0948842802292,-0.0362911136282,True
2814,140,14,5.571483744430001e-13,True,0.0557242162032,True,-0.06929621644799999,-0.09715364345720001,-0.041429427254,True
2815,140,15,1.10514630955e-19,True,0.0586654726628,True,-0.06977999086310001,-0.0995210132837,-0.0408555406209,True
2816,140,16,4.76073661139e-11,True,0.05558964038480001,True,-0.0702221880892,-0.0982378449926,-0.0426482046078,True
2817,140,17,4.77762940415e-10,True,0.0583500885859,True,-0.0735156691979,-0.10332882901399999,-0.044978740428099996,True
2818,140,18,1.9438743967e-16,True,0.0563115237208,True,-0.0703338201861,-0.0989723013343,-0.042660777613399994,True
2819,140,19,1.0769168983700002e-08,True,0.057145900666,True,-0.0776296962664,-0.1078534217,-0.0507075210338,True
2820,141,0,0.59090083904,False,0.145618274423,False,-0.104046150017,-0.17343004453400002,-0.0278117701113,True
2821,141,1,0.550271502763,False,0.10437237089700001,False,-0.0780629706698,-0.133398269568,-0.029025898671,True
2822,141,2,0.245294107355,True,0.08890969554310002,False,-0.0778856969313,-0.121912984391,-0.033003288848,True
2823,141,3,0.791175885695,False,0.07902425624139998,True,-0.05794221171180001,-0.0955913140927,-0.0165670578513,True
2824,141,4,0.751456649702,False,0.0749475812246,True,-0.060955874658199995,-0.097722098382,-0.022774517157400004,True
2825,141,5,0.0008416183601149999,True,0.07156942902139998,True,-0.0695982196457,-0.10332834578500001,-0.0317589167632,True
2826,141,6,0.35891265538,False,0.0687726918762,True,-0.058350121731,-0.09304892947969999,-0.024276237603500003,True
2827,141,7,0.323675648703,True,0.06404161088669999,True,-0.0558225251181,-0.08865255385410002,-0.0246109429674,True
2828,141,8,0.0328649180266,True,0.0632274913065,True,-0.0596645294542,-0.0919178061991,-0.028690314892599995,True
2829,141,9,0.25247128329,True,0.0624214834784,True,-0.0558670786226,-0.0867863248583,-0.024364841379800002,True
2830,141,10,0.0007612660671689999,True,0.061154115011900004,True,-0.0673456427888,-0.09710722024679999,-0.0359531052349,True
2831,141,11,0.0009716184415369999,True,0.05915907072459999,True,-0.0620505877147,-0.0898426424798,-0.0306835717552,True
2832,141,12,0.0219311997038,True,0.059937986271,True,-0.061642501751499996,-0.0936605162212,-0.0337225299502,True
2833,141,13,0.000270592886681,True,0.058310610292,True,-0.06475528182630001,-0.0935664643512,-0.035255854059199995,True
2834,141,14,0.10757427229000001,True,0.057715079354499994,True,-0.0576198943562,-0.08747871441400001,-0.029763635059500002,True
2835,141,15,0.00513498917951,True,0.0599100862722,True,-0.0571902871838,-0.0887717097241,-0.028861623451900003,True
2836,141,16,0.000184682738985,True,0.0584424669429,True,-0.0596166647353,-0.0902187193533,-0.031776252410400004,True
2837,141,17,3.80146002104e-14,True,0.0553411790767,True,-0.0688493501244,-0.09491702259160001,-0.0395758435148,True
2838,141,18,4.424078712880001e-06,True,0.0559425988367,True,-0.063353168567,-0.0914065258969,-0.0354639270602,True
2839,141,19,0.012460175726600001,True,0.054854572228,True,-0.0675358087264,-0.09456406076860001,-0.039709488540599996,True
2840,142,0,19.1722674798,False,0.142564019521,False,-0.0403313386947,-0.109637460074,0.032926559446799994,False
2841,142,1,9.784819641339999,False,0.108157517415,False,-0.0486682370715,-0.10204133335200001,0.00611618406236,False
2842,142,2,19.7999734397,False,0.0873809080483,False,-0.0317022129569,-0.07518811379760001,0.0121927942507,False
2843,142,3,25.189791459699997,False,0.07951530840099999,True,-0.027131143295,-0.06438382040469999,0.015131487996399998,False
2844,142,4,22.503864374699997,False,0.0774033833489,True,-0.0278526295346,-0.0680015220031,0.009401861345780001,False
2845,142,5,33.227644756,False,0.0706713606023,True,-0.0217306769339,-0.056971939214000004,0.013699421388299998,False
2846,142,6,43.5769895053,False,0.0666413366033,True,-0.017800181895400002,-0.050756166604300004,0.0158851699989,False
2847,142,7,31.564189617100002,False,0.0653336636121,True,-0.0219082259079,-0.0543306380576,0.011003025554500001,False
2848,142,8,20.972795329100002,False,0.0628143598259,True,-0.026158490827700002,-0.0586450274399,0.00416933238608,False
2849,142,9,24.922219114,False,0.0630925115996,True,-0.024362447237499998,-0.055503046112400006,0.007589465487189999,False
2850,142,10,32.8901178613,False,0.0605401791575,True,-0.0216110051859,-0.051521229163,0.0090189499945,False
2851,142,11,6.33686566622,False,0.058738225895100006,True,-0.034800611964800006,-0.0651403252382,-0.0064020993430900005,True
2852,142,12,5.27331905138,False,0.05799925894230001,True,-0.03508711867730001,-0.0635655167235,-0.005566257781189999,True
2853,142,13,4.8513846015099995,False,0.0581863362187,True,-0.0364472588246,-0.0656627870014,-0.00747645078276,True
2854,142,14,2.63094150377,False,0.05742416623030001,True,-0.0401143915908,-0.06947646914660001,-0.0120523029162,True
2855,142,15,1.8598939993299999,False,0.058950677231999996,True,-0.0426153730226,-0.0732505473555,-0.0142998701235,True
2856,142,16,0.966542712131,False,0.056576758375300004,True,-0.0453143195394,-0.07228196785760001,-0.0157052094822,True
2857,142,17,0.511564862886,False,0.0571873530116,True,-0.047619165706400006,-0.0759759812274,-0.0187886282158,True
2858,142,18,0.286504972969,True,0.0553937419,True,-0.0497553209098,-0.0758996630681,-0.0205059211681,True
2859,142,19,0.22904499163400002,True,0.055798981267999995,True,-0.0537846414254,-0.08159512894069999,-0.025796147672700002,True
2860,143,0,1.5007363551,False,0.142092913878,False,-0.0922738941526,-0.167779331093,-0.025686417214900004,True
2861,143,1,1.40754570253,False,0.0996103059266,False,-0.068239091525,-0.12027370424900001,-0.020663398322,True
2862,143,2,2.459831604,False,0.0860700713315,False,-0.0570074156814,-0.101397251047,-0.015327179715200001,True
2863,143,3,3.60919852554,False,0.0814020244053,False,-0.0523409665923,-0.09209194120089999,-0.010689916795600002,True
2864,143,4,1.14539340745,False,0.07460168403760001,True,-0.054732900355199995,-0.09103600255560002,-0.016434318518,True
2865,143,5,3.40360350467,False,0.0693184977526,True,-0.0447348759675,-0.0786636938155,-0.00934519606293,True
2866,143,6,1.99516905926,False,0.0657778970963,True,-0.04446217193990001,-0.07835127463689999,-0.012573377540599999,True
2867,143,7,1.27147970579,False,0.065940985424,True,-0.0489007233122,-0.0836954212947,-0.0177544358707,True
2868,143,8,0.18518782731199998,True,0.0648520711717,True,-0.053112333099800006,-0.0858760477104,-0.0210239765387,True
2869,143,9,0.697910134778,False,0.06136634800580001,True,-0.0486911143187,-0.0790287486617,-0.017662400655900003,True
2870,143,10,0.493460220113,False,0.0608717484031,True,-0.0509786900387,-0.08117895245519999,-0.0203072040522,True
2871,143,11,0.073760750204,True,0.0607824131358,True,-0.05440484825590001,-0.08427581377070001,-0.0234934006349,True
2872,143,12,0.161131882295,True,0.058881858604,True,-0.053722669834,-0.0824995331928,-0.023617674588700004,True
2873,143,13,0.250410100085,True,0.057805401843300006,True,-0.05060331850869999,-0.0776415970507,-0.0198361952074,True
2874,143,14,0.544136854725,False,0.058206311268100004,True,-0.047866463437599996,-0.0761684343589,-0.0179621230908,True
2875,143,15,0.402480287221,False,0.0570850937159,True,-0.0489701146282,-0.078005146412,-0.0209200526961,True
2876,143,16,0.176792192735,True,0.0572406394594,True,-0.051917811078399996,-0.0786398413473,-0.0213992018878,True
2877,143,17,0.00038280955124300005,True,0.056249828596199994,True,-0.0551175054105,-0.08196056937599999,-0.0257107407798,True
2878,143,18,0.102224587119,True,0.055456786671699995,True,-0.0502418639069,-0.07728445438360002,-0.021827667711900003,True
2879,143,19,0.00176034196161,True,0.052491804812699994,True,-0.057283911909499996,-0.0828453714842,-0.0303535666715,True
2880,144,0,8.178654516839998,False,0.144157795542,False,-0.0631939956769,-0.13065644373500002,0.013501351807200001,False
2881,144,1,0.952644592745,False,0.109169439114,False,-0.0810050660866,-0.13107275511,-0.021903315995499998,True
2882,144,2,6.05881158107,False,0.0887129130325,False,-0.048802643649699995,-0.09625796042160001,-0.00754504738906,True
2883,144,3,2.2029033520400003,False,0.0798783277486,True,-0.054299345214,-0.09324028506560002,-0.013361957316999998,True
2884,144,4,0.44095980261100004,False,0.0725942102185,True,-0.0584879626998,-0.0957186711658,-0.023124460947300002,True
2885,144,5,0.37726130456999996,False,0.07012295847580001,True,-0.060851047423700004,-0.0961711063751,-0.0260481478993,True
2886,144,6,0.188794427181,True,0.0685747833013,True,-0.0573855234726,-0.0920119565814,-0.023437173280099997,True
2887,144,7,0.04769857721609999,True,0.062241589377899996,True,-0.06258258532069999,-0.0923198845618,-0.030078295183900004,True
2888,144,8,0.000175958659118,True,0.066312339476,True,-0.06645820065909999,-0.09808477592389998,-0.0317724364478,True
2889,144,9,0.027641591067300002,True,0.0632326967206,True,-0.061565239108499994,-0.0928393987668,-0.0296067020462,True
2890,144,10,0.0506259363729,True,0.0599835680762,True,-0.0578620200805,-0.0895422304278,-0.029558662351500002,True
2891,144,11,1.58514465116e-08,True,0.0583165821804,True,-0.0634733835188,-0.09183812534389998,-0.0335215431635,True
2892,144,12,5.55721807724e-06,True,0.060729903996800005,True,-0.06693218735930001,-0.09664270485109999,-0.0359128008542,True
2893,144,13,1.5202067607e-14,True,0.0575007932379,True,-0.0695373789452,-0.09709601338710001,-0.03959522014919999,True
2894,144,14,7.460234341890001e-07,True,0.0567441767773,True,-0.0701707970738,-0.0984698019778,-0.0417256252005,True
2895,144,15,1.11763695614e-13,True,0.059454274638900004,True,-0.07202334856130001,-0.103125983694,-0.04367170905519999,True
2896,144,16,6.403749433819999e-23,True,0.0577292037221,True,-0.07275950294530001,-0.10327683781199999,-0.045547634089699994,True
2897,144,17,2.20491335969e-07,True,0.057553206064900005,True,-0.0713016654677,-0.10137979687000001,-0.0438265908051,True
2898,144,18,5.81784061076e-13,True,0.056407601331099996,True,-0.0708109149253,-0.09890562655089999,-0.042498025219800006,True
2899,144,19,5.50536247125e-18,True,0.0594904185764,True,-0.07330091744930001,-0.10245737015499999,-0.0429669515789,True
2900,145,0,33.7724168921,False,0.145248312415,False,-0.00176847671122,-0.07539751339480001,0.0698507990203,False
2901,145,1,42.6123486001,False,0.101613644696,False,-0.00931697770885,-0.06021487007450001,0.0413987746218,False
2902,145,2,22.5896359713,False,0.0870446255944,False,-0.030592112699700004,-0.0775140501701,0.009530575424360001,False
2903,145,3,13.0486802769,False,0.08168976830630001,False,-0.0371844037384,-0.07919659395939999,0.00249317434692,False
2904,145,4,2.63144256398,False,0.07340767908,True,-0.0491905691297,-0.0853956696476,-0.0119879905676,True
2905,145,5,1.0004478287799998,False,0.06953772453160001,True,-0.052596697169699995,-0.0895068254222,-0.0199691008906,True
2906,145,6,0.656454985302,False,0.0674553652514,True,-0.05494203369109999,-0.0892626957801,-0.021807330528700004,True
2907,145,7,0.06001970167930001,True,0.06642983799409999,True,-0.0576342622824,-0.091698247624,-0.025268409629900002,True
2908,145,8,0.23163462579100003,True,0.0643695340568,True,-0.056912978322800005,-0.0894259205545,-0.0250563864977,True
2909,145,9,0.446287930031,False,0.0627521680321,True,-0.0546862380722,-0.08682282823460001,-0.0240706602025,True
2910,145,10,1.4576920214700002,False,0.060156090976099995,True,-0.045811164364200005,-0.0758453668179,-0.0156892758418,True
2911,145,11,0.20595274649599998,True,0.059611318318,True,-0.0509321386478,-0.0824812541594,-0.0228699358414,True
2912,145,12,2.5829001120900004,False,0.0579684086114,True,-0.0410460566373,-0.0701428653708,-0.0121744567594,True
2913,145,13,1.3447975674200001,False,0.059481333946699994,True,-0.0437226845926,-0.07303041811960001,-0.0135490841729,True
2914,145,14,0.841681471594,False,0.0603782509526,True,-0.0478498056816,-0.07705314931210001,-0.0166748983595,True
2915,145,15,0.34759707641800003,False,0.057307691969,True,-0.0492791857366,-0.0784547953182,-0.021147103349200003,True
2916,145,16,0.5156150041709999,False,0.0568872553111,True,-0.048440478985699996,-0.0772543218295,-0.020367066518400003,True
2917,145,17,1.3581707623,False,0.057693918767599994,True,-0.0427467689036,-0.0723995723743,-0.0147056536066,True
2918,145,18,1.05542657707,False,0.0564785497874,True,-0.04490791830469999,-0.07325675722510001,-0.0167782074377,True
2919,145,19,0.12733482907299998,True,0.0557712324187,True,-0.0502654331262,-0.07802201308,-0.0222507806613,True
2920,146,0,35.2951818136,False,0.136616598971,False,-0.000245583203471,-0.06919243912560001,0.0674241598455,False
2921,146,1,33.6116220731,False,0.104619290252,False,-0.0212316225677,-0.0769632381677,0.0276560520844,False
2922,146,2,40.6321703683,False,0.08897484633290001,False,-0.0176127633753,-0.062117984982,0.0268568613509,False
2923,146,3,34.1918064808,False,0.0798768449443,True,-0.0226432894202,-0.061247032460599996,0.018629812483700003,False
2924,146,4,45.51323141100001,False,0.07421133602010001,True,-0.0157938290006,-0.0549570346793,0.0192543013408,False
2925,146,5,17.6111263481,False,0.0719371463559,True,-0.030262222810800002,-0.0680890417718,0.0038481045840999995,False
2926,146,6,22.6577245987,False,0.0677313915257,True,-0.026087959329499998,-0.0603134552845,0.007417936241239999,False
2927,146,7,20.4672967419,False,0.0652194180424,True,-0.0278435171716,-0.060895806608100005,0.0043236114343300006,False
2928,146,8,15.3189478858,False,0.063532662717,True,-0.029954512280299998,-0.060895544506,0.00263711821101,False
2929,146,9,23.1824212259,False,0.0636553304669,True,-0.0254019241628,-0.0570933668547,0.006561963612180001,False
2930,146,10,30.92001825,False,0.0598521380942,True,-0.021473428602400004,-0.052087698168400004,0.00776443992579,False
2931,146,11,15.9151646797,False,0.0585670694756,True,-0.02719788627,-0.05800831168380001,0.0005587577918550001,False
2932,146,12,3.7931147368900002,False,0.0579808230314,True,-0.0370376399402,-0.0649847090401,-0.00700388600863,True
2933,146,13,6.900681001489999,False,0.05842354320669999,True,-0.0342365930104,-0.0627943744316,-0.00437083122492,True
2934,146,14,9.95825561447,False,0.059063181097800004,True,-0.031876808085099996,-0.0609178004351,-0.0018546193373699998,True
2935,146,15,6.981141222200001,False,0.0566520436288,True,-0.034310078909,-0.06367022105259999,-0.0070181774238199995,True
2936,146,16,2.01822635743,False,0.0562035145469,True,-0.038973175000400005,-0.0661866530113,-0.00998313846439,True
2937,146,17,0.6841847687279999,False,0.0568480927875,True,-0.04524861599780001,-0.07431861011560001,-0.0174705173281,True
2938,146,18,0.28341089326200003,True,0.0568736321195,True,-0.0488863134693,-0.0763088564218,-0.0194352243023,True
2939,146,19,0.26903509153,True,0.0572895918714,True,-0.048902015192099996,-0.07583943343760001,-0.0185498415662,True
2940,147,0,2.95409207237,False,0.14103126807299998,False,-0.079810307042,-0.154508137992,-0.0134768699185,True
2941,147,1,1.4806880661700002,False,0.101711555658,False,-0.0696694877305,-0.12147691757899999,-0.0197653619211,True
2942,147,2,8.78205773697,False,0.08880744309289999,False,-0.0449048270975,-0.08951019167850001,-0.000702748585648,True
2943,147,3,15.1820409427,False,0.0781359838132,True,-0.0357445354031,-0.0753095403847,0.0028264434284899997,False
2944,147,4,1.34471397329,False,0.0715121553241,True,-0.051224077751400005,-0.0886246564721,-0.017112501148,True
2945,147,5,2.23779342233,False,0.06975844999189999,True,-0.0487571182201,-0.0804208833334,-0.0106624333415,True
2946,147,6,5.22778347807,False,0.0666033938115,True,-0.0390650507425,-0.07292038379139999,-0.006316989979899999,True
2947,147,7,1.07260461305,False,0.061922924698700005,True,-0.0471758304465,-0.0783887226403,-0.0164657979416,True
2948,147,8,0.790431160686,False,0.0635346884373,True,-0.04758533305459999,-0.0783670325845,-0.0148323441472,True
2949,147,9,1.04632014253,False,0.0631636216589,True,-0.0480561800894,-0.0789485207503,-0.0157848990914,True
2950,147,10,1.3895123679499999,False,0.0612931944823,True,-0.047087045371199995,-0.0769881498069,-0.0156949553246,True
2951,147,11,4.17928479061,False,0.060112240710899996,True,-0.038846998348,-0.06917873655000001,-0.00906649583909,True
2952,147,12,1.41281320384,False,0.0573777999363,True,-0.04256044682730001,-0.070843235625,-0.013465435688700001,True
2953,147,13,1.33293167602,False,0.059591946468400006,True,-0.04695331804859999,-0.0768610608292,-0.0172691143607,True
2954,147,14,0.210946832489,True,0.0568758377659,True,-0.05247283701830001,-0.0812001896553,-0.024324351889400003,True
2955,147,15,0.00487699431358,True,0.0591583590532,True,-0.059218929735500005,-0.08712281800180001,-0.027964458948599998,True
2956,147,16,0.0135820267215,True,0.0561230641187,True,-0.0577934067662,-0.085555804569,-0.0294327404503,True
2957,147,17,0.00037438606775300003,True,0.0575809308206,True,-0.053335127510799996,-0.0808348543065,-0.0232539234859,True
2958,147,18,0.0063543352773199994,True,0.0573647356661,True,-0.056753670306,-0.08562643174560002,-0.0282616960794,True
2959,147,19,0.102027561561,True,0.055349195683300004,True,-0.0573579667294,-0.0845719403026,-0.0292227446193,True
2960,148,0,29.973251256300003,False,0.141329905369,False,0.0131547816491,-0.057875606500900005,0.08345429886860001,False
2961,148,1,46.0464864333,False,0.105684094203,False,0.00495236538454,-0.046204799692900006,0.059479294510399995,False
2962,148,2,47.0240903075,False,0.0918853951742,False,0.011686007493200002,-0.0346402937792,0.057245101395,False
2963,148,3,43.172419769799994,False,0.07852589524629999,True,0.017452736026700003,-0.0194384773115,0.059087417934800004,False
2964,148,4,59.3982452763,False,0.07330945320650001,True,-0.005668955950260001,-0.042814352456,0.0304951007504,False
2965,148,5,60.5027158842,False,0.07213886018910001,True,-0.00750423168557,-0.0413872880912,0.030751572097800002,False
2966,148,6,62.5852216779,False,0.0670874363029,True,-0.009550542014330001,-0.0428473245681,0.0242401117348,False
2967,148,7,39.9467974602,False,0.0633738914026,True,-0.0197825943423,-0.0525510838255,0.0108228075771,False
2968,148,8,54.0381069327,False,0.0641307721579,True,-0.0144127753176,-0.045547804312899995,0.018582967845,False
2969,148,9,42.9371857879,False,0.06257237853780001,True,-0.0179060204443,-0.0479883415201,0.0145840370176,False
2970,148,10,13.6496979481,False,0.060238177079600004,True,-0.0282464071845,-0.061229795901800006,-0.00099161882218,True
2971,148,11,28.6556614754,False,0.06070826878959999,True,-0.022621297401,-0.053250507878300005,0.00745776091136,False
2972,148,12,20.6087672519,False,0.0603427395611,True,-0.027216105167,-0.0583862066514,0.00195653290971,False
2973,148,13,7.038969240739998,False,0.056802845430699994,True,-0.0329802736574,-0.060218297062800005,-0.00341545163209,True
2974,148,14,2.6856092558499998,False,0.0604951061343,True,-0.040656252795,-0.0715096914475,-0.011014585313200001,True
2975,148,15,3.87176595806,False,0.0573319643455,True,-0.0370757117883,-0.0655690962659,-0.00823713192039,True
2976,148,16,7.492604775219999,False,0.056248199834099996,True,-0.0323079602892,-0.0608995128662,-0.004651313032159999,True
2977,148,17,6.832712428169999,False,0.0565238468686,True,-0.0320096623723,-0.06040205963069999,-0.00387821276204,True
2978,148,18,7.457477239099999,False,0.05590234699490001,True,-0.033167257360499997,-0.059618838362499996,-0.0037164913676199997,True
2979,148,19,4.69753705518,False,0.057222437276599994,True,-0.0351275358539,-0.062294073803400005,-0.0050716365268,True
2980,149,0,32.2657141357,False,0.141226813345,False,0.015431599739899998,-0.0540280606566,0.08719875268880001,False
2981,149,1,44.5740696095,False,0.105547873522,False,0.00632895833005,-0.0480228227245,0.0575250507975,False
2982,149,2,35.7487575335,False,0.093399748839,False,-0.0207691949575,-0.0683995840852,0.025000164753799996,False
2983,149,3,39.8820984134,False,0.08030495803650001,False,-0.018303980398299998,-0.0570505445386,0.023254413497900004,False
2984,149,4,12.9719237715,False,0.07192756303180001,True,-0.0342046737575,-0.0702021283439,0.00172543468781,False
2985,149,5,1.35891869433,False,0.0715307328552,True,-0.051039468449599994,-0.0888979645902,-0.017367231735,True
2986,149,6,0.000241121419207,True,0.0673909233874,True,-0.0634436667794,-0.09522480856910001,-0.0278338851817,True
2987,149,7,0.0330290799106,True,0.0662067606993,True,-0.0639257624258,-0.0976775010122,-0.0314707403129,True
2988,149,8,0.09481566324169999,True,0.0626825787017,True,-0.06116944523469999,-0.08994112444160002,-0.027258545739999994,True
2989,149,9,0.215484541659,True,0.0626719972809,True,-0.057088305972100004,-0.09069461891889999,-0.028022621638,True
2990,149,10,3.93133564612e-05,True,0.0614110098602,True,-0.0658352857639,-0.09674616741389999,-0.0353351575536,True
2991,149,11,1.57913700526e-05,True,0.05967878646099999,True,-0.0693992177647,-0.09992687591749999,-0.0402480894565,True
2992,149,12,7.19629747556e-11,True,0.058046772051099996,True,-0.06278312398109999,-0.091591260381,-0.0335444883299,True
2993,149,13,0.0501106547437,True,0.0598196980594,True,-0.0613784100222,-0.0907027640573,-0.030883065997900003,True
2994,149,14,3.81747499754e-05,True,0.056794299131500005,True,-0.06215646786140001,-0.0907820952254,-0.033987796093900006,True
2995,149,15,2.29996293485e-05,True,0.0560750223852,True,-0.056647096517699995,-0.0846587736903,-0.0285837513052,True
2996,149,16,0.12699516835799998,True,0.0557504830526,True,-0.05463044612890001,-0.08109756043289999,-0.025347077380300002,True
2997,149,17,5.59521826174e-05,True,0.0561319390563,True,-0.0593885526558,-0.0875590589498,-0.0314271198935,True
2998,149,18,4.45786191759e-07,True,0.056536750395300005,True,-0.0626793601537,-0.08877106407600001,-0.0322343136808,True
2999,149,19,5.22335127827e-05,True,0.0545562743676,True,-0.0639091895082,-0.09127137102389998,-0.0367150966563,True
3000,150,0,0.620734876201,False,0.138849801852,False,-0.10147962773,-0.17076501228,-0.031915210427599996,True
3001,150,1,0.6213792957509999,False,0.105000678212,False,-0.07858178841010001,-0.13263284501800002,-0.0276321668063,True
3002,150,2,0.992723532017,False,0.08928436684350001,False,-0.0671404630245,-0.113851777148,-0.024567410304799996,True
3003,150,3,4.64199086646,False,0.0770739084282,True,-0.0462123015387,-0.0853685135943,-0.008294605166159999,True
3004,150,4,19.2558963413,False,0.0761225115783,True,-0.0290912216727,-0.06481018083880001,0.011312330739500002,False
3005,150,5,7.760704559289999,False,0.07019402547089999,True,-0.037142111082900005,-0.0736909574357,-0.0034969319648600005,True
3006,150,6,8.105943067070001,False,0.0646965364007,True,-0.0356590672321,-0.0663190514881,-0.0016225150873900001,True
3007,150,7,8.7628222163,False,0.0653142834294,True,-0.0356429490196,-0.06984477619,-0.00453049276056,True
3008,150,8,6.08716691997,False,0.0633485460286,True,-0.0376522904776,-0.0700550750076,-0.006706528979050001,True
3009,150,9,3.17695851455,False,0.061390004186800004,True,-0.0394619643358,-0.0698890373602,-0.00849903317334,True
3010,150,10,1.04917470214,False,0.06209554809719999,True,-0.04788216758740001,-0.0785343900777,-0.0164388419805,True
3011,150,11,1.52252768993,False,0.0609941969601,True,-0.044375400464,-0.07428366852139999,-0.013289471561399998,True
3012,150,12,1.7584768836700002,False,0.0579839606971,True,-0.0424913188526,-0.0727220184013,-0.014738057704200003,True
3013,150,13,2.0754056761900004,False,0.0604803892185,True,-0.043750460236599995,-0.0748517740179,-0.0143713847994,True
3014,150,14,0.419461875348,False,0.0577027955719,True,-0.044929695345099996,-0.0733472256764,-0.0156444301045,True
3015,150,15,0.22402941145799998,True,0.0570944893873,True,-0.0475330191359,-0.0754597007311,-0.018365211343799998,True
3016,150,16,0.238055358521,True,0.05875235104090001,True,-0.05017653046630001,-0.08046137064280001,-0.0217090196019,True
3017,150,17,0.149168380737,True,0.054960728508900006,True,-0.050990281895399996,-0.07775550079089999,-0.022794772281999998,True
3018,150,18,0.09688610844750001,True,0.05542889329009999,True,-0.053563943277500005,-0.0808297524109,-0.025400859120800003,True
3019,150,19,8.492411857199999e-05,True,0.054502320410099996,True,-0.0549699122272,-0.081457848365,-0.0269555279549,True
3020,151,0,31.762035519,False,0.143504864177,False,-0.0102876420404,-0.0773393295526,0.0661655346247,False
3021,151,1,34.395292065,False,0.10022763454500001,False,-0.0213631800637,-0.07058765829580001,0.0296399762494,False
3022,151,2,52.208476678500006,False,0.0908138334946,False,-0.00557094167575,-0.053000622499099995,0.0378132109956,False
3023,151,3,13.0183361544,False,0.07845667628889999,True,-0.034964820485699995,-0.0740570785118,0.00439959777709,False
3024,151,4,7.379826091839999,False,0.0729129454118,True,-0.0401380384846,-0.0762670044095,-0.00335405899778,True
3025,151,5,3.6201996548900004,False,0.0691742248711,True,-0.0435817921541,-0.0802082258474,-0.0110340009763,True
3026,151,6,25.8013769183,False,0.06791264928669999,True,-0.024884367916799998,-0.057365496691500005,0.010547152595200001,False
3027,151,7,36.3156272413,False,0.06441043393019999,True,-0.020920671505,-0.052823012069300006,0.0115874218609,False
3028,151,8,26.177937006500002,False,0.065161915107,True,-0.0253246003505,-0.057142792235199996,0.008019122871749999,False
3029,151,9,18.0222092745,False,0.061236786326099996,True,-0.0266237548973,-0.055880616634099996,0.00535616969193,False
3030,151,10,13.0155087539,False,0.060984085309800005,True,-0.0295285045792,-0.0611039831991,-0.000119897889245,True
3031,151,11,7.151647670489999,False,0.059348696279300006,True,-0.034948947359000004,-0.0663280279472,-0.006979331667909999,True
3032,151,12,7.138943972939999,False,0.0563128713274,True,-0.0334873574044,-0.0609661154565,-0.0046532441291099996,True
3033,151,13,5.0834743715199995,False,0.05614154075,True,-0.035135026102,-0.06307249284330001,-0.00693095209329,True
3034,151,14,10.6514752637,False,0.0561333516292,True,-0.030152969247499998,-0.057354192190699996,-0.00122084056159,True
3035,151,15,7.606377284470001,False,0.0594006864589,True,-0.034504321084800005,-0.0648885282423,-0.00548784178338,True
3036,151,16,8.8403779806,False,0.0582156569281,True,-0.0325134181394,-0.061282164663300005,-0.0030665077351599997,True
3037,151,17,6.11245705695,False,0.05720180933119999,True,-0.03496395685919999,-0.0637940643571,-0.006592255025870001,True
3038,151,18,3.0315216685500004,False,0.054280381579300006,True,-0.036310533074800005,-0.06406253630520001,-0.009782154725889999,True
3039,151,19,2.82391465272,False,0.056222776818199996,True,-0.039199742059300005,-0.0667736788953,-0.0105509020771,True
3040,152,0,0.699260927309,False,0.142713309832,False,-0.104292908572,-0.175085599364,-0.0323722895312,True
3041,152,1,24.5042055342,False,0.10550420176000001,False,-0.030812391618900002,-0.083699551592,0.021804650168499997,False
3042,152,2,30.8832837075,False,0.0902666312227,False,-0.024707012588900002,-0.0679493577872,0.0223172734355,False
3043,152,3,12.9746483137,False,0.08194934610810001,False,-0.0370561465801,-0.07743024123089999,0.00451910487725,False
3044,152,4,17.901848995599998,False,0.0741208995798,True,-0.031962180486,-0.06888234703150001,0.00523855254833,False
3045,152,5,32.6617768764,False,0.06786214766990001,True,-0.0214559985326,-0.0538579000775,0.0140042475924,False
3046,152,6,24.055838908600002,False,0.0636075241679,True,-0.0254072017423,-0.057380179411300004,0.006227344756649999,False
3047,152,7,24.4567927607,False,0.0659168372902,True,-0.0262214561466,-0.060061248194900003,0.00585558909528,False
3048,152,8,22.1405104366,False,0.0628966077354,True,-0.025931199002999998,-0.0564826164576,0.00641399127785,False
3049,152,9,11.0281337502,False,0.0641088265836,True,-0.0315645977029,-0.0643956401212,-0.000286813537587,True
3050,152,10,7.91279767704,False,0.061111691755999994,True,-0.03479615313730001,-0.0631310579569,-0.00201936620095,True
3051,152,11,12.362452741199998,False,0.059052481423699996,True,-0.0291212653923,-0.0581657494986,0.0008867319250519998,False
3052,152,12,18.155142044,False,0.0586667170208,True,-0.026931279468400002,-0.0559212221112,0.0027454949095999997,False
3053,152,13,29.494296389899997,False,0.0578668391665,True,-0.022637917236599997,-0.051184691773199995,0.00668214739331,False
3054,152,14,33.4710295167,False,0.0581247336343,True,-0.020197354895799997,-0.049867962894500004,0.00825677073982,False
3055,152,15,41.3116384083,False,0.0562294700541,True,-0.0177735777738,-0.04596433521150001,0.0102651348426,False
3056,152,16,29.611302613899998,False,0.0580760456675,True,-0.021878897930400005,-0.0517639086005,0.0063121370670699995,False
3057,152,17,13.3289791186,False,0.0574756689485,True,-0.029636519336599998,-0.056006086684600005,0.00146958226392,False
3058,152,18,14.0967897327,False,0.05572233084290001,True,-0.028502027848999998,-0.05587991836469999,-0.00015758752179199998,True
3059,152,19,10.756503262899999,False,0.055897347626,True,-0.0295810943852,-0.0574144482367,-0.0015171006106999999,True
3060,153,0,0.214421478475,True,0.139908170763,False,-0.11754866020400001,-0.189116999682,-0.0492088289193,True
3061,153,1,0.26825670621500003,True,0.10449458293099999,False,-0.0949637862406,-0.14872926875700002,-0.0442346858259,True
3062,153,2,0.915780872725,False,0.0868983955261,False,-0.066605039743,-0.11138650853700001,-0.024488113011199998,True
3063,153,3,17.295458123099998,False,0.0782923421851,True,-0.0337705578846,-0.0736347121715,0.004657630013600001,False
3064,153,4,11.730653019000002,False,0.0727051322327,True,-0.036633963923199994,-0.07289010878989999,-0.000184976557282,True
3065,153,5,5.6671108948099995,False,0.0687396496595,True,-0.039569808862400004,-0.0755273581746,-0.006787708515129999,True
3066,153,6,3.9840871001199996,False,0.0662985349879,True,-0.0404205300186,-0.0751393183136,-0.00884078332576,True
3067,153,7,1.72298671757,False,0.0666434718435,True,-0.0464270638559,-0.080567942023,-0.0139244701795,True
3068,153,8,0.63871149447,False,0.0633620506703,True,-0.0509436701368,-0.0824825629115,-0.019120512241099997,True
3069,153,9,1.8894258429900002,False,0.060365026136400005,True,-0.0442806399931,-0.0746931478991,-0.014328121762700001,True
3070,153,10,0.394105946785,False,0.059554561566399995,True,-0.054184246149000005,-0.0835533362015,-0.023998774635099997,True
3071,153,11,0.0376751849401,True,0.059293047352499996,True,-0.059407718279,-0.0872235009957,-0.0279304536432,True
3072,153,12,0.0589166844227,True,0.0576394266928,True,-0.0583034834226,-0.0887615181009,-0.031122091408000003,True
3073,153,13,0.0005593084765340001,True,0.056705197550599995,True,-0.062137608886699995,-0.08940495189789999,-0.0326997543473,True
3074,153,14,1.19097558157e-05,True,0.05707482562919999,True,-0.0659135572757,-0.093121049795,-0.03604622416580001,True
3075,153,15,1.42420639647e-17,True,0.0575506820914,True,-0.0716684015336,-0.100725360855,-0.0431746787637,True
3076,153,16,5.0334049154000005e-08,True,0.0566079441496,True,-0.0626097248449,-0.09123911227360001,-0.0346311681239,True
3077,153,17,1.24485805391e-09,True,0.0562576634253,True,-0.0677441675473,-0.0949520616581,-0.0386943982328,True
3078,153,18,6.8661213585e-12,True,0.055367032573,True,-0.07088434436379999,-0.0979256539335,-0.04255862136059999,True
3079,153,19,3.903983148369999e-12,True,0.0574138037483,True,-0.0713649993803,-0.10033779658099999,-0.042923992832800004,True
3080,154,0,31.0299406735,False,0.14046392212300002,False,-0.0190721943349,-0.08818581458339998,0.052278107539900004,False
3081,154,1,9.30158817133,False,0.10583348760099999,False,-0.048592560396199996,-0.100696772037,0.00513671556436,False
3082,154,2,2.3324192259200003,False,0.0875535462226,False,-0.056695282134,-0.10216183876599999,-0.014608292542900001,True
3083,154,3,0.25201078936,True,0.0785308503675,True,-0.0662567732055,-0.105564255691,-0.027033405323099998,True
3084,154,4,0.18665350219300003,True,0.07357766169049999,True,-0.0651100619032,-0.09939314750700001,-0.025815485816500002,True
3085,154,5,0.0022049125926999996,True,0.0712872570674,True,-0.0749403529775,-0.11060085152,-0.0393135944528,True
3086,154,6,0.0885026310545,True,0.0656439528571,True,-0.0727107992538,-0.104030229824,-0.0383862769666,True
3087,154,7,9.727865641910001e-08,True,0.06369583793530001,True,-0.0705585645886,-0.103426818871,-0.0397309809354,True
3088,154,8,0.0006632154054880001,True,0.0639703141687,True,-0.06744894755059999,-0.0993449784348,-0.035374664266099996,True
3089,154,9,0.0021823998276100003,True,0.0603571063269,True,-0.0616878216262,-0.0915244997502,-0.031167393423299997,True
3090,154,10,0.0067609698579,True,0.0604414204829,True,-0.060526705560099994,-0.0907124760959,-0.030271055613000003,True
3091,154,11,8.45748002676e-05,True,0.059469901753500004,True,-0.0632068211547,-0.09482017256560002,-0.035350270812,True
3092,154,12,8.2338858354e-05,True,0.0582519258644,True,-0.0674235659731,-0.09718210672189999,-0.0389301808575,True
3093,154,13,1.30565114142e-16,True,0.0578793411585,True,-0.069461329302,-0.0987103108254,-0.040830969667000006,True
3094,154,14,6.20011419237e-08,True,0.0568848400039,True,-0.07277584791,-0.10243588266699999,-0.0455510426629,True
3095,154,15,3.614482179719999e-14,True,0.0567123337498,True,-0.0719612172844,-0.0998259246537,-0.043113590903900004,True
3096,154,16,2.5378826104599996e-36,True,0.056412984157300006,True,-0.0761736427515,-0.103792980677,-0.047379996519999995,True
3097,154,17,1.41440745342e-25,True,0.055894538100199995,True,-0.07682985974449999,-0.10589241443,-0.0499978763297,True
3098,154,18,1.8611725957099998e-21,True,0.0565318281047,True,-0.0754191506763,-0.10407486168199999,-0.047543033577300005,True
3099,154,19,2.79789236426e-25,True,0.056467710064000004,True,-0.07874646989739999,-0.10788150049,-0.051413790426099996,True
3100,155,0,30.6138522443,False,0.142537176395,False,0.0115148554134,-0.061112156950599995,0.0814250194442,False
3101,155,1,44.2075926724,False,0.102938430198,False,0.00825563105403,-0.0410988172727,0.061839612925500005,False
3102,155,2,51.2883255881,False,0.08506461305780001,False,-0.00369079720296,-0.048607893856,0.036456719201800006,False
3103,155,3,42.349524115,False,0.0793264477728,True,-0.017782457650900002,-0.05550560160469999,0.0238208461681,False
3104,155,4,23.9349301119,False,0.07141407795139999,True,-0.0257602523465,-0.0599582907393,0.011455787212100001,False
3105,155,5,9.17478852115,False,0.0699353792951,True,-0.0366184157463,-0.07110469453200001,-0.00116931523686,True
3106,155,6,2.51247112532,False,0.0665360915069,True,-0.04396393083740001,-0.0783787654919,-0.011842673985,True
3107,155,7,1.41953736169,False,0.062122912277100005,True,-0.0464563612419,-0.0771542132172,-0.0150313009401,True
3108,155,8,0.280665952527,True,0.0620207730626,True,-0.0557995241881,-0.0856456080772,-0.0236248350145,True
3109,155,9,0.24396848438700003,True,0.0620645928366,True,-0.056891811407199996,-0.08902632014699999,-0.0269617273104,True
3110,155,10,0.000987074042645,True,0.0616239688452,True,-0.0613593881613,-0.0914656414597,-0.029841672614500003,True
3111,155,11,0.000264888410724,True,0.060197797698599995,True,-0.0667600446761,-0.0962249685704,-0.036027170871800004,True
3112,155,12,3.04660157744e-05,True,0.0577478727623,True,-0.063640604884,-0.09277171002319999,-0.0350238372608,True
3113,155,13,0.012316793137100001,True,0.05826270095319999,True,-0.0583764635656,-0.08609363741170001,-0.0278309364586,True
3114,155,14,8.37672375874e-05,True,0.0560378684292,True,-0.055868745130900004,-0.0818580386489,-0.0258201702197,True
3115,155,15,0.0189888318235,True,0.0568282479714,True,-0.057625565268199994,-0.0880285189736,-0.0312002710022,True
3116,155,16,0.072470495002,True,0.0589461893741,True,-0.06370314400669999,-0.0930358092907,-0.0340896199166,True
3117,155,17,2.2281105491500002e-07,True,0.055265781486200004,True,-0.06011836632809999,-0.08825259958339998,-0.032986818097099996,True
3118,155,18,0.0271233791527,True,0.05562330060819999,True,-0.051523542117099995,-0.0802472236018,-0.0246239229936,True
3119,155,19,0.184565661558,True,0.0548575291813,True,-0.053984325522800004,-0.08302891453689999,-0.028171385355599998,True
3120,156,0,5.29527384894,False,0.14117698551400001,False,-0.0718430900238,-0.139940753947,0.00123623156768,False
3121,156,1,2.9935505631200003,False,0.10702415864499999,False,-0.0649633332692,-0.11907561807299999,-0.012051459427799999,True
3122,156,2,0.681549344023,False,0.0904433588941,False,-0.0703582815223,-0.117371620405,-0.0269282615112,True
3123,156,3,0.0649235413091,True,0.0771849824308,True,-0.0767810102464,-0.114498178455,-0.0373131960244,True
3124,156,4,4.55061682818e-06,True,0.0737501150588,True,-0.0782498455865,-0.117167723505,-0.0434176084464,True
3125,156,5,9.086837444919999e-14,True,0.070755308876,True,-0.0897923413187,-0.126632953062,-0.0558776441863,True
3126,156,6,1.3849633148999998e-38,True,0.0655093937705,True,-0.095387682271,-0.12741365830600002,-0.0619042645355,True
3127,156,7,2.9345696001799998e-24,True,0.06406814786859999,True,-0.09565727702169999,-0.126757691837,-0.06268954396790001,True
3128,156,8,1.3906545978299998e-39,True,0.060355877758099995,True,-0.0934048614264,-0.122879266145,-0.0625233883866,True
3129,156,9,2.29303312141e-08,True,0.0645515759882,True,-0.0907134794849,-0.124096105644,-0.05954452965530001,True
3130,156,10,4.6377668022499995e-38,True,0.0607270186488,True,-0.09353530549689999,-0.12430479150399999,-0.0635777728549,True
3131,156,11,1.52743134422e-30,True,0.0610285064295,True,-0.0925308500883,-0.12093811267000001,-0.0599096062409,True
3132,156,12,8.364605285879999e-29,True,0.0593637501698,True,-0.0814627194678,-0.110800498868,-0.051436748698199995,True
3133,156,13,1.61965293504e-20,True,0.0577440987,True,-0.0787108928952,-0.10843166899800001,-0.0506875702976,True
3134,156,14,1.0757674640899999e-21,True,0.05588698697240001,True,-0.0765458786384,-0.10361127807600001,-0.047724291104,True
3135,156,15,4.88541112845e-07,True,0.057424552427199994,True,-0.07065994961910001,-0.098794913594,-0.041370361166800006,True
3136,156,16,1.98976457001e-09,True,0.0576688299033,True,-0.0728369497963,-0.10207006822100001,-0.0444012383177,True
3137,156,17,3.14745431582e-31,True,0.057765166043499995,True,-0.0795614290733,-0.10820665752900001,-0.05044149148580001,True
3138,156,18,1.03081965496e-27,True,0.0556179423336,True,-0.08303674335460001,-0.11125705430600001,-0.0556391119723,True
3139,156,19,4.3340668058299995e-31,True,0.05650816898469999,True,-0.0799151986953,-0.108340181018,-0.051832012033199995,True
3140,157,0,31.7420428919,False,0.138125278169,False,-0.00592315164391,-0.07239303673019999,0.0657322414386,False
3141,157,1,33.5873926606,False,0.0990120942488,False,-0.023713861446500003,-0.07055429044980001,0.028457803799000002,False
3142,157,2,9.489290838150001,False,0.0872346042368,False,-0.042666978257400005,-0.0868508233657,0.0003837808710919999,False
3143,157,3,8.84713956186,False,0.0825126923339,False,-0.0413122239668,-0.0809931745141,0.00151951781973,False
3144,157,4,15.2771379446,False,0.0749059166704,True,-0.034576890868900007,-0.0699002695853,0.00500564708508,False
3145,157,5,7.109502580860001,False,0.06975146683950001,True,-0.039014734996800006,-0.0750652704185,-0.00531380357904,True
3146,157,6,4.20034511557,False,0.0674006323854,True,-0.04228956278919999,-0.07631703015789999,-0.008916397772450001,True
3147,157,7,4.6296258888,False,0.0660641736845,True,-0.040756532283,-0.072761766614,-0.006697592929560001,True
3148,157,8,3.6821831326099996,False,0.0625800471309,True,-0.0406757717245,-0.0727135495314,-0.0101335024005,True
3149,157,9,0.986572407716,False,0.0613374352434,True,-0.0444765675716,-0.0735104572517,-0.0121730220083,True
3150,157,10,10.792830371500001,False,0.0635487970266,True,-0.0330884518767,-0.0643900865089,-0.000841289482278,True
3151,157,11,1.9985427892200003,False,0.0605886049718,True,-0.042783934146499995,-0.0723677607878,-0.011779155816,True
3152,157,12,1.8865061367400002,False,0.0606484586686,True,-0.0449669247333,-0.07681801134380001,-0.0161695526752,True
3153,157,13,1.0523749827200002,False,0.0581072660706,True,-0.0439708437935,-0.07454163103480001,-0.0164343649642,True
3154,157,14,0.655960591984,False,0.0560278325918,True,-0.0435624566158,-0.0715531964378,-0.015525363846,True
3155,157,15,1.39300832111,False,0.05710739811980001,True,-0.0418679911684,-0.067949496393,-0.0108420982733,True
3156,157,16,0.895542209039,False,0.056717147618899996,True,-0.045330720780699996,-0.0750695780713,-0.018352430452400002,True
3157,157,17,0.57509769701,False,0.05677656809769999,True,-0.046911042901,-0.0751523336228,-0.0183757655252,True
3158,157,18,0.0163489385011,True,0.05560545420969999,True,-0.05210997389119999,-0.0786513254226,-0.023045871212900002,True
3159,157,19,0.37807391923199996,False,0.0555196371304,True,-0.0520205794544,-0.07909596168319999,-0.0235763245528,True
3160,158,0,0.113527005577,True,0.145170958819,False,-0.12513253925999998,-0.1956229672,-0.050452008381199995,True
3161,158,1,0.616866081951,False,0.103586918103,False,-0.0829087192989,-0.13430694615900002,-0.0307200280558,True
3162,158,2,0.00745118075289,True,0.08716587428480001,False,-0.077166202472,-0.122759370396,-0.03559349611169999,True
3163,158,3,0.0453081073441,True,0.0804946916923,False,-0.0736731579979,-0.115089861396,-0.034595169703699996,True
3164,158,4,0.21680351831999997,True,0.07445848694360001,True,-0.0693147031656,-0.106745461741,-0.0322869747974,True
3165,158,5,0.38588363930799996,False,0.0668500027477,True,-0.0590674786712,-0.09257506221039999,-0.0257250594627,True
3166,158,6,0.00133103663648,True,0.0663503847791,True,-0.0669062984224,-0.10016199102399999,-0.0338116062445,True
3167,158,7,0.0786090113957,True,0.0645923129772,True,-0.0658609375629,-0.0978884578609,-0.0332961448837,True
3168,158,8,0.005188104110520001,True,0.06349440225740001,True,-0.06850629244169999,-0.101753396966,-0.0382589947084,True
3169,158,9,0.0214578702482,True,0.0619814370156,True,-0.0718341759774,-0.10442846105,-0.0424470240343,True
3170,158,10,4.86806074274e-09,True,0.059067096256800004,True,-0.07134317205289999,-0.10163573417300001,-0.04256863791619999,True
3171,158,11,2.17886323993e-08,True,0.059872292297900004,True,-0.0683000811762,-0.0974184914149,-0.037546199117,True
3172,158,12,5.52654492706e-16,True,0.059719429417399994,True,-0.073597432501,-0.10248660713400001,-0.0427671777169,True
3173,158,13,6.738516764760001e-13,True,0.058727034075,True,-0.0672828556862,-0.09706001264,-0.038332978565,True
3174,158,14,1.29233009855e-08,True,0.0572181075564,True,-0.06485473157980001,-0.09251389941160001,-0.0352957918552,True
3175,158,15,0.000497308839852,True,0.057932398602,True,-0.0626479877569,-0.09029426113639999,-0.0323618625344,True
3176,158,16,0.000403609903989,True,0.0569823739383,True,-0.0636237503275,-0.0933733214831,-0.0363909475449,True
3177,158,17,8.04242104314e-12,True,0.058398568639000004,True,-0.0736838144151,-0.10228971928200001,-0.0438911506425,True
3178,158,18,1.3487352972100002e-08,True,0.057648574335,True,-0.0709728000077,-0.09977874096210002,-0.0421301666271,True
3179,158,19,4.09843123315e-23,True,0.0548597490654,True,-0.0740488262614,-0.102856331961,-0.0479965828954,True
3180,159,0,3.89046340696,False,0.1381686493,False,-0.0746232261433,-0.142061867662,-0.00389321836218,True
3181,159,1,0.166995658238,True,0.10386352991,False,-0.0927055936502,-0.145416523012,-0.041552993102,True
3182,159,2,0.7357870993350001,False,0.09028038451760001,False,-0.07230422787,-0.116579692165,-0.026299307647700002,True
3183,159,3,4.61215253641,False,0.08257602336849999,False,-0.0499072101961,-0.0903665617114,-0.00779053834299,True
3184,159,4,2.5536941381,False,0.0767093057621,True,-0.051452077164,-0.0876794720278,-0.0109701662657,True
3185,159,5,0.91957097531,False,0.0690457887884,True,-0.0547948724744,-0.0872750457624,-0.018229256973999998,True
3186,159,6,0.0976808377004,True,0.0673164917963,True,-0.0642184185672,-0.0979455071308,-0.0306290153345,True
3187,159,7,0.012757543553899998,True,0.0637526726553,True,-0.062214795609099996,-0.09534573900979999,-0.0315930663546,True
3188,159,8,0.137469848128,True,0.0628130693324,True,-0.0590428158917,-0.0895033796291,-0.0266903102967,True
3189,159,9,0.013346199902999999,True,0.06099248209980001,True,-0.0605378320376,-0.0904519758124,-0.0294594937125,True
3190,159,10,3.4723482913500003e-10,True,0.060739340481699995,True,-0.0682643790088,-0.09950527673810002,-0.0387659362564,True
3191,159,11,6.64069375211e-05,True,0.0607406830447,True,-0.0630209451599,-0.0929908153409,-0.0322501322961,True
3192,159,12,7.63768891683e-10,True,0.058440114791,True,-0.0657887863117,-0.09481961167649999,-0.036379496885500004,True
3193,159,13,0.00190204290592,True,0.059041970703099994,True,-0.0628140542384,-0.0922594111529,-0.0332174404498,True
3194,159,14,0.0210136186556,True,0.0573117762809,True,-0.061630285304699994,-0.09145893464939998,-0.0341471583685,True
3195,159,15,0.102374480607,True,0.056081004866000005,True,-0.0549159069335,-0.08263876006569999,-0.026557755199700002,True
3196,159,16,1.1537461009,False,0.0578755886696,True,-0.0479709818133,-0.07795419703539999,-0.020078608365900003,True
3197,159,17,0.15401159808,True,0.055695618746699996,True,-0.0496733717501,-0.07609941377389999,-0.020403795027299998,True
3198,159,18,0.7998989476710001,False,0.0569013621711,True,-0.045739571396199996,-0.0738974330667,-0.0169960708956,True
3199,159,19,0.221957814607,True,0.056755809868900005,True,-0.0508800796997,-0.07851883011460001,-0.0217630202457,True
3200,160,0,27.0523981256,False,0.142371874457,False,-0.025329322180400002,-0.0959428439455,0.0464290305112,False
3201,160,1,31.690778905,False,0.108903815867,False,-0.0225700657047,-0.0754063077169,0.033497508149900004,False
3202,160,2,20.2606730175,False,0.0877673266749,False,-0.0318454996531,-0.0767142051603,0.0110531215146,False
3203,160,3,10.9058686424,False,0.078860734147,True,-0.0388503652315,-0.08073579525119999,-0.00187506110423,True
3204,160,4,1.2718431028,False,0.07603614492439999,True,-0.055322616699,-0.09250796892419999,-0.0164718239998,True
3205,160,5,0.146232454495,True,0.0708008954381,True,-0.066033679774,-0.100103204098,-0.0293023086601,True
3206,160,6,1.26868121663e-05,True,0.0640091519171,True,-0.0782258665548,-0.111655596055,-0.0476464441376,True
3207,160,7,9.40128516083e-07,True,0.0652142437921,True,-0.07026603791389999,-0.10421890430099999,-0.039004660509099995,True
3208,160,8,7.918823771669999e-06,True,0.0632103341985,True,-0.07152489667260001,-0.103382498193,-0.040172163994999996,True
3209,160,9,2.62011385968e-11,True,0.060847585859400005,True,-0.0783781995686,-0.108965994491,-0.0481184086316,True
3210,160,10,0.000107669473124,True,0.0612366922877,True,-0.077902608476,-0.10913169625999998,-0.0478950039725,True
3211,160,11,5.23913134545e-15,True,0.0599058129529,True,-0.07285080273460001,-0.103427614169,-0.043521801216199994,True
3212,160,12,3.29290456145e-08,True,0.0623001343036,True,-0.0668917137022,-0.0979245395256,-0.035624405222,True
3213,160,13,0.053194851949,True,0.0582908329983,True,-0.0647664516301,-0.09475771052510001,-0.0364668775268,True
3214,160,14,1.44018036895e-09,True,0.0617132044301,True,-0.07170463405069999,-0.100166919524,-0.0384537150943,True
3215,160,15,1.282308246e-07,True,0.0566485830267,True,-0.0630203387553,-0.0899230784569,-0.0332744954302,True
3216,160,16,1.9132141593799998e-10,True,0.056810017610099996,True,-0.0709738980451,-0.09817127011469999,-0.0413612525045,True
3217,160,17,5.31206396199e-05,True,0.0566178887852,True,-0.066503966468,-0.0950442316555,-0.0384263428703,True
3218,160,18,1.81348734426e-07,True,0.0577857755506,True,-0.06702393420080001,-0.09667505135849999,-0.0388892758079,True
3219,160,19,1.89687767129e-10,True,0.0564548930446,True,-0.06467360704660001,-0.0941392041814,-0.03768431113680001,True
3220,161,0,2.69019677824,False,0.141653065222,False,-0.0835445619128,-0.154279059873,-0.0126259946512,True
3221,161,1,0.005175979470899999,True,0.10337569700400001,False,-0.0990545997223,-0.149287484589,-0.0459117875845,True
3222,161,2,0.23339433920699998,True,0.08866470887399999,False,-0.08717225545980001,-0.132801712626,-0.044137003751800005,True
3223,161,3,1.0793619441,False,0.080823684906,False,-0.0588071955952,-0.100992162422,-0.020168477516,True
3224,161,4,0.228156905257,True,0.0723293875985,True,-0.0625184188357,-0.0991262752702,-0.0267968876717,True
3225,161,5,0.0907638194324,True,0.0680089696521,True,-0.0647433478141,-0.09989567819919999,-0.0318867085471,True
3226,161,6,0.0008589727635610002,True,0.06664083092680001,True,-0.07687271986460001,-0.111525596982,-0.0448847660551,True
3227,161,7,0.000138293239014,True,0.064165868517,True,-0.0733864869656,-0.10333798745400001,-0.039172118936800004,True
3228,161,8,0.00010222830600200001,True,0.0642143841292,True,-0.065773564857,-0.0987289182176,-0.0345145340884,True
3229,161,9,0.00347411496707,True,0.061904762791999995,True,-0.0614365488177,-0.0925366972495,-0.0306319344575,True
3230,161,10,0.0194533460245,True,0.0631341121661,True,-0.056985937126,-0.0910301644032,-0.0278960522371,True
3231,161,11,1.1079029575700001,False,0.0602933970495,True,-0.0458550482219,-0.0755652390186,-0.015271841969000001,True
3232,161,12,1.3813511734000001,False,0.058120518925599995,True,-0.043128519280099996,-0.07218310026250001,-0.0140625813369,True
3233,161,13,0.5938474546220001,False,0.059606325123899996,True,-0.0499964327499,-0.0815448505336,-0.0219385254098,True
3234,161,14,0.17846951529,True,0.057460004484599994,True,-0.054254951158,-0.08526934800000001,-0.0278093435154,True
3235,161,15,0.000863968398098,True,0.056428704150300005,True,-0.059314582752599994,-0.08573635699760002,-0.0293076528473,True
3236,161,16,5.10439653323e-11,True,0.055829556214899996,True,-0.0699143671841,-0.09881349198060001,-0.0429839357657,True
3237,161,17,0.00430795464332,True,0.057565612061,True,-0.060898163351099995,-0.09020261643279999,-0.0326370043718,True
3238,161,18,8.933614868250001e-08,True,0.055658665245900005,True,-0.0676296925396,-0.09538629457460002,-0.0397276293287,True
3239,161,19,1.7627827389100002e-15,True,0.0553544660118,True,-0.06800680728849999,-0.0943062033222,-0.0389517373104,True
3240,162,0,13.444159210899999,False,0.14212643791500001,False,-0.0510273720756,-0.120575837885,0.021550600029500003,False
3241,162,1,13.2226575304,False,0.104143179274,False,-0.043653116427199996,-0.09331254874510002,0.0108306305293,False
3242,162,2,17.8218280709,False,0.08562802881750001,False,-0.035127546898300006,-0.0762433448709,0.00938468394663,False
3243,162,3,16.779214470899998,False,0.0791761594986,True,-0.032591908342,-0.0706262252634,0.00854993423524,False
3244,162,4,1.30661841398,False,0.072228984479,True,-0.055366420978699996,-0.09276437810669999,-0.0205353936277,True
3245,162,5,2.28388521126,False,0.0673693650636,True,-0.047801373856300004,-0.081170022425,-0.013800657361500001,True
3246,162,6,0.39460863354099995,False,0.0680874767409,True,-0.061782719674,-0.0957895757505,-0.0277020990096,True
3247,162,7,0.051429375174,True,0.0658176240294,True,-0.0605680967232,-0.0940782954168,-0.0282606713875,True
3248,162,8,0.006709482414189999,True,0.0634290200366,True,-0.06128323360830001,-0.0932996053475,-0.029870585310900002,True
3249,162,9,0.279872074156,True,0.0623599918589,True,-0.0524023617975,-0.08381627256839999,-0.0214562807094,True
3250,162,10,3.6453077383099997,False,0.061186527199,True,-0.0405181491658,-0.0706296295507,-0.00944310235165,True
3251,162,11,2.43702459503,False,0.0560537926239,True,-0.039647359229800005,-0.0677023631194,-0.011648570495400001,True
3252,162,12,5.382210035499999,False,0.060150371392900005,True,-0.035723995708499996,-0.0668056168196,-0.0066552454267,True
3253,162,13,3.7583612014499996,False,0.058767134738800006,True,-0.0395231781212,-0.0691774058423,-0.010410271103499999,True
3254,162,14,2.7411137051499996,False,0.0563828188216,True,-0.0388462770005,-0.0676854134131,-0.011302594591500001,True
3255,162,15,1.41520387686,False,0.0582168146269,True,-0.0399432742462,-0.06877744823580001,-0.0105606336089,True
3256,162,16,7.454753080160001,False,0.057606917021199994,True,-0.0328677751038,-0.060153345283,-0.00254642826185,True
3257,162,17,3.34127488262,False,0.0562937466677,True,-0.0364866024989,-0.06509422341780001,-0.00880047675005,True
3258,162,18,5.72688031241,False,0.055806887418900004,True,-0.0334279301376,-0.0612468621987,-0.0054399747797799995,True
3259,162,19,5.880483907,False,0.055340738093999996,True,-0.032708962245,-0.060701569367199996,-0.0053608312732,True
3260,163,0,31.0022441346,False,0.143621975301,False,-0.0138744002774,-0.08273548312310001,0.0608864921777,False
3261,163,1,26.2390349896,False,0.10783513422700002,False,-0.0273819309424,-0.07573915951610001,0.0320959747106,False
3262,163,2,10.1947249976,False,0.08853893701400001,False,-0.041654525421000003,-0.08714598059239999,0.0013929564215999998,False
3263,163,3,6.43006792085,False,0.07928817904,True,-0.043703418624800004,-0.08256404613900001,-0.0032758670990600002,True
3264,163,4,2.2808930777,False,0.0750090277737,True,-0.049265796622,-0.08713414884199999,-0.0121251210683,True
3265,163,5,1.87795455725,False,0.070662812073,True,-0.0508423641729,-0.08683049759770001,-0.0161676855247,True
3266,163,6,1.7444252773900002,False,0.06989637661930001,True,-0.051057102279000004,-0.08727841068839999,-0.017382034069099998,True
3267,163,7,2.85342922244,False,0.0662477321315,True,-0.0444805166761,-0.0780170624972,-0.0117693303657,True
3268,163,8,1.19926823847,False,0.0629764552792,True,-0.046993039391599996,-0.07872410204119999,-0.015747646762000002,True
3269,163,9,1.2619768947399999,False,0.0618526449795,True,-0.047074406758,-0.0776189984521,-0.0157663534726,True
3270,163,10,2.74828130103,False,0.0613374111455,True,-0.043048009423500004,-0.0730656704063,-0.0117282592608,True
3271,163,11,1.36977050056,False,0.057602232594,True,-0.0436712858795,-0.07229117052760001,-0.0146889379336,True
3272,163,12,0.21260394912799999,True,0.058845900697800005,True,-0.0517356044485,-0.0816505636014,-0.0228046629036,True
3273,163,13,0.0116121358051,True,0.0602193799734,True,-0.057893885716,-0.08834574785530001,-0.028126367881900004,True
3274,163,14,1.11035335186e-06,True,0.0581693118181,True,-0.064115710817,-0.09245703633860002,-0.0342877245206,True
3275,163,15,0.000397269223391,True,0.05984205776740001,True,-0.06469198008190001,-0.0951887107777,-0.0353466530103,True
3276,163,16,0.105332101919,True,0.058643086200699995,True,-0.0621283307946,-0.09294625778860001,-0.0343031715879,True
3277,163,17,5.21311964186e-09,True,0.0564012306011,True,-0.0619379346976,-0.0906495055798,-0.0342482749786,True
3278,163,18,7.335089802089999e-18,True,0.0561774524916,True,-0.0695257391493,-0.09795984880860001,-0.0417823963171,True
3279,163,19,6.31712979803e-19,True,0.054523937379400006,True,-0.0730860601094,-0.10120623618100001,-0.0466822988021,True
3280,164,0,7.110373063839999,False,0.136968618836,False,-0.06507486310669999,-0.134592494548,0.00237612428731,False
3281,164,1,13.8685537478,False,0.102203342731,False,-0.0416426560424,-0.0936248851476,0.008578457583090001,False
3282,164,2,22.9948593796,False,0.0881258264125,False,-0.0308656996532,-0.07205779478239999,0.0160680316302,False
3283,164,3,3.9254552658899997,False,0.0805604083428,False,-0.0494261876832,-0.0909700395015,-0.0104096311587,True
3284,164,4,0.0075808334604,True,0.0727728471551,True,-0.06917422393560001,-0.105219202216,-0.0324463550613,True
3285,164,5,0.8812107570059999,False,0.0703848579521,True,-0.0538044384719,-0.089988954055,-0.019604096102900002,True
3286,164,6,0.468439014164,False,0.0675716598436,True,-0.0558739984239,-0.09005311258689999,-0.022481452743199997,True
3287,164,7,0.136791405247,True,0.0663717201082,True,-0.0677398365175,-0.100692421416,-0.0343207013082,True
3288,164,8,5.26597305735e-05,True,0.0640970067337,True,-0.0649529083143,-0.09639517168610001,-0.0322981649524,True
3289,164,9,0.0615966747998,True,0.060584145557699996,True,-0.06216316798830001,-0.09268453390489999,-0.032100388347099995,True
3290,164,10,0.0166855372933,True,0.060049005224900004,True,-0.0665669419234,-0.09672552119370001,-0.0366765159688,True
3291,164,11,0.0005256641790809999,True,0.0590867097404,True,-0.0691342043043,-0.09809308873889999,-0.0390063789985,True
3292,164,12,2.9181854510500003e-12,True,0.060200908647600006,True,-0.0701324783839,-0.101993474039,-0.0417925653914,True
3293,164,13,3.69800892301e-11,True,0.0586466936756,True,-0.0693937934893,-0.09921793956620001,-0.040571245890599995,True
3294,164,14,3.36347416061e-08,True,0.059185680832,True,-0.0690619893853,-0.0999380102832,-0.0407523294512,True
3295,164,15,2.7161812432700002e-09,True,0.0607354634351,True,-0.068980870852,-0.102152068319,-0.0414166048838,True
3296,164,16,1.49928630632e-06,True,0.057356959734800005,True,-0.0662877349213,-0.09355118297329999,-0.0361942232386,True
3297,164,17,1.22303920962e-11,True,0.055204023380300005,True,-0.0677643433512,-0.093819795161,-0.0386157717807,True
3298,164,18,0.0211468291775,True,0.0563929878173,True,-0.0614221458958,-0.08922179896410001,-0.0328288111468,True
3299,164,19,0.000715372407771,True,0.059027401823,True,-0.0625089985357,-0.0923737933849,-0.0333463915619,True
3300,165,0,33.4285449239,False,0.142507874902,False,-0.00782522876022,-0.0731654197777,0.0693424551243,False
3301,165,1,43.149458781999996,False,0.10791495170499998,False,0.0037914010155000004,-0.047699963634,0.0602149880707,False
3302,165,2,35.3004196685,False,0.0887955224808,False,-0.020119662506200002,-0.065809272019,0.0229862504618,False
3303,165,3,24.3936611503,False,0.07928367824810001,True,-0.0281896863416,-0.06859057926180001,0.0106930989863,False
3304,165,4,9.878703871839999,False,0.07603020889439999,True,-0.03803170099,-0.07386543138189999,0.0021647775124899998,False
3305,165,5,10.9804094952,False,0.0675943452449,True,-0.0350787019289,-0.0666942883235,0.000900056921372,False
3306,165,6,12.6206268605,False,0.0711650655579,True,-0.0319360522016,-0.0679747141472,0.00319035141075,False
3307,165,7,14.9212270474,False,0.0653839964464,True,-0.030801367404700002,-0.0604171353885,0.0049668610578400005,False
3308,165,8,2.09102444153,False,0.062010212338800004,True,-0.044580034476100004,-0.0754507902344,-0.013440577895599999,True
3309,165,9,1.05314612427,False,0.060283669407500004,True,-0.046419419413099995,-0.07604489223380001,-0.0157612228263,True
3310,165,10,0.738303847392,False,0.0589291212306,True,-0.0490201602366,-0.07888992403839999,-0.019960802807900004,True
3311,165,11,0.014977123359999999,True,0.0590229398499,True,-0.06154968983990001,-0.09093018664339998,-0.0319072467936,True
3312,165,12,3.47060855248e-05,True,0.058242232477,True,-0.0582570375661,-0.0879182092526,-0.029675976775700004,True
3313,165,13,5.72568744425e-07,True,0.0587237536479,True,-0.0630436757053,-0.0940405701393,-0.035316816491400005,True
3314,165,14,0.156902472247,True,0.0591546204185,True,-0.061251207130800005,-0.0907675959375,-0.0316129755189,True
3315,165,15,1.02464986284e-06,True,0.0559966428845,True,-0.0609441344256,-0.0898353897721,-0.033838746887599996,True
3316,165,16,0.023635385164,True,0.058852350097599995,True,-0.057505201348,-0.08494605986860002,-0.026093709770999996,True
3317,165,17,0.182028257568,True,0.0569149331772,True,-0.053389934425800006,-0.0819835311918,-0.0250685980146,True
3318,165,18,0.0122688086442,True,0.055167780437699994,True,-0.0569250684222,-0.0832202951326,-0.0280525146948,True
3319,165,19,7.96753884624e-05,True,0.05574242273519999,True,-0.05910612264830001,-0.08662046668,-0.0308780439448,True
3320,166,0,12.7652568862,False,0.142838554404,False,-0.0532159117349,-0.125344967969,0.0174935864355,False
3321,166,1,21.728472387800004,False,0.103586547854,False,-0.0336427624118,-0.08328781637910002,0.020298731475099998,False
3322,166,2,24.1636748594,False,0.09081314531889999,False,-0.0291678011505,-0.0736387988861,0.0171743464328,False
3323,166,3,15.542671784500001,False,0.0785098829373,True,-0.0329167766483,-0.0714846473031,0.007025235634270001,False
3324,166,4,14.805725678499998,False,0.0747465795681,True,-0.0326393473916,-0.0686204138945,0.006126165673539999,False
3325,166,5,23.7568915037,False,0.0701065261587,True,-0.027119212623400002,-0.0629342701177,0.00717225604094,False
3326,166,6,7.987292954089999,False,0.0667385428097,True,-0.036353422838499995,-0.06837880780040001,-0.0016402649906099998,True
3327,166,7,8.74290763394,False,0.0621517921329,True,-0.034518834222699996,-0.0641883865622,-0.00203659442926,True
3328,166,8,20.441779406800002,False,0.0639680202984,True,-0.0259141774034,-0.0584882636004,0.00547975669797,False
3329,166,9,17.8071434797,False,0.061113155188699995,True,-0.027541357662999998,-0.0602036756251,0.000909479563582,False
3330,166,10,3.59514607434,False,0.0583410141103,True,-0.039393355503,-0.0689486447809,-0.0106076306706,True
3331,166,11,2.20961363237,False,0.05861785097469999,True,-0.0411129308644,-0.072931461509,-0.0143136105343,True
3332,166,12,2.44298649017,False,0.0591821841808,True,-0.04180126425030001,-0.0705940708429,-0.011411886662200001,True
3333,166,13,0.959271698834,False,0.0580862930284,True,-0.0450191323463,-0.0744821474017,-0.0163958543734,True
3334,166,14,0.583842342732,False,0.0590386858105,True,-0.0500871114396,-0.0808358531904,-0.021797167379900003,True
3335,166,15,0.342099634436,False,0.058318406136600005,True,-0.0566030042401,-0.0870613928548,-0.0287429867182,True
3336,166,16,0.18793811153999998,True,0.056419886894500004,True,-0.0535877086574,-0.0818562466539,-0.025436359759400003,True
3337,166,17,4.8049477368e-08,True,0.0556131739463,True,-0.057515213726699994,-0.0836920915065,-0.028078917560200003,True
3338,166,18,0.0072959183593000005,True,0.0566529862302,True,-0.0548145759203,-0.0818503810766,-0.0251973948464,True
3339,166,19,0.460779382583,False,0.0584213646486,True,-0.051439992407,-0.0797454379635,-0.0213240733149,True
3340,167,0,5.66616070971,False,0.14266436411800001,False,-0.0715509820245,-0.143800464454,-0.00113610033567,True
3341,167,1,0.000415816526666,True,0.09997232745489999,False,-0.0976918814952,-0.14681488722000002,-0.0468425597652,True
3342,167,2,0.501192550034,False,0.0899482213284,False,-0.0698007751144,-0.113336780428,-0.023388559099499998,True
3343,167,3,0.00783125435686,True,0.0805620629226,False,-0.0768968642925,-0.117164727797,-0.0366026648741,True
3344,167,4,0.609949523281,False,0.07177185861289999,True,-0.0579723711176,-0.0957131983213,-0.0239413397084,True
3345,167,5,0.41407296130800003,False,0.06877547715210001,True,-0.0587396845493,-0.0945735642898,-0.0257980871377,True
3346,167,6,0.00802325885426,True,0.0672219214638,True,-0.06957896205189999,-0.10499741182700001,-0.037775490362900004,True
3347,167,7,0.0009552262642619999,True,0.0659924215432,True,-0.06833888325069999,-0.101463880953,-0.03547145941,True
3348,167,8,9.21756666841e-09,True,0.0644848599536,True,-0.07338623198260001,-0.103780749134,-0.0392958891807,True
3349,167,9,7.74211069314e-10,True,0.0602742144905,True,-0.07037216503430001,-0.0997206708606,-0.0394464563701,True
3350,167,10,0.000743210244008,True,0.062296841173300005,True,-0.06306692615180001,-0.09489444556060002,-0.0325976043872,True
3351,167,11,0.138489322332,True,0.0597048112935,True,-0.0599187991995,-0.09099898888949999,-0.031294177596,True
3352,167,12,0.469720496027,False,0.0571906897946,True,-0.0550641089988,-0.0845137155271,-0.0273230257326,True
3353,167,13,0.0167224767841,True,0.05990259642469999,True,-0.057907179020400004,-0.08639018882470001,-0.0264875924001,True
3354,167,14,0.331043267619,True,0.0586720548875,True,-0.053968764870000005,-0.08351032614239999,-0.0248382712549,True
3355,167,15,0.10413336190400001,True,0.059397058795099995,True,-0.0619529004551,-0.09251240433539999,-0.0331153455403,True
3356,167,16,0.00020020882900500001,True,0.056452164413599994,True,-0.06547715750409999,-0.0939504497482,-0.0374982853346,True
3357,167,17,8.05852813597e-09,True,0.057558267347300004,True,-0.0695424789356,-0.0982274964579,-0.040669229110599996,True
3358,167,18,1.58033069742e-15,True,0.0575926910867,True,-0.0687448412609,-0.0966564744475,-0.039063783360800006,True
3359,167,19,6.19511500561e-20,True,0.05457222545530001,True,-0.07712001732269999,-0.104291692721,-0.0497194672652,True
3360,168,0,5.67286378956,False,0.14471357705399998,False,-0.0685164451157,-0.144356141867,0.000357435186333,False
3361,168,1,7.28767304962,False,0.10484502503599999,False,-0.050413612594800004,-0.102012465383,0.00283255965281,False
3362,168,2,33.094707444099996,False,0.0896025132928,False,-0.023388321777300002,-0.0682432347145,0.0213592785783,False
3363,168,3,27.14241039,False,0.0774604683886,True,-0.025547114362,-0.0647973474627,0.012663120926,False
3364,168,4,26.6452724689,False,0.07297145652169999,True,-0.026179428611099998,-0.061899440833,0.011072015688799999,False
3365,168,5,24.3267620874,False,0.0716374903299,True,-0.02555769991,-0.061933324536,0.00970416579383,False
3366,168,6,7.464213752060001,False,0.0669872260375,True,-0.0385149870998,-0.07055013053010001,-0.00356290449262,True
3367,168,7,4.62525574509,False,0.064402382264,True,-0.0386900720525,-0.07063187635160001,-0.006229494087640001,True
3368,168,8,2.8964591483099995,False,0.062399050284500004,True,-0.041314307487,-0.07072158265660002,-0.008322532372080001,True
3369,168,9,3.68715010806,False,0.0618426367586,True,-0.040333004724,-0.0696646715675,-0.00782203480884,True
3370,168,10,2.70210848172,False,0.062503691569,True,-0.041575532218,-0.07426920464810001,-0.0117655130791,True
3371,168,11,1.7675983051400004,False,0.05913613850859999,True,-0.04302779506130001,-0.07381273929439999,-0.0146766007858,True
3372,168,12,0.828424142972,False,0.0586292699399,True,-0.047523303150500004,-0.0767998684262,-0.0181705984863,True
3373,168,13,0.0963148405562,True,0.0569747474149,True,-0.0517569548609,-0.0811403196154,-0.024165572200500002,True
3374,168,14,0.120005534304,True,0.0555524590718,True,-0.053621471193199995,-0.08025593405260001,-0.0247034749808,True
3375,168,15,0.151541909284,True,0.0573944461187,True,-0.05664287232200001,-0.08635205746850001,-0.028957611349800003,True
3376,168,16,0.0572416099649,True,0.057730350478499996,True,-0.056233106104899996,-0.08528301258030001,-0.0275526621018,True
3377,168,17,0.00122085557037,True,0.0538078786245,True,-0.0578841584715,-0.08552026582019999,-0.0317123871957,True
3378,168,18,8.886501812799998e-09,True,0.056825166146800006,True,-0.0639961918502,-0.09285781669160001,-0.0360326505448,True
3379,168,19,1.5640607757899999e-15,True,0.057225807166900004,True,-0.0675980147495,-0.0958296351285,-0.0386038279617,True
3380,169,0,17.0737813902,False,0.139044114512,False,-0.04272482949109999,-0.112766892265,0.026277222246599997,False
3381,169,1,4.93937549274,False,0.10637651263299999,False,-0.056992308111699995,-0.113158653794,-0.006782141160899999,True
3382,169,2,4.98594077486,False,0.08868847445669999,False,-0.050876330026400005,-0.09547111998369999,-0.006782645527,True
3383,169,3,3.64814866574,False,0.07926666284419999,True,-0.0481275358042,-0.0870216496971,-0.00775498685299,True
3384,169,4,3.2010710078099995,False,0.07528351415319999,True,-0.049003095318400004,-0.0892601124206,-0.0139765982674,True
3385,169,5,0.308915836845,True,0.0682468130302,True,-0.057542573722199994,-0.08933657039750001,-0.0210897573673,True
3386,169,6,0.134799645149,True,0.06694875639759999,True,-0.0607518492461,-0.0943470828938,-0.027398326496200002,True
3387,169,7,0.00627614811734,True,0.0664929936695,True,-0.0652007550458,-0.100236748134,-0.0337437544645,True
3388,169,8,5.47117740774e-06,True,0.06275837144469999,True,-0.0658383342781,-0.0959188128033,-0.033160441358599996,True
3389,169,9,0.00040929641347199993,True,0.05989154212040001,True,-0.0620977796378,-0.0922066004169,-0.0323150582965,True
3390,169,10,0.00040681003289199996,True,0.0618733947812,True,-0.0634003282862,-0.0954518000223,-0.0335784052411,True
3391,169,11,2.25322954091e-05,True,0.0593497644943,True,-0.0668731296188,-0.09628818351469999,-0.036938419020500005,True
3392,169,12,9.744925060420001e-11,True,0.061359979134499996,True,-0.0734730647432,-0.104238718718,-0.042878739583700004,True
3393,169,13,9.781003760749999e-10,True,0.0575893844374,True,-0.0813851658356,-0.108649359781,-0.0510599753431,True
3394,169,14,2.47366247002e-16,True,0.0598279222653,True,-0.0747832944411,-0.10477200835200001,-0.044944086086499996,True
3395,169,15,2.45450461471e-24,True,0.05536295313280001,True,-0.07467337215539999,-0.10172676029100002,-0.0463638071586,True
3396,169,16,1.71425928546e-13,True,0.0562739533686,True,-0.0771007618125,-0.10587396977399999,-0.049600016405300006,True
3397,169,17,8.73708381025e-08,True,0.056598623032,True,-0.0698783981346,-0.0984066562383,-0.041808033206300006,True
3398,169,18,9.03530288515e-13,True,0.057483264538699994,True,-0.0706236281126,-0.0982184684268,-0.0407352038881,True
3399,169,19,3.02592998703e-07,True,0.0577265048452,True,-0.07122941139660001,-0.0992076736605,-0.0414811688152,True
3400,170,0,8.141066133119999,False,0.138090850563,False,-0.0643728001406,-0.134040069706,0.00405078085714,False
3401,170,1,4.79891437773,False,0.099292140504,False,-0.056573331354,-0.10708945044399999,-0.007797309939689999,True
3402,170,2,19.5233148152,False,0.08940994633379999,False,-0.0334067023636,-0.0786115384613,0.0107984078725,False
3403,170,3,5.72950312596,False,0.0805321520382,False,-0.0447332340878,-0.08596575804230001,-0.005433606004040001,True
3404,170,4,6.134707463740001,False,0.0719810502813,True,-0.0411490306234,-0.0770786544328,-0.00509760415153,True
3405,170,5,1.7746157514400003,False,0.0670004187912,True,-0.0471007283287,-0.07919069499419999,-0.012190276203,True
3406,170,6,3.0019468226,False,0.06491993369419999,True,-0.04375706545940001,-0.0761660262402,-0.011246092546000001,True
3407,170,7,0.994154014269,False,0.0633801719452,True,-0.047404303182899996,-0.0774530316608,-0.0140728597155,True
3408,170,8,1.27047728097,False,0.06384525456569999,True,-0.046341168641,-0.0774655680591,-0.0136203134934,True
3409,170,9,0.253423302196,True,0.061308203383800004,True,-0.055335700913399996,-0.08472360184399999,-0.0234153984601,True
3410,170,10,0.463801312508,False,0.0602419265969,True,-0.049194945729,-0.078062656061,-0.0178207294641,True
3411,170,11,0.25578128305500003,True,0.0591252040574,True,-0.05339750231840001,-0.08474178114880002,-0.0256165770915,True
3412,170,12,0.11498780178,True,0.0614437510272,True,-0.057712303243300005,-0.0886573752537,-0.0272136242265,True
3413,170,13,0.18337521399599999,True,0.059587950651400004,True,-0.057447159143000005,-0.0870098018431,-0.0274218511917,True
3414,170,14,0.211602801299,True,0.0572828110126,True,-0.050229893752300005,-0.07812088394500001,-0.020838072932400004,True
3415,170,15,0.689261958133,False,0.0574380957767,True,-0.0467731461577,-0.0767394856578,-0.019301389881099997,True
3416,170,16,0.17388324445300002,True,0.0582589660275,True,-0.049833943799900006,-0.079072684311,-0.0208137182836,True
3417,170,17,0.162293151653,True,0.057698073378599994,True,-0.050529905609599995,-0.0799808714211,-0.0222827980425,True
3418,170,18,0.04995863096940001,True,0.0551654590501,True,-0.0541598597652,-0.0817647406494,-0.0265992815993,True
3419,170,19,0.00013411124558299997,True,0.055297913561100004,True,-0.0548844174311,-0.0807559088054,-0.025457995244400004,True
3420,171,0,31.197454100999998,False,0.140224602634,False,-0.018346575494099997,-0.086149483495,0.05407511913890001,False
3421,171,1,12.1184336446,False,0.104775598951,False,-0.0448406760377,-0.0959923781053,0.00878322084533,False
3422,171,2,38.2067391808,False,0.0872500605197,False,-0.0173605444653,-0.0582205737865,0.0290294867332,False
3423,171,3,48.7470225874,False,0.0767895168785,True,-0.0142552710656,-0.052724937015199994,0.024064579863299997,False
3424,171,4,30.2266168544,False,0.0745742210696,True,-0.023952308070099997,-0.060229902012099996,0.014344319057499999,False
3425,171,5,46.381410779,False,0.06793299321190001,True,-0.0169687452704,-0.0508561608687,0.0170768323431,False
3426,171,6,45.262183096,False,0.0661500124505,True,-0.0175567921163,-0.0514604449106,0.014689567539899999,False
3427,171,7,13.4856089798,False,0.064477734007,True,-0.0309230623127,-0.0641383667681,0.000339367238851,False
3428,171,8,14.892533249400001,False,0.06376330804359999,True,-0.0296533133937,-0.0619934556717,0.00176985237198,False
3429,171,9,8.03932026465,False,0.06112211494059999,True,-0.0341686825558,-0.065413297599,-0.0042911826584499995,True
3430,171,10,3.0954721355799997,False,0.059684517326999996,True,-0.0385823373768,-0.0682837258485,-0.008599208521479999,True
3431,171,11,2.6453676889,False,0.0588158119844,True,-0.040951894250199995,-0.0693401174774,-0.010524305493000001,True
3432,171,12,0.507062666623,False,0.05841382868980001,True,-0.0471493840302,-0.0768443551251,-0.0184305264353,True
3433,171,13,4.14157583276,False,0.0599388991352,True,-0.0396127736611,-0.0705770960575,-0.0106381969224,True
3434,171,14,0.9010568526,False,0.057109817615599995,True,-0.0465306519203,-0.07420466243919999,-0.0170948448236,True
3435,171,15,0.0303552234358,True,0.054822727962300005,True,-0.052488943990500005,-0.0807545408721,-0.0259318129098,True
3436,171,16,0.331029352351,True,0.0562514453776,True,-0.0495942297363,-0.0775243538591,-0.0212729084816,True
3437,171,17,0.0499812274642,True,0.0562061787904,True,-0.054414207893400006,-0.0820966325846,-0.0258904537942,True
3438,171,18,0.0429412388783,True,0.055177139533099995,True,-0.0550673277614,-0.08490517616979999,-0.0297280366367,True
3439,171,19,0.0463146865168,True,0.054759808077999995,True,-0.058841490290400006,-0.08570521341870001,-0.0309454053407,True
3440,172,0,13.684751661099998,False,0.142718641669,False,-0.0504304071412,-0.12429073700099999,0.0184279046688,False
3441,172,1,0.297081557735,True,0.10488085531500001,False,-0.081258206277,-0.134368663665,-0.029487808350100002,True
3442,172,2,1.78610944067,False,0.0920613849687,False,-0.0619985667148,-0.106748654906,-0.0146872699374,True
3443,172,3,0.181051427175,True,0.0789983391676,True,-0.06952357950110001,-0.10931623396500001,-0.0303178947977,True
3444,172,4,0.38604710095,False,0.07246028355430001,True,-0.0555516924601,-0.08894784477460001,-0.0164875612204,True
3445,172,5,0.9661922960079999,False,0.0709808233721,True,-0.056022992044,-0.09196160897870001,-0.0209807856066,True
3446,172,6,0.991189327363,False,0.0675158325203,True,-0.051653063324699995,-0.0854178671882,-0.017902034667900003,True
3447,172,7,1.3479546656,False,0.0629026165184,True,-0.05048544483580001,-0.0814366100668,-0.0185339935484,True
3448,172,8,0.8237574918009999,False,0.062290288046900004,True,-0.0484463407595,-0.0799298906732,-0.0176396026263,True
3449,172,9,0.187115345421,True,0.0630188828827,True,-0.052892660691599994,-0.08413063670460001,-0.021111753821799997,True
3450,172,10,0.10000343659,True,0.061223306221,True,-0.05530239378790001,-0.0855729138796,-0.024349607658599996,True
3451,172,11,0.000700427524375,True,0.0598180418858,True,-0.0672108745098,-0.09652546890969999,-0.0367074270239,True
3452,172,12,0.207896413761,True,0.060142771669699994,True,-0.0582540431583,-0.08914853676930001,-0.029005765099599998,True
3453,172,13,1.18636704275e-07,True,0.0557758631255,True,-0.06490236426080001,-0.0933650390086,-0.0375891758831,True
3454,172,14,0.0194015331538,True,0.0570202657491,True,-0.0577059046325,-0.0862852122793,-0.0292649465301,True
3455,172,15,0.0325710427268,True,0.057298154724399995,True,-0.05549051774669999,-0.083096612438,-0.025798457713599995,True
3456,172,16,0.0054617013351299995,True,0.055384991996,True,-0.057614106909,-0.08502156853250001,-0.0296365765366,True
3457,172,17,0.006215486636859999,True,0.0581462261043,True,-0.0608210695052,-0.088920141912,-0.0307739158077,True
3458,172,18,0.0701186542987,True,0.056474341405300006,True,-0.0584851610374,-0.0870338459564,-0.0305595045512,True
3459,172,19,1.01155510652e-05,True,0.05505038586969999,True,-0.0619716685076,-0.08873195486169999,-0.033681568992,True
3460,173,0,5.68392891605,False,0.137075602878,False,-0.069745538971,-0.13653263399499999,0.0005429688831100001,False
3461,173,1,2.64062619178,False,0.101095129408,False,-0.0638783791047,-0.117025668043,-0.0159305386354,True
3462,173,2,8.33158262384,False,0.08905822468319999,False,-0.0449170183208,-0.08893255621139999,0.000125668471844,False
3463,173,3,0.9435083126980001,False,0.0816627741043,False,-0.0581371894558,-0.0969111991269,-0.015248425022700001,True
3464,173,4,0.432229907315,False,0.0772429091668,True,-0.065846927709,-0.104638769428,-0.0273958602613,True
3465,173,5,9.207592307160001e-06,True,0.0708451011552,True,-0.0797367827719,-0.11448869259299999,-0.0436435914375,True
3466,173,6,1.857350726e-08,True,0.0650560587094,True,-0.07263490088489999,-0.105602048038,-0.040545989328400006,True
3467,173,7,1.49325821958e-05,True,0.0643352636684,True,-0.0723411245061,-0.103894258419,-0.0395589947503,True
3468,173,8,0.0115106941081,True,0.0642493043839,True,-0.068198702414,-0.100076503297,-0.035827198912699997,True
3469,173,9,5.01317807737e-06,True,0.06358798759499999,True,-0.0760074864353,-0.10694149512800001,-0.043353507533099994,True
3470,173,10,8.990210770359999e-24,True,0.061443537149,True,-0.08186351326880001,-0.11320114902,-0.051757611871199996,True
3471,173,11,6.2125229305e-27,True,0.0598885248797,True,-0.09141745724889999,-0.12065765882099999,-0.0607691339414,True
3472,173,12,4.583861308299999e-54,True,0.0607882803856,True,-0.09842654606730002,-0.130270698356,-0.06948241797060001,True
3473,173,13,1.5824555793999998e-59,True,0.059017989688400004,True,-0.0970598523885,-0.126739327567,-0.06772133787859999,True
3474,173,14,1.58009243632e-38,True,0.0565345374863,True,-0.0979598085148,-0.127498408766,-0.07096387127939999,True
3475,173,15,2.89639269437e-49,True,0.056723154761399996,True,-0.10080296945100001,-0.129062784388,-0.0723396296263,True
3476,173,16,3.9511470955e-48,True,0.058682042990300005,True,-0.103746173842,-0.133255088267,-0.0745730452763,True
3477,173,17,1.2279273362399998e-82,True,0.0570698450124,True,-0.10553476307399999,-0.134373002568,-0.0773031575557,True
3478,173,18,1.4465150107599996e-87,True,0.0560578649099,True,-0.105013336891,-0.13268552128799999,-0.0766276563777,True
3479,173,19,5.099695887819999e-82,True,0.054268900752600005,True,-0.10211725820800001,-0.12985764948200001,-0.0755887487295,True
3480,174,0,1.7096255702,False,0.139287227844,False,-0.0890139759011,-0.16208849076999998,-0.0228012629259,True
3481,174,1,0.7395592053479999,False,0.102501328747,False,-0.07266701953160001,-0.123539110295,-0.0210377815485,True
3482,174,2,3.2636456288200004,False,0.0867547906897,False,-0.0536358292775,-0.09928695873950001,-0.012532168049899999,True
3483,174,3,2.39621605949,False,0.0811728122975,False,-0.0541753154053,-0.0956825079517,-0.014509695654100001,True
3484,174,4,0.7629854480120001,False,0.0727293397606,True,-0.05833892985399999,-0.093956685656,-0.0212273458953,True
3485,174,5,0.132086038523,True,0.07071026200130001,True,-0.0609653215723,-0.0961669579077,-0.0254566959064,True
3486,174,6,0.9753041417120001,False,0.0678750788526,True,-0.050120943638500004,-0.0855856795056,-0.017710600652999998,True
3487,174,7,1.20877076796,False,0.0686578741198,True,-0.0498958660375,-0.08482136134479999,-0.016163487224900002,True
3488,174,8,0.488543844407,False,0.062219204540300006,True,-0.0529178062218,-0.08247578875060001,-0.020256584210299997,True
3489,174,9,0.30959013053199996,True,0.0618194080485,True,-0.057913521604000005,-0.0876525268282,-0.025833118779599998,True
3490,174,10,1.04266117486e-05,True,0.0625540295973,True,-0.059964841744,-0.09097543636,-0.0284214067627,True
3491,174,11,0.27134567646200003,True,0.0584990044003,True,-0.0545393025335,-0.0840159625072,-0.025516958106900002,True
3492,174,12,1.55299180165,False,0.0606980644396,True,-0.04552454198059999,-0.07798012058510001,-0.0172820561455,True
3493,174,13,0.192426675509,True,0.058878521574599996,True,-0.0504510578701,-0.08064793254250001,-0.021769410967900003,True
3494,174,14,0.055832960978100005,True,0.0587811033746,True,-0.0567122908706,-0.08676099912350001,-0.027979895748900002,True
3495,174,15,0.032347014087,True,0.059295187597799996,True,-0.0586901629194,-0.08853157106730002,-0.0292363834696,True
3496,174,16,6.10799312022e-09,True,0.055534060242,True,-0.06254482414,-0.08863161843350001,-0.033097558191400006,True
3497,174,17,3.01196186341e-05,True,0.0564935433897,True,-0.06674133489419999,-0.0936367507926,-0.0371432074029,True
3498,174,18,0.0272783428699,True,0.057826969865899996,True,-0.0734573759675,-0.10422093102,-0.0463939611545,True
3499,174,19,4.05185738694e-27,True,0.0560515264293,True,-0.07633338962019999,-0.103467514313,-0.047415987883800005,True
3500,175,0,2.75394855298,False,0.13900564734999998,False,-0.081402240163,-0.15188042445900002,-0.0128747771089,True
3501,175,1,2.89932111749,False,0.106536115871,False,-0.0650487718157,-0.12221546671399999,-0.0156793508435,True
3502,175,2,0.156900075984,True,0.08820860834489999,False,-0.0779329993063,-0.12256626372099999,-0.0343576553757,True
3503,175,3,1.36923537614,False,0.07824024181139999,True,-0.0563338676525,-0.0938474852961,-0.0156072434847,True
3504,175,4,0.9754942802519999,False,0.07418067935889999,True,-0.0564751043356,-0.09463114782889999,-0.020450468469999997,True
3505,175,5,0.604633987529,False,0.0677768978429,True,-0.0591745543076,-0.0939360092292,-0.026159111386299998,True
3506,175,6,0.508959281281,False,0.0652423184841,True,-0.0513929063665,-0.0854618698717,-0.020219551387599996,True
3507,175,7,0.37920786344400004,False,0.0661381946491,True,-0.0552888328706,-0.0889870026405,-0.022848807991299996,True
3508,175,8,0.0013607909106900002,True,0.0611314371698,True,-0.061622916192699995,-0.0929795619179,-0.0318481247482,True
3509,175,9,0.448997518129,False,0.059207636982,True,-0.053575295460400005,-0.0840206495436,-0.024813012561599998,True
3510,175,10,0.65528955836,False,0.06071111015,True,-0.04736238208319999,-0.07627407256360001,-0.015562962413600001,True
3511,175,11,1.69770682272,False,0.058363130755699995,True,-0.044841217197,-0.0726802945647,-0.014317163809,True
3512,175,12,0.268391181245,True,0.0583663592081,True,-0.0474216776026,-0.07447813599610001,-0.0161117767879,True
3513,175,13,0.8915183542209999,False,0.057263150639999996,True,-0.041884564824800005,-0.0701392806472,-0.0128761300072,True
3514,175,14,2.29283306525,False,0.059183016722099996,True,-0.0416849335514,-0.06931321963260001,-0.0101302029105,True
3515,175,15,3.33720161324,False,0.0586891180608,True,-0.04039697250430001,-0.0697916284611,-0.011102510400300001,True
3516,175,16,4.59827003063,False,0.056446095220499995,True,-0.0346578753861,-0.0629571939302,-0.006511098709689999,True
3517,175,17,1.04374754073,False,0.0559675524156,True,-0.04242772779469999,-0.07045052270800001,-0.0144829702923,True
3518,175,18,0.262637639668,True,0.055936539451199994,True,-0.050328546756300004,-0.07657808714530001,-0.0206415476941,True
3519,175,19,0.04835537277890001,True,0.057642754860699995,True,-0.0527648469116,-0.0811016407455,-0.0234588858848,True
3520,176,0,17.096592896,False,0.140283618447,False,-0.0434129499533,-0.112340779067,0.027942839380299997,False
3521,176,1,23.2037506048,False,0.105423555843,False,-0.0321862451437,-0.08607532562039999,0.0193482302229,False
3522,176,2,16.4349807074,False,0.08657082778580001,False,-0.033477079103200004,-0.07526087850180001,0.0113099492841,False
3523,176,3,17.670232226,False,0.0811406239916,False,-0.0320577090799,-0.07338482375630001,0.0077558002353300005,False
3524,176,4,31.9736175273,False,0.0766422825792,True,-0.022532259826500003,-0.06175040029630001,0.0148918822829,False
3525,176,5,19.732026011600002,False,0.0704719008596,True,-0.0288767607913,-0.06531866333330001,0.00515323752627,False
3526,176,6,30.904077855,False,0.0667613134887,True,-0.0239827030852,-0.0580430900405,0.00871822344827,False
3527,176,7,26.909558704899997,False,0.06705834938590001,True,-0.0246523718931,-0.0584429129445,0.008615436441360001,False
3528,176,8,16.423372644,False,0.06259176062630001,True,-0.0287705030169,-0.0611739998487,0.00141776077752,False
3529,176,9,4.26748140958,False,0.0621450910633,True,-0.0381984443382,-0.0699064316244,-0.00776134056113,True
3530,176,10,5.89282446898,False,0.0603186280081,True,-0.0356263169007,-0.06690751198059999,-0.006588883972479999,True
3531,176,11,2.4592352691799997,False,0.0584716109049,True,-0.0410687058839,-0.0706335623513,-0.012161951446400001,True
3532,176,12,3.04161984697,False,0.060759419266,True,-0.0413015511823,-0.0728224648614,-0.0120630455954,True
3533,176,13,1.8117125855400003,False,0.0581736000299,True,-0.0411177789617,-0.0709149872897,-0.012741387259799999,True
3534,176,14,0.469295767622,False,0.0561421497545,True,-0.04976862131990001,-0.07742930434510001,-0.0212871545906,True
3535,176,15,0.10489488200899999,True,0.0571565359109,True,-0.0538697874674,-0.0818274205717,-0.024670884660900002,True
3536,176,16,0.0120962823125,True,0.056080087985,True,-0.054884388629099994,-0.083007124671,-0.026927036686,True
3537,176,17,0.012685315337200001,True,0.0555550714198,True,-0.057649674446800005,-0.08571372405099999,-0.030158652631200003,True
3538,176,18,0.0071701291929500005,True,0.056215715828300004,True,-0.0533207665881,-0.0801499428968,-0.023934227068500003,True
3539,176,19,0.0185314592314,True,0.056294097243599996,True,-0.059118300381899996,-0.0868949110276,-0.030600813783999998,True
3540,177,0,15.1884289174,False,0.14002715552,False,-0.0465504751549,-0.116714804014,0.0233123515057,False
3541,177,1,2.58692521077,False,0.10516620318,False,-0.06388470224119999,-0.120137431596,-0.0149712284161,True
3542,177,2,12.8962641226,False,0.08681924710689999,False,-0.0393258271931,-0.08271144515750001,0.00410780194946,False
3543,177,3,3.0998108697,False,0.0825529283379,False,-0.0526225673166,-0.0932596726295,-0.0107067442916,True
3544,177,4,1.4232456931400002,False,0.0736515411626,True,-0.052397998966199996,-0.09000835014620001,-0.0163568089835,True
3545,177,5,1.9422711026099997,False,0.07293150123139999,True,-0.051642864754,-0.08831366498639999,-0.0153821637549,True
3546,177,6,0.638838393322,False,0.0665226619311,True,-0.053298880342499994,-0.0870414420017,-0.0205187800706,True
3547,177,7,0.868994661954,False,0.0668749540697,True,-0.052515833721,-0.0838067514392,-0.016931797369500002,True
3548,177,8,4.96213931453,False,0.0656696886983,True,-0.0396815522611,-0.0714140731508,-0.005744384452470001,True
3549,177,9,12.1013924351,False,0.0644172814801,True,-0.0314408984333,-0.06333819510819999,0.0010790863719,False
3550,177,10,3.9613881081699995,False,0.0586105810004,True,-0.036511386886900005,-0.06517338058199999,-0.00656279958159,True
3551,177,11,4.29206167481,False,0.0606542892562,True,-0.0367367193056,-0.0664980576743,-0.00584376841809,True
3552,177,12,12.680436322,False,0.0583150015589,True,-0.0294785646707,-0.0591591185936,-0.0008441170346869999,True
3553,177,13,9.46204989977,False,0.0562102524811,True,-0.030216490251099997,-0.0593650841831,-0.00315483170206,True
3554,177,14,8.60068043985,False,0.057548189942800004,True,-0.031907050119599996,-0.0614844269661,-0.00393623702329,True
3555,177,15,2.17920013262,False,0.057026353114400005,True,-0.0399374592795,-0.0686469985254,-0.011620645411,True
3556,177,16,0.55550787373,False,0.05696836575619999,True,-0.0452210260697,-0.0744990621614,-0.0175306964052,True
3557,177,17,0.5170280403649999,False,0.056642131475300006,True,-0.049780317057600006,-0.0778829284303,-0.021240796954900002,True
3558,177,18,0.10258723856,True,0.0548897214424,True,-0.0585952864616,-0.08645988011880001,-0.031570158676400006,True
3559,177,19,0.0026657672901799997,True,0.054439671001300004,True,-0.0571521155036,-0.0843628442423,-0.0299231732411,True
3560,178,0,33.5407999832,False,0.138195319948,False,-0.012691835024299998,-0.08035842664989999,0.0578368932977,False
3561,178,1,17.134213325,False,0.10364682284,False,-0.037188089118699995,-0.0872487646893,0.016398058150599998,False
3562,178,2,7.34690157749,False,0.0889859051836,False,-0.04662704494080001,-0.0896940822948,-0.0007081771112110002,True
3563,178,3,13.3066899823,False,0.0839809308034,False,-0.038159641157400004,-0.07657614530960001,0.0074047854938099995,False
3564,178,4,15.434489488099999,False,0.0741639287963,True,-0.032423768076,-0.06952983281769999,0.00463409597861,False
3565,178,5,7.316940482010001,False,0.0675635917159,True,-0.0374347467869,-0.069917085856,-0.00235349414012,True
3566,178,6,2.86635729601,False,0.0678941245441,True,-0.04502211624480001,-0.0792987709131,-0.011404646369,True
3567,178,7,1.1085014189700002,False,0.0638179276365,True,-0.04877296040680001,-0.07952994941210001,-0.0157120217756,True
3568,178,8,0.17737580079999998,True,0.0629481709753,True,-0.0578325234342,-0.08899042003810001,-0.026042249062799998,True
3569,178,9,0.0280776044463,True,0.060423911808799996,True,-0.060965722635900006,-0.09133392952299998,-0.030910017714299996,True
3570,178,10,6.72158350671e-06,True,0.0599432994885,True,-0.0621776255887,-0.09086506657929999,-0.0309217670908,True
3571,178,11,0.00139189454524,True,0.0614169525361,True,-0.0682984030951,-0.09997781477369999,-0.0385608622376,True
3572,178,12,2.88933771818e-05,True,0.0599216183149,True,-0.0623413373025,-0.0936261014657,-0.0337044831507,True
3573,178,13,0.0806430160255,True,0.0580179822288,True,-0.05717518054719999,-0.086236552752,-0.028218570523200003,True
3574,178,14,2.0287926049e-06,True,0.056681035376699995,True,-0.0627202850261,-0.0912472934835,-0.0345662581068,True
3575,178,15,9.82801950827e-08,True,0.0580266638349,True,-0.0620576858326,-0.09112616001110001,-0.0330994961762,True
3576,178,16,1.71602703838e-11,True,0.055663259226599995,True,-0.0652479015355,-0.0927546976244,-0.037091438397800006,True
3577,178,17,3.9046588993900006e-12,True,0.059240731020499995,True,-0.0685413126079,-0.0973504667302,-0.0381097357097,True
3578,178,18,2.31737621422e-13,True,0.056327287146100004,True,-0.07108629837189999,-0.0985039573785,-0.0421766702324,True
3579,178,19,9.71770754379e-08,True,0.0568128224372,True,-0.06987781818960001,-0.0990295535622,-0.042216731125,True
3580,179,0,31.0530291925,False,0.144118869264,False,-0.0153900466796,-0.09096060779239999,0.0531582614715,False
3581,179,1,47.146765091300004,False,0.10709922218000001,False,-0.000593438778575,-0.0539562916241,0.053142930555999994,False
3582,179,2,53.489170401,False,0.0886180561005,False,0.0030904653725400003,-0.040475177314199993,0.0481428787864,False
3583,179,3,24.848115583600002,False,0.0792948961354,True,-0.027320533220599998,-0.0672394974371,0.0120553986983,False
3584,179,4,48.3450900196,False,0.0753258880268,True,-0.014391060516999999,-0.0505205221599,0.024805365867,False
3585,179,5,55.018239495699994,False,0.0700385316231,True,-0.011235638217200002,-0.0464468071394,0.023591724483699998,False
3586,179,6,38.5701557259,False,0.0655858084726,True,-0.018440494792200002,-0.0517785314454,0.013807277027200002,False
3587,179,7,53.2182120129,False,0.0629325254204,True,-0.013472898444900001,-0.0456120637858,0.0173204616346,False
3588,179,8,36.4137759734,False,0.0640593291315,True,-0.0202589719678,-0.0529578227103,0.011101506421100001,False
3589,179,9,26.7330252933,False,0.0616100486737,True,-0.0234843036961,-0.055325250599300005,0.00628479807444,False
3590,179,10,23.2495990576,False,0.060605960370399996,True,-0.0250463186962,-0.0547479277856,0.0058580325848700005,False
3591,179,11,29.620432565,False,0.060420872610599995,True,-0.022434169315999997,-0.052118587674599995,0.00830228493605,False
3592,179,12,21.239459664800002,False,0.0585789437285,True,-0.024601325137299998,-0.0535581333247,0.00502081040379,False
3593,179,13,39.3607463648,False,0.0568496921144,True,-0.0180653032579,-0.0480110077219,0.00883868439249,False
3594,179,14,56.8433855024,False,0.05608713936219999,True,-0.0131648245292,-0.042475539151999996,0.0136116002101,False
3595,179,15,45.268191840200004,False,0.0584160485605,True,-0.0166052644639,-0.0444948893212,0.013921159239299999,False
3596,179,16,16.0454147859,False,0.0563696260393,True,-0.0275859151555,-0.055741653975,0.000627972064301,False
3597,179,17,15.1339777932,False,0.05581198166969999,True,-0.0288469589158,-0.055521812226499996,0.00029016944315,False
3598,179,18,6.158836278230001,False,0.056412243413399996,True,-0.034591288971300004,-0.0645543869671,-0.00814214355363,True
3599,179,19,12.492726577300001,False,0.055685435037099995,True,-0.0288009707515,-0.0568398879711,-0.00115445293402,True
3600,180,0,27.764847101199997,False,0.138356596691,False,-0.0239603980915,-0.0933405840649,0.0450160126265,False
3601,180,1,44.655395205299996,False,0.103444237643,False,-0.00789309676522,-0.0609393321609,0.04250490548219999,False
3602,180,2,13.9191738212,False,0.0872920804126,False,-0.0385446590841,-0.0822062295907,0.00508585082188,False
3603,180,3,7.8431819248800005,False,0.0802927005894,False,-0.0412725660598,-0.080119356742,0.000173343847367,False
3604,180,4,8.68025061938,False,0.0741775383945,True,-0.0396198700798,-0.07822605013839999,-0.00404851174389,True
3605,180,5,2.8220730747400005,False,0.07278291267,True,-0.0485325865629,-0.08702606587799999,-0.014243153208,True
3606,180,6,2.9897957662,False,0.0679146318448,True,-0.0455243559709,-0.0782953743628,-0.0103807425181,True
3607,180,7,2.0790905473500003,False,0.06370446369390001,True,-0.0444001536231,-0.07465623494319999,-0.0109517712493,True
3608,180,8,2.0513419773900003,False,0.0631701313425,True,-0.044892918966,-0.0781573203553,-0.014987189012799999,True
3609,180,9,1.3529057018700001,False,0.063577619105,True,-0.0469917697676,-0.0784570964545,-0.014879477349499999,True
3610,180,10,0.235109152377,True,0.061378416728800005,True,-0.0512100715538,-0.0816493900101,-0.020270973281300002,True
3611,180,11,0.47565306678499997,False,0.0581277729115,True,-0.0519549707625,-0.08110702399469999,-0.0229792510832,True
3612,180,12,0.42100244803900005,False,0.0606540773548,True,-0.0531199046511,-0.083250730768,-0.0225966534132,True
3613,180,13,0.0183550229868,True,0.0578908032661,True,-0.0546381270416,-0.08404034013810001,-0.026149536872,True
3614,180,14,0.161053210814,True,0.055114945006999996,True,-0.0559246308641,-0.0837701148409,-0.028655169834,True
3615,180,15,0.000488751992752,True,0.057395539761199994,True,-0.0613081448161,-0.0913658402653,-0.0339703005041,True
3616,180,16,4.60896371037e-05,True,0.058011419704400005,True,-0.0609499238557,-0.0897645773147,-0.031753157610400005,True
3617,180,17,0.0015760841945899999,True,0.059036274635399996,True,-0.06624800532290001,-0.0966588272005,-0.0376225525651,True
3618,180,18,6.128377051e-12,True,0.05598932875519999,True,-0.0690996191431,-0.09792536165650001,-0.0419360329013,True
3619,180,19,1.09755327018e-06,True,0.057489970974,True,-0.0607679165221,-0.088907384714,-0.03141741374,True
3620,181,0,12.305865040999999,False,0.137159670886,False,-0.0535789984829,-0.124836697267,0.012322973618700002,False
3621,181,1,36.5409508645,False,0.10295017013800001,False,-0.019989150405700002,-0.073238658238,0.029711511900299997,False
3622,181,2,4.99869903127,False,0.08705213952189998,False,-0.049614336473,-0.09280425573930001,-0.005752116217390001,True
3623,181,3,22.4665571857,False,0.0795306510207,True,-0.0290984482311,-0.070920438372,0.00861021264872,False
3624,181,4,5.2779352711400005,False,0.0732453698124,True,-0.041382776085199996,-0.07669881611320001,-0.0034534463008400003,True
3625,181,5,5.9290161504,False,0.070568655616,True,-0.0407591300934,-0.07684495918050001,-0.0062763035644899995,True
3626,181,6,8.3269079495,False,0.0667552955421,True,-0.036424785482199996,-0.0715367735512,-0.004781478009060001,True
3627,181,7,7.587701934199999,False,0.066072753093,True,-0.0364077679194,-0.0699723441528,-0.0038995910598,True
3628,181,8,1.5620309293299999,False,0.0643959194845,True,-0.045449679923300006,-0.0770562644239,-0.0126603449393,True
3629,181,9,1.1355047568799999,False,0.059887551793599995,True,-0.045518414226199996,-0.0751263944731,-0.0152388426795,True
3630,181,10,3.26925636795,False,0.060718473062000004,True,-0.039434624954800004,-0.0687453529026,-0.00802687984067,True
3631,181,11,12.434427643900001,False,0.0596371292445,True,-0.031122062880000002,-0.0596984418653,-6.13126208031e-05,True
3632,181,12,6.599046603530001,False,0.0601078147508,True,-0.035351483447199995,-0.0664785929754,-0.006370778224600001,True
3633,181,13,2.02964763917,False,0.0592209906018,True,-0.042410493238199995,-0.073294743224,-0.014073752622200002,True
3634,181,14,1.21036493777,False,0.0558051375736,True,-0.0434409022757,-0.0701109236942,-0.0143057861206,True
3635,181,15,0.95231819385,False,0.058185292460900005,True,-0.043620880984699996,-0.0754309871066,-0.0172456946457,True
3636,181,16,0.394361512307,False,0.055878023899499994,True,-0.0492360636051,-0.0776168707229,-0.021738846823400004,True
3637,181,17,0.0148435484742,True,0.0554774230059,True,-0.0513122831531,-0.0795113346282,-0.0240339116222,True
3638,181,18,5.76071932386e-05,True,0.0565919935791,True,-0.0583412695385,-0.0862737972566,-0.029681803677599997,True
3639,181,19,1.8154598497e-06,True,0.057128555532999996,True,-0.06365761843960001,-0.09255487042419999,-0.035426314891199996,True
3640,182,0,31.6239935552,False,0.14486221351,False,0.0125692425104,-0.0595015733246,0.0853606401852,False
3641,182,1,18.6303443328,False,0.103725368273,False,-0.035386944075300006,-0.0844342776416,0.0192910906319,False
3642,182,2,41.9572147912,False,0.08730056965460001,False,-0.0157825277163,-0.0596353540542,0.027665215600400004,False
3643,182,3,14.1247980631,False,0.07684993544539999,True,-0.035148659645199996,-0.0723047550073,0.00454518043805,False
3644,182,4,2.4408054829799997,False,0.0713367227347,True,-0.04678532494109999,-0.081849028207,-0.0105123054724,True
3645,182,5,0.398711433337,False,0.0695032195522,True,-0.0600361104469,-0.0934618969908,-0.023958677438599998,True
3646,182,6,0.119058041897,True,0.0686531836736,True,-0.06286953566480001,-0.0964188683921,-0.0277656847184,True
3647,182,7,0.0662816028316,True,0.065745396458,True,-0.05976397090419999,-0.09326481954129999,-0.0275194230833,True
3648,182,8,0.0396528496394,True,0.0628349571021,True,-0.0678604189196,-0.10080296514,-0.037968008037999997,True
3649,182,9,0.0008744690704800001,True,0.0633408070685,True,-0.06255606904040001,-0.09345079995139999,-0.0301099928829,True
3650,182,10,3.70754343404e-06,True,0.060162844884099995,True,-0.0607754423834,-0.0924961979537,-0.0323333530695,True
3651,182,11,0.000402458293355,True,0.058888438967500005,True,-0.0676930230674,-0.09659549693510001,-0.0377070579677,True
3652,182,12,2.93298747749e-20,True,0.060321590961199996,True,-0.0788487531019,-0.10707009072799999,-0.046748499766800004,True
3653,182,13,4.86244250059e-24,True,0.0583200306904,True,-0.0751528218522,-0.105173920993,-0.046853890302999995,True
3654,182,14,8.459010731159999e-11,True,0.0586319065551,True,-0.0765229940642,-0.10407262947200001,-0.04544072291680001,True
3655,182,15,2.0456753145799998e-27,True,0.0583565469207,True,-0.0799105254295,-0.107378146449,-0.049021599528000004,True
3656,182,16,5.45501610376e-09,True,0.0567414392545,True,-0.07129401804839999,-0.100008445018,-0.04326700576380001,True
3657,182,17,1.15275655573e-13,True,0.0582721101188,True,-0.07079232242589999,-0.09919037209130001,-0.0409182619725,True
3658,182,18,9.248995369039999e-08,True,0.0556513168534,True,-0.073813446297,-0.10321544108899999,-0.047564124235699994,True
3659,182,19,3.04465207482e-22,True,0.0539970086345,True,-0.0696362450018,-0.09588404969660001,-0.0418870410621,True
3660,183,0,1.8855572468400001,False,0.136020236814,False,-0.08637730295510002,-0.154952253952,-0.0189320171375,True
3661,183,1,2.9297742083499996,False,0.10306745276200001,False,-0.06314626863509999,-0.11657387371899999,-0.013506420957799999,True
3662,183,2,0.6642211749520001,False,0.0873308720028,False,-0.0657935481502,-0.108688707887,-0.0213578358838,True
3663,183,3,0.424173426806,False,0.0789846169003,True,-0.0640870633269,-0.10487586689200001,-0.025891249991200002,True
3664,183,4,1.04620371845,False,0.0740327299273,True,-0.055652695164199996,-0.09235311670089999,-0.018320386773599998,True
3665,183,5,0.5048728975360001,False,0.06809733381019999,True,-0.0539699238347,-0.08771644844000001,-0.019619114629799997,True
3666,183,6,5.37418940587,False,0.0679901957719,True,-0.0403516488562,-0.07495455014119999,-0.006964354369310001,True
3667,183,7,0.357803345941,False,0.0621419169427,True,-0.053101297578699996,-0.083835072328,-0.0216931553853,True
3668,183,8,0.15501119420099999,True,0.0635033196825,True,-0.0604044359057,-0.0935763416921,-0.030073022009700003,True
3669,183,9,0.011667677520700002,True,0.061428726680399996,True,-0.0605794038996,-0.09085698357699999,-0.0294282568965,True
3670,183,10,3.1459303211999994e-05,True,0.061748402617499996,True,-0.06366988638519999,-0.0927444718963,-0.030996069278799998,True
3671,183,11,4.95505947074e-09,True,0.0621913728038,True,-0.0712538840573,-0.100917578024,-0.0387262052202,True
3672,183,12,3.2591910802e-09,True,0.0615162225459,True,-0.0709545999068,-0.102870396577,-0.0413541740307,True
3673,183,13,2.04102528343e-06,True,0.0560711183678,True,-0.07708174892589999,-0.10548444498199999,-0.0494133266141,True
3674,183,14,3.52850317356e-13,True,0.055167751090199994,True,-0.07221540975110001,-0.099215733994,-0.0440479829038,True
3675,183,15,3.157178579e-11,True,0.059577084779699994,True,-0.0745851039228,-0.103817465754,-0.0442403809743,True
3676,183,16,5.93196972138e-19,True,0.0553655987103,True,-0.07619794657949999,-0.103383971001,-0.04801837229119999,True
3677,183,17,2.4907453114999998e-23,True,0.055484485928199996,True,-0.0788027747029,-0.10577495001800001,-0.050290464089900004,True
3678,183,18,4.297420918819999e-25,True,0.058973195775300004,True,-0.0801773831243,-0.109383894285,-0.0504106985097,True
3679,183,19,1.90408212441e-32,True,0.056522184553399996,True,-0.0800000505139,-0.107471834251,-0.0509496496978,True
3680,184,0,3.06245366856,False,0.142539341001,False,-0.0800450105525,-0.151949093156,-0.0094097521554,True
3681,184,1,0.10114420295399999,True,0.104940625449,False,-0.0934189057438,-0.147021286108,-0.0420806606592,True
3682,184,2,1.28610941371,False,0.08846336451430001,False,-0.0629002330516,-0.106423966963,-0.0179606024484,True
3683,184,3,1.3207714479200001,False,0.07981143719660001,True,-0.0551334052927,-0.09668466265289999,-0.0168732254562,True
3684,184,4,0.617441430269,False,0.072429268887,True,-0.0586434331807,-0.0950258590013,-0.0225965901143,True
3685,184,5,0.771962507866,False,0.07210887867650001,True,-0.0528681482053,-0.08728901620519999,-0.0151801375287,True
3686,184,6,0.288471174699,True,0.06563321152110001,True,-0.0590448621899,-0.09228868350029999,-0.026655471979200002,True
3687,184,7,0.383089835984,False,0.0632216801534,True,-0.0578919891753,-0.08811946121349999,-0.0248977810601,True
3688,184,8,0.204405207643,True,0.0654776680725,True,-0.06232232471469999,-0.09603781008199999,-0.0305601420095,True
3689,184,9,6.897924076090001e-09,True,0.06201079904369999,True,-0.0728846710376,-0.102849461955,-0.0408386629116,True
3690,184,10,1.08318028845e-08,True,0.0624249855243,True,-0.0728934180027,-0.1034915144,-0.041066528875300004,True
3691,184,11,0.006872516407529999,True,0.0584658301506,True,-0.0675454157439,-0.0974122494275,-0.038946419276900006,True
3692,184,12,1.00542003919e-05,True,0.057581375480399995,True,-0.06497749202,-0.09465360564410001,-0.037072230163699996,True
3693,184,13,4.42267377801e-06,True,0.0582690723553,True,-0.062018977386600005,-0.08891882936380001,-0.030649757008500002,True
3694,184,14,0.0032537503857999997,True,0.0582955247083,True,-0.0584383000352,-0.08911577462169999,-0.030820249913400002,True
3695,184,15,1.5772337882e-06,True,0.05676962802280001,True,-0.0664482110716,-0.0942778599836,-0.0375082319608,True
3696,184,16,0.00010543873176700001,True,0.0571869982503,True,-0.0657296306381,-0.09295574824139999,-0.035768749991,True
3697,184,17,8.61053071012e-07,True,0.0566228257713,True,-0.06372239025019999,-0.0910350952301,-0.03441226945880001,True
3698,184,18,0.09760384172910001,True,0.0571782853803,True,-0.0617324667071,-0.0899130004737,-0.0327347150934,True
3699,184,19,0.0036762878824,True,0.05701139265980001,True,-0.062726526095,-0.0905080311338,-0.033496638473900005,True
3700,185,0,9.46362520284,False,0.137295026674,False,-0.056097045618199996,-0.123854185175,0.013440841498499998,False
3701,185,1,5.63905527596,False,0.103034711542,False,-0.0554930509397,-0.108030972282,-0.004996260739600001,True
3702,185,2,5.37310992804,False,0.08727034465839999,False,-0.0499005956761,-0.09378752882919998,-0.00651718417075,True
3703,185,3,7.240275126,False,0.0801237737029,False,-0.042987924637400005,-0.0830767806163,-0.00295300691343,True
3704,185,4,25.3809045687,False,0.0709451592412,True,-0.0258723100569,-0.0618973960634,0.009047763177819999,False
3705,185,5,10.2915360141,False,0.0673989291758,True,-0.033784201536500004,-0.0671671661259,0.00023176304982700004,False
3706,185,6,43.6693102204,False,0.0665449574574,True,-0.0169899681624,-0.051268548130199994,0.015276409327200001,False
3707,185,7,70.4232058584,False,0.06250522247859999,True,-0.00765660559452,-0.0398639155854,0.0226413068932,False
3708,185,8,77.36368595729999,False,0.0619652930682,True,-0.0029541307612800005,-0.0331979410362,0.028767352032,False
3709,185,9,59.0722557349,False,0.059006684651899996,True,-0.0116659674749,-0.039211830231499996,0.0197948544203,False
3710,185,10,60.2713780395,False,0.0611705637635,True,-0.0104231137489,-0.0396061385019,0.021564425261499997,False
3711,185,11,37.9817535046,False,0.05922217519780001,True,-0.020434008958599998,-0.050352478450300005,0.008869696747450001,False
3712,185,12,24.536304819,False,0.0590083179351,True,-0.0246550033652,-0.054208784873599994,0.00479953306146,False
3713,185,13,6.214885882490001,False,0.05666498457809999,True,-0.0335859507922,-0.06338189097500001,-0.00671690639692,True
3714,185,14,2.56018366435,False,0.05761555948469999,True,-0.0390712272199,-0.0668921735804,-0.009276614095719999,True
3715,185,15,1.7315474673,False,0.05651673654080001,True,-0.0418363671826,-0.06915574538580001,-0.012639008844999999,True
3716,185,16,1.99921364592,False,0.056243900892,True,-0.0404190823173,-0.06674650407980001,-0.010502603187799999,True
3717,185,17,1.30718880245,False,0.057998407307599996,True,-0.0449545116747,-0.07407706156939999,-0.0160786542618,True
3718,185,18,0.478599243866,False,0.0560623001674,True,-0.046131129243900004,-0.0722069996105,-0.0161446994431,True
3719,185,19,0.17850880897500002,True,0.058006436101599994,True,-0.0491578141999,-0.0788475201058,-0.0208410840042,True
3720,186,0,24.2441901292,False,0.136625117031,False,0.0274020570502,-0.043032426446,0.0935926905854,False
3721,186,1,32.117578765,False,0.10340741057,False,0.0234770367343,-0.0286093554587,0.0747980551113,False
3722,186,2,53.1776187905,False,0.09110796757549999,False,-0.004305265277390001,-0.049066065408500004,0.042041902166999996,False
3723,186,3,48.408052598199994,False,0.08117363994730001,False,-0.012613289291,-0.05414937137109999,0.027024268576199998,False
3724,186,4,50.028722754499995,False,0.074802375192,True,-0.0140948260925,-0.05111363597350001,0.0236887392185,False
3725,186,5,36.704088499499996,False,0.0701793585538,True,-0.020167213524900002,-0.0563163906991,0.0138629678547,False
3726,186,6,18.8079994774,False,0.0675065330266,True,-0.0279584978475,-0.0622110209452,0.00529551208138,False
3727,186,7,16.8710954798,False,0.0662231604376,True,-0.0296723240631,-0.061817282892,0.00440587754561,False
3728,186,8,2.24830215877,False,0.0634062211149,True,-0.044947596292699996,-0.0780813999213,-0.0146751788065,True
3729,186,9,1.3014957660600002,False,0.059915763272599995,True,-0.044686429938000004,-0.0732174707807,-0.013301707508,True
3730,186,10,2.38251352812,False,0.0604364463999,True,-0.041409125877699994,-0.0712553042698,-0.010818857869899999,True
3731,186,11,2.33749845719,False,0.0604243246186,True,-0.040704486680400005,-0.07082956444180001,-0.010405239823200001,True
3732,186,12,2.06482995599,False,0.058219605794400005,True,-0.039790426153800004,-0.0677999066686,-0.00958030087417,True
3733,186,13,0.365921481127,False,0.0582929667038,True,-0.0507170278216,-0.0787343336375,-0.020441366933799998,True
3734,186,14,0.0722296405713,True,0.057229277313,True,-0.054544188519599995,-0.0828317537528,-0.025602476439799998,True
3735,186,15,0.11844127573100001,True,0.0560839821247,True,-0.0512170042985,-0.078800975209,-0.0227169930843,True
3736,186,16,0.0407551463695,True,0.057753620497,True,-0.058160896137699994,-0.08557903845100001,-0.0278254179541,True
3737,186,17,1.4019730978e-08,True,0.0580771762353,True,-0.0675271713269,-0.0953054393551,-0.0372282631198,True
3738,186,18,1.75841411792e-07,True,0.056235341639099996,True,-0.0689750279033,-0.0969288377131,-0.040693496074,True
3739,186,19,2.66694885278e-09,True,0.0558124761539,True,-0.0746219450632,-0.102299288914,-0.0464868127598,True
3740,187,0,32.7663923642,False,0.137798169997,False,0.00683377555914,-0.0648992568496,0.0728989131473,False
3741,187,1,24.4066550823,False,0.108531758795,False,-0.0313496096836,-0.08658230067320001,0.021949458122099995,False
3742,187,2,11.915473929300001,False,0.08974245944949999,False,-0.0405238985036,-0.0842857581287,0.00545670132079,False
3743,187,3,18.0589250912,False,0.0819768947827,False,-0.0319291950863,-0.07438497974489999,0.00759191503776,False
3744,187,4,6.32216764935,False,0.0769202548824,True,-0.0440939993281,-0.0818910392064,-0.00497078432401,True
3745,187,5,1.66293124066,False,0.0703784358283,True,-0.0507441840021,-0.08836155373639999,-0.017983117908099998,True
3746,187,6,17.0215222609,False,0.06639516449590001,True,-0.029752915604500003,-0.062204817831899996,0.00419034666403,False
3747,187,7,7.939864024369999,False,0.06595619957940001,True,-0.0361612912993,-0.07178259626460001,-0.005826396685199999,True
3748,187,8,38.3576844042,False,0.0620010763014,True,-0.0191791884942,-0.0498428719747,0.0121582043266,False
3749,187,9,37.1382848525,False,0.0613341539452,True,-0.020503510842099996,-0.0512021966744,0.0101319572708,False
3750,187,10,18.169207653599997,False,0.060830563717,True,-0.0269357602953,-0.057278111287699995,0.00355245242926,False
3751,187,11,21.3753124194,False,0.060228863086800005,True,-0.0256600252159,-0.0551373881824,0.00509147490442,False
3752,187,12,12.263217293499999,False,0.058780295537199996,True,-0.030892458702599997,-0.0588778133544,-9.751781728199999e-05,True
3753,187,13,6.38103824277,False,0.057608670554499995,True,-0.0341466195615,-0.0632531543442,-0.00564448378973,True
3754,187,14,7.20006539296,False,0.0582432211778,True,-0.0327148190932,-0.0613313213105,-0.00308810013273,True
3755,187,15,6.496704598919999,False,0.0556766800966,True,-0.0330191303368,-0.0602188640307,-0.00454218393417,True
3756,187,16,0.7166875708589999,False,0.0567417526709,True,-0.044174909804,-0.0736926721574,-0.0169509194865,True
3757,187,17,0.478431441144,False,0.0565841550337,True,-0.04679495700090001,-0.0736495070272,-0.0170653519935,True
3758,187,18,0.331061488699,True,0.0559062766015,True,-0.04760290817369999,-0.0767542720001,-0.020847995398599998,True
3759,187,19,0.0818166239876,True,0.057324522175,True,-0.0505241497085,-0.080337649682,-0.023013127507000002,True
3760,188,0,26.1139026173,False,0.139308279551,False,-0.023924436786700004,-0.0947111174912,0.044597162059399995,False
3761,188,1,41.2288252424,False,0.107500843021,False,-0.010258252483899999,-0.0679511301993,0.0395497128221,False
3762,188,2,26.679852879699997,False,0.087799766967,False,-0.027374227272200003,-0.0702507150304,0.0175490519366,False
3763,188,3,19.273464635499998,False,0.0810398392314,False,-0.0314809523984,-0.0755635647337,0.00547627449763,False
3764,188,4,8.414285155089999,False,0.07453098800630001,True,-0.0399097814426,-0.0779489944917,-0.0034180064853499997,True
3765,188,5,1.9853443348599997,False,0.0706587176096,True,-0.0469230831358,-0.0823010838628,-0.0116423662532,True
3766,188,6,4.5603998155,False,0.0689207680722,True,-0.0423162097253,-0.0782663968014,-0.00934562872921,True
3767,188,7,2.12086879661,False,0.0674601975083,True,-0.0456877812375,-0.0799368585834,-0.012476661075100001,True
3768,188,8,1.4150212632799999,False,0.06287661414130001,True,-0.0457114772337,-0.07747229286349999,-0.014595678722299998,True
3769,188,9,0.10914163667400001,True,0.061422877187099996,True,-0.056021080865199996,-0.085388425014,-0.023965547826900004,True
3770,188,10,0.0991089548324,True,0.0606490026188,True,-0.0608332279089,-0.0915625465538,-0.030913543935,True
3771,188,11,0.11784972849099999,True,0.0599279474845,True,-0.057729932071,-0.0877085387309,-0.0277805912464,True
3772,188,12,0.007325847341069999,True,0.0589979089944,True,-0.0623143272286,-0.0904870928225,-0.031489183828099995,True
3773,188,13,8.22904585214e-15,True,0.0586837037636,True,-0.06945311815880001,-0.09783629139389999,-0.03915258763019999,True
3774,188,14,1.19561740035e-08,True,0.0612150558179,True,-0.0690815666479,-0.101052427647,-0.0398373718295,True
3775,188,15,2.91027575701e-16,True,0.055346061282900004,True,-0.07241007541710001,-0.10070699861400001,-0.0453609373307,True
3776,188,16,0.015201092215100001,True,0.057693021716800005,True,-0.06893559578099999,-0.09748471526149999,-0.039791693544699996,True
3777,188,17,0.00020162709531799998,True,0.056340793149800006,True,-0.06800628036930001,-0.0960759253655,-0.0397351322157,True
3778,188,18,7.909387675689999e-10,True,0.055753027265800004,True,-0.06649787553690001,-0.09474754471899999,-0.0389945174532,True
3779,188,19,1.71391960093e-14,True,0.0558785087383,True,-0.0722659808402,-0.0988830948337,-0.043004586095400005,True
3780,189,0,6.474473262259999,False,0.14123250796599998,False,-0.0646862747567,-0.13526067078,0.00597183718661,False
3781,189,1,11.705472885499999,False,0.10052770082800001,False,-0.044756600228300004,-0.09486941834799999,0.00565828248034,False
3782,189,2,0.570329977994,False,0.0876453997453,False,-0.066617489403,-0.107632642454,-0.0199872427091,True
3783,189,3,0.11552852362400001,True,0.0812016320952,False,-0.0782321791551,-0.118946630526,-0.0377449984306,True
3784,189,4,0.21452403701499997,True,0.0764993534269,True,-0.06355978356269999,-0.101135519158,-0.024636165731299998,True
3785,189,5,1.3592878503,False,0.068972521354,True,-0.052749171188500005,-0.08711782830189999,-0.0181453069479,True
3786,189,6,3.18394792907,False,0.0686889314906,True,-0.0459013639906,-0.0802894752677,-0.011600543777100002,True
3787,189,7,6.32230231559,False,0.0673671235403,True,-0.0387592912077,-0.0712702356075,-0.0039031120671999997,True
3788,189,8,7.8870852317199995,False,0.0644056094829,True,-0.0349818397392,-0.06767207950540001,-0.00326647002247,True
3789,189,9,21.6959493765,False,0.0603336484853,True,-0.0255098962414,-0.054833149605099996,0.00550049888021,False
3790,189,10,11.7629269014,False,0.0596802348434,True,-0.030819255554999998,-0.06016387126640001,-0.000483636423023,True
3791,189,11,19.4427779812,False,0.0599021329528,True,-0.0264118156432,-0.0537133375674,0.00618879538547,False
3792,189,12,16.282134766,False,0.0570587450545,True,-0.0277016005774,-0.05528888093780001,0.00176986411672,False
3793,189,13,13.4898848951,False,0.058073726590800005,True,-0.028319155581200003,-0.057580612862900005,0.000493113727851,False
3794,189,14,15.3947519343,False,0.0569016049019,True,-0.026497993250199997,-0.0556408427141,0.0012607621878699998,False
3795,189,15,10.6173145452,False,0.0575706845829,True,-0.030465728163900002,-0.0587665960895,-0.0011959115066500002,True
3796,189,16,5.59098289095,False,0.0564012524538,True,-0.0345624558899,-0.062201864949099996,-0.0058006124952700005,True
3797,189,17,5.50060413125,False,0.055952817490699996,True,-0.033996190637599996,-0.0630323624118,-0.00707954492112,True
3798,189,18,5.5922882791,False,0.055860182980899994,True,-0.0334298460386,-0.061543596260299996,-0.00568341327941,True
3799,189,19,6.28682108512,False,0.055411094902999995,True,-0.033165480425,-0.0622613996127,-0.00685030470966,True
3800,190,0,21.5119042848,False,0.143169471953,False,-0.0375534733669,-0.10844781146600001,0.0347216604878,False
3801,190,1,4.47603114149,False,0.106182397776,False,-0.0594593529702,-0.112181335085,-0.00599893730963,True
3802,190,2,10.2133119827,False,0.09037805969830001,False,-0.0426047264685,-0.08848701115720001,0.0018910485410599997,False
3803,190,3,3.05780193232,False,0.07717901224330001,True,-0.048803007597,-0.08852782731139999,-0.011348815068000001,True
3804,190,4,1.25897184013,False,0.072433105466,True,-0.05172810799330001,-0.0872569244729,-0.0148238190069,True
3805,190,5,0.0956054626816,True,0.07090294934289999,True,-0.0656578559441,-0.102341772345,-0.0314388230025,True
3806,190,6,0.48097609882299996,False,0.0660660888814,True,-0.052434322087199996,-0.0854434336556,-0.0193773447742,True
3807,190,7,0.44110618105300003,False,0.06526027781430001,True,-0.0554333580384,-0.0875119984073,-0.022251720592900003,True
3808,190,8,0.00671694424751,True,0.06255531378830001,True,-0.057931293201900005,-0.08885740786469999,-0.026302094076400002,True
3809,190,9,3.0994281704400004e-08,True,0.0625970918123,True,-0.06970216469150001,-0.100827424539,-0.0382303327266,True
3810,190,10,0.0350606255739,True,0.061803391617400005,True,-0.0649937955712,-0.09638653250649999,-0.0345831408891,True
3811,190,11,3.67521685441e-06,True,0.05906617446740001,True,-0.0652835827898,-0.09401577644480001,-0.034949601977400005,True
3812,190,12,0.0353251967184,True,0.058944489724500004,True,-0.060632861753000006,-0.0892968688549,-0.0303523791304,True
3813,190,13,0.28256467469,True,0.060175549582400005,True,-0.0558062426274,-0.08615564013699999,-0.0259800905546,True
3814,190,14,4.075482613989999e-11,True,0.0563288701159,True,-0.06416355488219999,-0.0923050620719,-0.035976191956,True
3815,190,15,3.61635712034e-13,True,0.05640652143950001,True,-0.0647681930229,-0.09354625147430001,-0.0371397300349,True
3816,190,16,1.1177902653899999e-06,True,0.056626532373699995,True,-0.0670462614701,-0.09605768122880001,-0.0394311488551,True
3817,190,17,2.9490003406599997e-08,True,0.0556994487655,True,-0.0695000191758,-0.097263076841,-0.0415636280754,True
3818,190,18,9.9467034058e-17,True,0.05572436126849999,True,-0.0727056612395,-0.102006013499,-0.046281652230000005,True
3819,190,19,1.28476233842e-25,True,0.0542773242839,True,-0.0738616840517,-0.0987453965325,-0.0444680722487,True
3820,191,0,4.31359974181,False,0.14056156266,False,-0.0752408026622,-0.142610757553,-0.00204919489263,True
3821,191,1,0.48967610281999996,False,0.105591955781,False,-0.08863424550039999,-0.139755311891,-0.034163356109599995,True
3822,191,2,0.173736737466,True,0.08715262052760002,False,-0.07806343416,-0.12227694271600001,-0.0351243221884,True
3823,191,3,5.97937272746e-09,True,0.0802459062502,False,-0.09813927274489999,-0.13621669760299998,-0.055970791353,True
3824,191,4,7.712521198929999e-29,True,0.0732353726505,True,-0.0983493928733,-0.13382892397399998,-0.0605935513239,True
3825,191,5,1.90185862328e-16,True,0.0689824749479,True,-0.0936296581231,-0.126969859783,-0.0579873848355,True
3826,191,6,0.00016675111744600003,True,0.0676826345318,True,-0.07270300779910001,-0.10644563702500001,-0.0387630024928,True
3827,191,7,0.029245288467599995,True,0.06383484508569999,True,-0.061077065186,-0.09413486828420001,-0.0303000231985,True
3828,191,8,0.0165331739581,True,0.061518447261300006,True,-0.0636363334151,-0.09371541115589999,-0.032196963894500004,True
3829,191,9,0.0103305764746,True,0.0628442352769,True,-0.0624924025071,-0.0940389481404,-0.0311947128634,True
3830,191,10,0.187292889656,True,0.0614160811624,True,-0.0561310176506,-0.0869007743889,-0.0254846932265,True
3831,191,11,0.689339071402,False,0.0609352053695,True,-0.051189279804100006,-0.0803376412957,-0.0194024359262,True
3832,191,12,0.841082980503,False,0.0592312294872,True,-0.048358779289300005,-0.07917686483360001,-0.019945635346500002,True
3833,191,13,0.0826077529966,True,0.05794856960030001,True,-0.0510731948445,-0.0792916828007,-0.021343113200400003,True
3834,191,14,0.640672464918,False,0.05593201749459999,True,-0.0458357135446,-0.0742679458972,-0.018335928402599996,True
3835,191,15,0.43663779710199996,False,0.0585610356826,True,-0.0484576556003,-0.0780974136604,-0.019536377977799998,True
3836,191,16,0.104100227248,True,0.0562033565584,True,-0.0517588090852,-0.0806065233103,-0.024403166751900005,True
3837,191,17,0.392164894687,False,0.057433346245,True,-0.056658280417,-0.08455933037360001,-0.0271259841286,True
3838,191,18,0.00172153669379,True,0.054800060932,True,-0.0593638894575,-0.0865701475735,-0.0317700866415,True
3839,191,19,0.0445027523113,True,0.05567194161280001,True,-0.059291341658800005,-0.0864307698208,-0.030758828207999998,True
3840,192,0,17.3809342337,False,0.136684389475,False,-0.0436015253325,-0.113827043236,0.022857346239099997,False
3841,192,1,4.01267709711,False,0.106865716906,False,-0.0609921868184,-0.117313435444,-0.0104477185373,True
3842,192,2,5.2201193114699995,False,0.0913160971768,False,-0.051587054903300004,-0.0955305602182,-0.00421446304139,True
3843,192,3,0.0819164015889,True,0.0785394435357,True,-0.07333893378610001,-0.116336881524,-0.0377974379885,True
3844,192,4,0.019705126497400003,True,0.0737994769557,True,-0.0756034230982,-0.11350662191500001,-0.039707144959,True
3845,192,5,3.77006969977e-07,True,0.0702758604308,True,-0.0754027032885,-0.111370414541,-0.0410945541105,True
3846,192,6,0.00362673224529,True,0.0683737139417,True,-0.0725375713782,-0.105496026387,-0.0371223124455,True
3847,192,7,0.0032181105948400003,True,0.0640806927156,True,-0.060737803983699996,-0.0922705372349,-0.0281898445193,True
3848,192,8,0.0230229469766,True,0.06258073828840001,True,-0.06019034003769999,-0.0913698339911,-0.0287890957027,True
3849,192,9,0.146688932511,True,0.061633794051199994,True,-0.0581051938672,-0.0882821020164,-0.0266483079652,True
3850,192,10,4.08886061971e-05,True,0.060634960252400005,True,-0.06494129218259999,-0.0943928844407,-0.033757924188299995,True
3851,192,11,1.54434324229e-13,True,0.0595066314995,True,-0.0725089758619,-0.10293560046900001,-0.043428968969900006,True
3852,192,12,1.65108121705e-17,True,0.059547949910900004,True,-0.0719687184602,-0.102668426566,-0.0431204766548,True
3853,192,13,2.1076041959099998e-14,True,0.0572393001265,True,-0.0706939191262,-0.0989413783706,-0.0417020782441,True
3854,192,14,1.0010888665899999e-09,True,0.0574205384319,True,-0.07331124815619999,-0.102819465843,-0.0453989274111,True
3855,192,15,4.2624680151500005e-09,True,0.0576731933419,True,-0.0712327881732,-0.10047528783500001,-0.042802094493199994,True
3856,192,16,8.359861140829999e-21,True,0.0563739652592,True,-0.07565870828599999,-0.102810722709,-0.046436757449400005,True
3857,192,17,1.0658614593200001e-31,True,0.05619003963719999,True,-0.0822315195104,-0.11070280242200001,-0.054512762785300005,True
3858,192,18,9.588787559059999e-29,True,0.055477350377199995,True,-0.0837813649888,-0.111829392021,-0.0563520416438,True
3859,192,19,2.25788411039e-35,True,0.05682345159419999,True,-0.08448746412589998,-0.11267094853199999,-0.055847496937999994,True
3860,193,0,6.0967465514,False,0.141044485013,False,-0.0681087714258,-0.137055054308,0.00398943070558,False
3861,193,1,0.260986930289,True,0.103332524375,False,-0.0845445576575,-0.137216079013,-0.0338835546378,True
3862,193,2,0.172740416132,True,0.0887320715003,False,-0.0772468605705,-0.123078975655,-0.0343469041547,True
3863,193,3,0.00017848949533099995,True,0.0796899113268,True,-0.0822826116022,-0.119364661034,-0.0396747497076,True
3864,193,4,1.50845827034,False,0.07378125551539999,True,-0.0525089118185,-0.089966097012,-0.016184841496600003,True
3865,193,5,0.484253232534,False,0.0701219166828,True,-0.0604068665649,-0.0939274380228,-0.02380552134,True
3866,193,6,0.355848926086,False,0.06667714445799999,True,-0.052059112222499995,-0.08667655397710002,-0.0199994095191,True
3867,193,7,0.39611758847499995,False,0.0668660968226,True,-0.0572181263712,-0.08933976720280001,-0.022473670380199998,True
3868,193,8,0.160002499924,True,0.06361297096919999,True,-0.057818640184899996,-0.08756842198249999,-0.0239554510134,True
3869,193,9,0.0188197862264,True,0.0605321543094,True,-0.0604943646867,-0.0919182402287,-0.0313860859193,True
3870,193,10,0.052375331669,True,0.060219077353499996,True,-0.059485199452,-0.08946110334110001,-0.0292420259875,True
3871,193,11,0.000274259900989,True,0.0579504910166,True,-0.0613091577592,-0.0919680909571,-0.0340175999405,True
3872,193,12,0.00048260461193300007,True,0.059469314503800004,True,-0.0645866723846,-0.09321389935910002,-0.0337445848553,True
3873,193,13,1.27182560748e-05,True,0.0586914180241,True,-0.07209682412269999,-0.10231636378699999,-0.04362494576280001,True
3874,193,14,2.0637410942400003e-08,True,0.0555897034552,True,-0.0722578059497,-0.100568859055,-0.0449791556002,True
3875,193,15,7.99973468028e-11,True,0.056490738338599994,True,-0.06986312783589999,-0.09888624486330001,-0.0423955065247,True
3876,193,16,9.55381942258e-23,True,0.0573172356014,True,-0.0764528852994,-0.104456719098,-0.04713948349640001,True
3877,193,17,1.97303854388e-20,True,0.058436005432000004,True,-0.0770798139012,-0.109558903538,-0.0511228981058,True
3878,193,18,1.6641054227000001e-16,True,0.058074541675899996,True,-0.0815539794426,-0.109395834646,-0.05132129297040001,True
3879,193,19,3.4534374231e-39,True,0.055178396017399996,True,-0.0824800094745,-0.11029502688100001,-0.0551166308633,True
3880,194,0,22.6189794994,False,0.14039052785199999,False,-0.0326500252765,-0.106903379448,0.0334871484041,False
3881,194,1,0.0786671700167,True,0.10470041256000001,False,-0.0890840398558,-0.139404738154,-0.034704325594,True
3882,194,2,0.269096887124,True,0.0904156336283,False,-0.07709124680210001,-0.122027850655,-0.0316122170271,True
3883,194,3,0.13056915024000001,True,0.0800940190096,False,-0.0716935179472,-0.109293229323,-0.0291992103136,True
3884,194,4,0.516074096065,False,0.0753852738633,True,-0.05955347857530001,-0.09726131795810002,-0.0218760440948,True
3885,194,5,1.57093962394,False,0.06914493072860001,True,-0.0526405993932,-0.0897034171847,-0.020558486456,True
3886,194,6,0.7061089135680001,False,0.066328358905,True,-0.0515792301885,-0.0854412343114,-0.019112875406400002,True
3887,194,7,1.02606621514,False,0.06554966960799999,True,-0.050746441391400006,-0.0847155631993,-0.019165893591200002,True
3888,194,8,0.851345599139,False,0.062740984045,True,-0.0496381747861,-0.0789095113666,-0.016168527321600002,True
3889,194,9,0.308101732144,True,0.0593945423962,True,-0.050908818393900004,-0.0803781517671,-0.020983609370900002,True
3890,194,10,0.234433664342,True,0.0595845834193,True,-0.0497297848558,-0.0799852212952,-0.0204006378759,True
3891,194,11,0.628583173421,False,0.0596689804438,True,-0.049313396060499996,-0.078702957155,-0.0190339767113,True
3892,194,12,0.908316809281,False,0.0580296513964,True,-0.0454608693619,-0.0759368676514,-0.017907216255,True
3893,194,13,1.20337632123,False,0.0594866925081,True,-0.0445167656772,-0.0746402293842,-0.015153536876100002,True
3894,194,14,1.06838167294,False,0.05929465636519999,True,-0.0451118359071,-0.0753744718239,-0.0160798154587,True
3895,194,15,0.162657709717,True,0.056641350957699996,True,-0.0514857799687,-0.0801595778506,-0.0235182268929,True
3896,194,16,0.468573859975,False,0.058728973167300004,True,-0.0482213774756,-0.07750826701230001,-0.018779293845,True
3897,194,17,0.332980244738,True,0.057406041888499994,True,-0.0461536088643,-0.0739685119216,-0.0165624700332,True
3898,194,18,0.817274656822,False,0.0583915558641,True,-0.04601165915680001,-0.0761063935927,-0.0177148377286,True
3899,194,19,0.895957915581,False,0.055214486949199997,True,-0.045222681414599994,-0.0728893913969,-0.0176749044478,True
3900,195,0,34.163412736,False,0.143487381129,False,-0.0013132503317499998,-0.0706724013947,0.072814979734,False
3901,195,1,43.5881627415,False,0.10657769906600001,False,-0.00980056291909,-0.0631034727355,0.04347422633069999,False
3902,195,2,45.6151696005,False,0.08762704406239999,False,-0.0129991362243,-0.0578966384396,0.029730405622799997,False
3903,195,3,6.7828256295700005,False,0.07901819811369999,True,-0.0429649946873,-0.0825348194757,-0.00351662136199,True
3904,195,4,1.81390384271,False,0.0733529629968,True,-0.050687158472800004,-0.0868154685069,-0.0134625055101,True
3905,195,5,4.2129689084,False,0.0690408173773,True,-0.0426361490439,-0.0757648434787,-0.006724026101470001,True
3906,195,6,10.0951290698,False,0.06785230789919999,True,-0.0343434994291,-0.0693393438932,-0.00148703599403,True
3907,195,7,39.230415594600004,False,0.0655293407466,True,-0.0206071832826,-0.0557355593026,0.00979378144394,False
3908,195,8,19.6221197046,False,0.0629254492512,True,-0.027584776227,-0.05978093490590001,0.0031445143452700003,False
3909,195,9,17.3368362123,False,0.060135748366,True,-0.0283326350459,-0.058486434605,0.0016493137610200002,False
3910,195,10,16.6108370371,False,0.0581055961871,True,-0.027617757223099997,-0.055685323940399996,0.00242027224666,False
3911,195,11,3.46747466275,False,0.0583487416483,True,-0.0371661949719,-0.0661081398941,-0.00775939824576,True
3912,195,12,9.035593846360001,False,0.059082400840800006,True,-0.0315785400097,-0.0618496395092,-0.00276723866846,True
3913,195,13,1.5794526988799997,False,0.05757159474330001,True,-0.0422738706408,-0.070038601518,-0.012467006774799998,True
3914,195,14,1.1436730483700002,False,0.0594892181121,True,-0.0440260907632,-0.0731334884199,-0.013644270307799999,True
3915,195,15,1.0647989125200001,False,0.0583813118484,True,-0.043055413711599995,-0.07178292654469999,-0.0134016146963,True
3916,195,16,0.472370344371,False,0.055664249466199994,True,-0.0455628917391,-0.0732559364728,-0.0175916870066,True
3917,195,17,1.03962600826,False,0.0570505783758,True,-0.0437884492114,-0.070533084772,-0.0134825063962,True
3918,195,18,0.518642124014,False,0.056952821186100004,True,-0.0466886406149,-0.0749059606295,-0.0179531394434,True
3919,195,19,0.0471651364029,True,0.0562285919797,True,-0.048792824468099995,-0.07849468640089999,-0.022266094421200002,True
3920,196,0,2.85320231575,False,0.14463239291899999,False,-0.0801992484277,-0.15546203236,-0.010829639440600001,True
3921,196,1,18.1722898049,False,0.106458155229,False,-0.0368856221548,-0.08933266765249999,0.017125487576899998,False
3922,196,2,1.58228083795,False,0.08879944862910001,False,-0.0602062436047,-0.103706459384,-0.014907010754499999,True
3923,196,3,2.1696553787,False,0.0821476761434,False,-0.055232185046699994,-0.0980816544331,-0.0159339782897,True
3924,196,4,0.342736185939,False,0.07915759495710001,True,-0.0669013861809,-0.107101881927,-0.0279442869696,True
3925,196,5,0.0533321019896,True,0.07065247432300001,True,-0.0665361773255,-0.103784984226,-0.0331325099034,True
3926,196,6,0.00043958795017099995,True,0.0668227953993,True,-0.0781849194889,-0.112020135766,-0.0451973403663,True
3927,196,7,1.2613921514000001e-05,True,0.0658669038277,True,-0.0775475247226,-0.10908104385,-0.043214140021800004,True
3928,196,8,3.84732232473e-11,True,0.0636092923384,True,-0.0803555201876,-0.11143170930299999,-0.0478224169645,True
3929,196,9,1.95577602416e-12,True,0.0644391496243,True,-0.0780259106921,-0.11071433846699999,-0.046275188843,True
3930,196,10,1.1218689089e-20,True,0.0610639508313,True,-0.0818053192855,-0.111377747404,-0.050313796572900006,True
3931,196,11,1.48818958978e-16,True,0.0609902030151,True,-0.076263318902,-0.10797816286800001,-0.0469879598533,True
3932,196,12,3.5495856448e-29,True,0.0596508213203,True,-0.0845749700478,-0.11583964288200001,-0.0561888215615,True
3933,196,13,7.633464969679999e-36,True,0.0552182515982,True,-0.0827783427404,-0.109885632861,-0.0546673812629,True
3934,196,14,3.92940704447e-40,True,0.0588001902711,True,-0.09362835990139999,-0.12093264033199999,-0.06213245006109999,True
3935,196,15,7.25931527988e-38,True,0.0571256572759,True,-0.09332032405919999,-0.122563486014,-0.06543782873790001,True
3936,196,16,1.5752761610799995e-64,True,0.0556215094978,True,-0.0982286398021,-0.125759081015,-0.0701375715168,True
3937,196,17,1.9354110223799997e-66,True,0.05670990590990001,True,-0.0980632819617,-0.12666210875199999,-0.0699522028423,True
3938,196,18,9.654716015769998e-70,True,0.056335035711,True,-0.0959978045733,-0.12266600433000001,-0.0663309686193,True
3939,196,19,1.9965833999699997e-83,True,0.05638534357999999,True,-0.10244672228599999,-0.130226636478,-0.0738412928978,True
3940,197,0,17.7584528235,False,0.139605949957,False,-0.0434086479848,-0.109630445758,0.029975504198599998,False
3941,197,1,27.0145860382,False,0.104494817706,False,-0.0275508448202,-0.0801140756151,0.024380742090599997,False
3942,197,2,14.4550565491,False,0.0893222013169,False,-0.0382776193176,-0.08160130672119999,0.007720894595720001,False
3943,197,3,10.5662343643,False,0.07968841657,True,-0.0390217949757,-0.0772184029555,0.0024700136145,False
3944,197,4,6.705167285930001,False,0.0729162077355,True,-0.0410745297364,-0.0784869563952,-0.00557074865968,True
3945,197,5,6.66675752511,False,0.0697876397029,True,-0.0393306910407,-0.0756246737548,-0.0058370340518999995,True
3946,197,6,5.39764992542,False,0.0673423666741,True,-0.038651652802199996,-0.07204608971689999,-0.00470372304276,True
3947,197,7,3.54857687144,False,0.06584905175769999,True,-0.0419566035802,-0.0749366831417,-0.00908763138391,True
3948,197,8,2.39317761839,False,0.0624872059194,True,-0.043655916789,-0.0741454585306,-0.011658252611200001,True
3949,197,9,0.452430835328,False,0.0634495004366,True,-0.0535354635757,-0.0838703697248,-0.0204208692882,True
3950,197,10,0.0017372086199100001,True,0.06288236778919999,True,-0.05883895802130001,-0.0926373142997,-0.029754946510400004,True
3951,197,11,0.24884393035500002,True,0.06049732773080001,True,-0.054780535374300006,-0.08528194276699999,-0.0247846150362,True
3952,197,12,0.15297242399,True,0.0580970347235,True,-0.0544898350258,-0.0828110912285,-0.024714056504900005,True
3953,197,13,0.11210016953299999,True,0.0578215720638,True,-0.05969016686630001,-0.08815320527210001,-0.030331633208400002,True
3954,197,14,0.00117551426065,True,0.059398852292999994,True,-0.0642314047339,-0.09500664678489999,-0.0356077944919,True
3955,197,15,2.90743223873e-10,True,0.058228279577900006,True,-0.0680716240345,-0.0956680802289,-0.037439800651,True
3956,197,16,6.64224860081e-14,True,0.057508576995,True,-0.071862805361,-0.100227681929,-0.0427191049335,True
3957,197,17,5.34863768136e-21,True,0.055022619128599994,True,-0.08260278871660001,-0.10857258179700001,-0.0535499626681,True
3958,197,18,2.0843210300599997e-34,True,0.0549348032972,True,-0.08196368466189999,-0.10982272626499999,-0.054887922967800006,True
3959,197,19,1.0941565017899999e-32,True,0.056338878654300005,True,-0.08558284787039999,-0.11455402723,-0.0582151485759,True
3960,198,0,16.7482225244,False,0.137085800531,False,-0.042113440731600005,-0.108642833433,0.0284429670981,False
3961,198,1,10.3486752447,False,0.10226353573,False,-0.04631022950830001,-0.0983913297693,0.00387220596052,False
3962,198,2,10.9587609099,False,0.0854623685833,False,-0.0395875429271,-0.082508747894,0.00295362068933,False
3963,198,3,14.1115139758,False,0.07895091080330001,True,-0.0368087002385,-0.0763771584078,0.00257375239545,False
3964,198,4,39.2572251748,False,0.0726568555992,True,-0.0192217792165,-0.0569063075384,0.0157505480608,False
3965,198,5,39.6811659787,False,0.069429267671,True,-0.020361745573499998,-0.0528286461076,0.0166006215633,False
3966,198,6,17.4990941689,False,0.0678111906818,True,-0.0286824928511,-0.063367535287,0.00444365539483,False
3967,198,7,5.17408772003,False,0.0638814621518,True,-0.0378915562627,-0.06997303916589999,-0.00609157701409,True
3968,198,8,6.16511501237,False,0.06374951014119999,True,-0.0380459382899,-0.0717085637108,-0.00795905356965,True
3969,198,9,7.03678709666,False,0.0625966954321,True,-0.0352988897969,-0.0659378273827,-0.0033411319505700005,True
3970,198,10,5.940032735830001,False,0.0607272093645,True,-0.0369326879024,-0.0661119307138,-0.00538472134934,True
3971,198,11,4.74982099166,False,0.058147466867300004,True,-0.0351505634114,-0.0641201114063,-0.005972644539,True
3972,198,12,1.75736234413,False,0.0606083045256,True,-0.04301482643619999,-0.072273958863,-0.0116656543374,True
3973,198,13,1.67266935882,False,0.0615821582109,True,-0.04505611281309999,-0.07594166071710001,-0.0143595025062,True
3974,198,14,0.743780655907,False,0.057376551972699995,True,-0.0467780852032,-0.0743365932557,-0.0169600412831,True
3975,198,15,0.192256046231,True,0.0568462685706,True,-0.0505649665646,-0.07899431401200001,-0.022148045441400005,True
3976,198,16,0.5496059497029999,False,0.0563244462004,True,-0.04977832871519999,-0.0778860775063,-0.0215616313059,True
3977,198,17,0.17031105761799997,True,0.0565312472798,True,-0.051722704118800006,-0.0799510458302,-0.023419798550400002,True
3978,198,18,0.0232683656333,True,0.055042211042300004,True,-0.05441941985859999,-0.08201853029930001,-0.026976319257,True
3979,198,19,0.00810297508347,True,0.0569655084905,True,-0.0557652624008,-0.08375217516269999,-0.026786666672099998,True
3980,199,0,33.301146413400005,False,0.142216728692,False,-0.008289412529770002,-0.08136354932039999,0.060853179371300005,False
3981,199,1,8.232180521910001,False,0.103643849451,False,-0.050410913793,-0.102452041759,0.0011918076926600001,False
3982,199,2,5.59955696385,False,0.0882228781463,False,-0.0491848135659,-0.0909937613088,-0.00277088316254,True
3983,199,3,1.9186807161400001,False,0.0790718874488,True,-0.055611736802199996,-0.0935026481387,-0.0144307606898,True
3984,199,4,1.27234752074,False,0.07206979132880001,True,-0.0526267319496,-0.0892158351085,-0.0171460437797,True
3985,199,5,0.217026913033,True,0.0698915003645,True,-0.0611502214337,-0.09483848232830001,-0.024946981963700002,True
3986,199,6,0.11460694310599999,True,0.0682098641416,True,-0.0622186499512,-0.0961135027121,-0.027903638570500003,True
3987,199,7,0.158093851708,True,0.0651132750526,True,-0.0577547770465,-0.09103237804780001,-0.025919102995199998,True
3988,199,8,0.0957434052369,True,0.06392875660109999,True,-0.0556516862985,-0.08654473203939998,-0.022615975438299997,True
3989,199,9,0.147078215396,True,0.0620580755266,True,-0.0598321420967,-0.09247838792749999,-0.0304203124009,True
3990,199,10,6.47598886255e-06,True,0.0605560080803,True,-0.06827481995569999,-0.0987259118482,-0.0381699037679,True
3991,199,11,0.000478373220758,True,0.058484304781599994,True,-0.0614802266426,-0.0891424196455,-0.030658114863900004,True
3992,199,12,0.110089500768,True,0.05807421955630001,True,-0.0531768783672,-0.08112148766039999,-0.0230472681041,True
3993,199,13,0.42142776679,False,0.0608160042195,True,-0.0523127805595,-0.08405633350569999,-0.0232403292862,True
3994,199,14,1.3670453307100001,False,0.0586505889893,True,-0.046500228091000004,-0.07676205690230001,-0.0181114679129,True
3995,199,15,1.85561851384,False,0.0570882116622,True,-0.042157592226,-0.0704124964017,-0.0133242847395,True
3996,199,16,1.02766664623,False,0.0570363634279,True,-0.0447075354072,-0.073855718091,-0.0168193546631,True
3997,199,17,0.272008067101,True,0.0562561906238,True,-0.0492588836809,-0.07764949137010001,-0.021393300746299998,True
3998,199,18,0.11465852355100001,True,0.0576417844464,True,-0.0488647041751,-0.0799366758162,-0.0222948913698,True
3999,199,19,0.419554937809,False,0.0558687406672,True,-0.0475210759343,-0.07582064029010001,-0.0199518996229,True
4000,200,0,0.727798667189,False,0.141924619508,False,-0.103111111443,-0.177273955669,-0.03534933616080001,True
4001,200,1,1.04913646616,False,0.100132785805,False,-0.07248640142460001,-0.123140024712,-0.023007238906700003,True
4002,200,2,0.339053049417,False,0.0901362040976,False,-0.0767064003823,-0.12460349377,-0.034467289671999995,True
4003,200,3,0.418141831505,False,0.0796866255702,True,-0.0636435026485,-0.10439746936899999,-0.0247108437983,True
4004,200,4,0.10182352806,True,0.075298119534,True,-0.0716442374717,-0.109115320899,-0.0338172013645,True
4005,200,5,0.545447965859,False,0.0705613016164,True,-0.061163628863199995,-0.09750174406829999,-0.026940442451900002,True
4006,200,6,0.0251308223366,True,0.068420014728,True,-0.0702390805902,-0.103002368254,-0.0345823535263,True
4007,200,7,8.18890967051e-05,True,0.067061112387,True,-0.0713697481329,-0.103678329134,-0.036617216746699995,True
4008,200,8,7.149244890029999e-15,True,0.062304670943999996,True,-0.0734277804083,-0.105781762663,-0.0434770917186,True
4009,200,9,9.89717501519e-12,True,0.0586315097531,True,-0.0757191700027,-0.10511932831599999,-0.046487818562599995,True
4010,200,10,1.80385381601e-05,True,0.061192915958400006,True,-0.0637346393961,-0.095897447655,-0.0347045316966,True
4011,200,11,0.08633696301439998,True,0.0596069384095,True,-0.064470191319,-0.0951605383374,-0.035553599928,True
4012,200,12,0.000749588229553,True,0.0572368812186,True,-0.0593597153114,-0.0871503410908,-0.0299134598723,True
4013,200,13,0.00258972411343,True,0.0590677211244,True,-0.061027768001300005,-0.0911487312414,-0.032081010117,True
4014,200,14,5.25240357792e-05,True,0.05589843615619999,True,-0.0649002884165,-0.0929915739545,-0.0370931377983,True
4015,200,15,7.083817463889999e-10,True,0.056887889093300004,True,-0.0664293729219,-0.0965713894025,-0.039683500309199995,True
4016,200,16,1.88536050834e-13,True,0.057800765024499996,True,-0.0688342964167,-0.0973455651478,-0.0395448001233,True
4017,200,17,1.10171056341e-11,True,0.056864760641199996,True,-0.07235167706330001,-0.0997770080693,-0.0429122474281,True
4018,200,18,1.72618056015e-17,True,0.055863754836,True,-0.07397480278310001,-0.101097249583,-0.0452334947468,True
4019,200,19,1.0431909592999999e-30,True,0.056485744293,True,-0.0809098705704,-0.108205564215,-0.0517198199225,True
4020,201,0,4.83090837812,False,0.141987779308,False,-0.07351878195230001,-0.14570751724300002,-0.00371973793497,True
4021,201,1,1.3713952282799997,False,0.10615891799499999,False,-0.0744571554163,-0.126435706625,-0.0202767886299,True
4022,201,2,0.634728852521,False,0.0897058517907,False,-0.06832776399360001,-0.113302123962,-0.023596272171400003,True
4023,201,3,0.10870173642799999,True,0.0810363392964,False,-0.07149566924930001,-0.11009195419199999,-0.029055614895599997,True
4024,201,4,0.121431927629,True,0.07379073301360001,True,-0.0704719448309,-0.10635487054500001,-0.0325641375311,True
4025,201,5,0.000329872456346,True,0.0722633379558,True,-0.07194527262730001,-0.109087461394,-0.0368241234382,True
4026,201,6,0.134561828095,True,0.0685637322889,True,-0.0702312555244,-0.10513640227,-0.0365726699813,True
4027,201,7,6.15227150646e-05,True,0.06544924814450001,True,-0.07019754112530001,-0.10181566113900001,-0.036366412994300004,True
4028,201,8,1.31176201479e-06,True,0.0623488641363,True,-0.0758373616125,-0.10721833479800001,-0.044869470661899995,True
4029,201,9,5.05085157742e-12,True,0.0616889969026,True,-0.0744562749222,-0.10416636475199999,-0.0424773678494,True
4030,201,10,1.56570324611e-09,True,0.0622613169715,True,-0.07206990542519999,-0.102358131426,-0.0400968144545,True
4031,201,11,9.56366231629e-14,True,0.05890738352080001,True,-0.0734981013815,-0.10241300397,-0.0435056204489,True
4032,201,12,2.85419772696e-05,True,0.0597852778872,True,-0.0683595600312,-0.0978685495005,-0.03808327161319999,True
4033,201,13,0.00705660978879,True,0.0582993022214,True,-0.0649181827169,-0.093746528323,-0.0354472261016,True
4034,201,14,0.0804266973107,True,0.057997885889400004,True,-0.0549549090209,-0.08438369439750001,-0.026385808508,True
4035,201,15,0.226673865533,True,0.0576157600876,True,-0.0552329604897,-0.0846040456213,-0.0269882855336,True
4036,201,16,0.006289561578789999,True,0.057883717615900006,True,-0.0558181760958,-0.08523055986120001,-0.027346842245200002,True
4037,201,17,0.0971835450563,True,0.057126689502,True,-0.05334040598669999,-0.0805324677722,-0.0234057782703,True
4038,201,18,0.023299736783500002,True,0.0569989831315,True,-0.060314936513199996,-0.08854403192549999,-0.031545048794,True
4039,201,19,0.0126514640341,True,0.058048302524800005,True,-0.06589507911730001,-0.09411229313729999,-0.0360639906125,True
4040,202,0,4.50296260879,False,0.14675865486099998,False,-0.07743576051199999,-0.147084032515,-0.00032537765465799997,True
4041,202,1,3.6293949504400005,False,0.104452314363,False,-0.0619135037959,-0.114573658363,-0.010121344000000001,True
4042,202,2,2.36199156623,False,0.08982274026130001,False,-0.0582258478715,-0.103530978434,-0.013708238172799998,True
4043,202,3,1.0430903033399999,False,0.0797331122907,True,-0.061886858410300005,-0.10440792011399999,-0.024674807823,True
4044,202,4,0.100642174811,True,0.0728139185372,True,-0.0601174894286,-0.09638414437510001,-0.023570225838000003,True
4045,202,5,1.21250437426,False,0.0689146745973,True,-0.05279037358850001,-0.0882210755922,-0.0193064009949,True
4046,202,6,6.1647631036199995,False,0.06906069914520001,True,-0.0395558601845,-0.0752159194455,-0.00615522030026,True
4047,202,7,2.8908041877099997,False,0.0661306011437,True,-0.04270908926030001,-0.0757276001518,-0.00959699900807,True
4048,202,8,0.7426784270739999,False,0.0652160900351,True,-0.0494131711894,-0.0809573205917,-0.0157412305566,True
4049,202,9,1.4814411732799997,False,0.0606501113981,True,-0.0492666594815,-0.0791781495207,-0.0185280381226,True
4050,202,10,0.028902544696299996,True,0.0599690526468,True,-0.055552533100300006,-0.0843655737409,-0.0243965210941,True
4051,202,11,0.558878522122,False,0.0591383385475,True,-0.0491573626896,-0.0790145548706,-0.019876216323099997,True
4052,202,12,0.508424894133,False,0.0587993673702,True,-0.051299577946699995,-0.0805469602879,-0.0217475929177,True
4053,202,13,0.119652005122,True,0.058422833440500005,True,-0.0533011620335,-0.0816333275352,-0.023210494094599996,True
4054,202,14,0.0441998466333,True,0.0577776209549,True,-0.0521656654743,-0.0808175151474,-0.023039894192499997,True
4055,202,15,0.0417217556624,True,0.0557232848277,True,-0.050643887265099996,-0.07661955267130001,-0.0208962678436,True
4056,202,16,0.186911377031,True,0.057345848841000004,True,-0.0512660951749,-0.0792188173775,-0.0218729685365,True
4057,202,17,0.39262350083400005,False,0.0559445347987,True,-0.050054826063400004,-0.0789388542905,-0.0229943194918,True
4058,202,18,0.0399117630836,True,0.0557113841011,True,-0.04862288504580001,-0.077455128029,-0.0217437439279,True
4059,202,19,0.235294678887,True,0.0557715100175,True,-0.0581225579604,-0.086201844061,-0.0304303340435,True
4060,203,0,4.278604280490001,False,0.1401771723,False,-0.0758793914067,-0.143899772836,-0.0037226005360100007,True
4061,203,1,11.4405628422,False,0.105176166383,False,-0.0442534309305,-0.09649344628720001,0.00868272009553,False
4062,203,2,16.0633117318,False,0.08893796403139999,False,-0.0377170383558,-0.08154577642739999,0.007392187604,False
4063,203,3,5.92266926245,False,0.07892195924060001,True,-0.0448582229557,-0.0842191858535,-0.00529722661289,True
4064,203,4,3.00969109816,False,0.0755019934955,True,-0.049531965764699995,-0.087225415828,-0.0117234223325,True
4065,203,5,1.09916600151,False,0.0714342807555,True,-0.0509468393977,-0.0867464694703,-0.0153121887148,True
4066,203,6,0.136095498087,True,0.0673584916042,True,-0.056983945852800005,-0.089277858429,-0.0219193668248,True
4067,203,7,0.29750909834600003,True,0.0646672315307,True,-0.058550311551900006,-0.09199538529510001,-0.027328153764400002,True
4068,203,8,0.05444861451000001,True,0.0642422404815,True,-0.057900481232699995,-0.0883330157718,-0.024090775290299998,True
4069,203,9,0.165950747098,True,0.0609822942791,True,-0.058640609694600006,-0.08810884316369999,-0.0271265488846,True
4070,203,10,0.0836336381948,True,0.060073370217399995,True,-0.06119319080919999,-0.0929536540705,-0.0328802838532,True
4071,203,11,0.025217604679700002,True,0.0580710152501,True,-0.0620600925474,-0.0917538576085,-0.0336828423584,True
4072,203,12,0.00470678692557,True,0.05864736996730001,True,-0.0662280690064,-0.0938587132215,-0.035211343254300004,True
4073,203,13,2.44894446608e-07,True,0.05872976806,True,-0.0648609919804,-0.09431167043230002,-0.0355819023723,True
4074,203,14,1.35419918382e-08,True,0.05502973491330001,True,-0.064988173155,-0.0912512922893,-0.036221557376,True
4075,203,15,5.21473521067e-05,True,0.0554905386364,True,-0.0720227247078,-0.100778632279,-0.0452880936424,True
4076,203,16,9.65681496796e-15,True,0.05569836050430001,True,-0.06997738901060001,-0.0980303270302,-0.0423319665259,True
4077,203,17,8.795400019860001e-13,True,0.0581294634956,True,-0.0761035967722,-0.10496205872000001,-0.046832595224900006,True
4078,203,18,2.45650141641e-17,True,0.0566425620259,True,-0.072748950935,-0.10083445226700001,-0.044191890240799996,True
4079,203,19,1.74176833997e-17,True,0.0566670860718,True,-0.0760597179629,-0.106147091702,-0.0494800056307,True
4080,204,0,19.199982438800003,False,0.140755738385,False,-0.0403863854578,-0.113320731807,0.0274350065778,False
4081,204,1,30.817864986900002,False,0.104619587092,False,-0.025248285345900002,-0.0752700219199,0.029349565172299998,False
4082,204,2,23.38711223,False,0.0892182234503,False,-0.0315530425039,-0.0755426211738,0.0136756022765,False
4083,204,3,5.8649620625,False,0.0798416693305,True,-0.044658304118900004,-0.0827212999548,-0.0028796306242600002,True
4084,204,4,0.469721739565,False,0.0734039739002,True,-0.060988510356900005,-0.09633777789110001,-0.0229338039909,True
4085,204,5,0.605294550224,False,0.0693015652466,True,-0.0593825984104,-0.0945552380051,-0.0252536727585,True
4086,204,6,0.150595212993,True,0.06578225456230001,True,-0.05950027599669999,-0.0937314622968,-0.027949207734500003,True
4087,204,7,0.226411287297,True,0.0630060368877,True,-0.06053283832859999,-0.09227876792439998,-0.0292727310367,True
4088,204,8,0.286484828331,True,0.0624460432707,True,-0.0613113439176,-0.09187570728830001,-0.0294296640176,True
4089,204,9,0.00220068763221,True,0.0607519390541,True,-0.0695711598637,-0.100283981383,-0.0395320423285,True
4090,204,10,8.33166837695e-09,True,0.06278749008909999,True,-0.07486949949249999,-0.104367306356,-0.0415798162671,True
4091,204,11,3.51999989482e-24,True,0.0610596972128,True,-0.0776891819854,-0.10804598980699999,-0.046986292594699997,True
4092,204,12,5.27323707532e-09,True,0.05985823997069999,True,-0.0716298377426,-0.101154714852,-0.0412964748811,True
4093,204,13,1.1113476748899999e-19,True,0.0585796351647,True,-0.072553466952,-0.10153936274,-0.04295972757540001,True
4094,204,14,3.7749921645e-19,True,0.056082281164699994,True,-0.07571041919180001,-0.105122641261,-0.04904036009669999,True
4095,204,15,3.19312853298e-29,True,0.0564386594244,True,-0.07688357209680001,-0.105307634111,-0.04886897468669999,True
4096,204,16,8.48818134081e-31,True,0.056844498222,True,-0.08403305306730001,-0.112025619584,-0.055181121361800006,True
4097,204,17,1.5346498434599997e-55,True,0.056713608516499994,True,-0.0873187072104,-0.11565046754000001,-0.05893685902319999,True
4098,204,18,1.86548544644e-30,True,0.058092711067199994,True,-0.08948102532739999,-0.121092399179,-0.0629996881119,True
4099,204,19,5.5143029835800005e-18,True,0.055919700944,True,-0.0842643298204,-0.111324270607,-0.055404569663,True
4100,205,0,1.69444676394,False,0.140575003777,False,-0.0900533125991,-0.165743935366,-0.025168931589,True
4101,205,1,3.3973631103099997,False,0.10037012248400001,False,-0.062514843186,-0.11209204277200001,-0.0117219202881,True
4102,205,2,0.960448088219,False,0.088527855569,False,-0.0672136829371,-0.112326304046,-0.023798448477199998,True
4103,205,3,5.8882409201699994,False,0.07808470291780001,True,-0.045549671813699996,-0.0830854306399,-0.00500072772204,True
4104,205,4,0.309611615699,True,0.0702391984707,True,-0.05653502167859999,-0.0918894807458,-0.021650282275099998,True
4105,205,5,0.167233226795,True,0.0701458900355,True,-0.060153145925000005,-0.0936327569227,-0.0234868668873,True
4106,205,6,0.130881638169,True,0.0666392626026,True,-0.0636088683356,-0.0997769813463,-0.0331377187437,True
4107,205,7,1.94482521898e-05,True,0.06387866931769999,True,-0.0679253513494,-0.0982035038919,-0.0343248345742,True
4108,205,8,0.18517230318,True,0.06308466238419999,True,-0.0617147370438,-0.0925961437437,-0.029511481359500002,True
4109,205,9,0.22446041375,True,0.0633388559787,True,-0.0609763858801,-0.09271202066639998,-0.0293731646877,True
4110,205,10,0.10606885324899999,True,0.060928272630199995,True,-0.0579389951809,-0.08946150816260001,-0.028533235532299996,True
4111,205,11,0.000202084726837,True,0.0597939105728,True,-0.0630591333894,-0.0948745266867,-0.0350806161139,True
4112,205,12,0.00496391940744,True,0.057928046325900005,True,-0.0544834384054,-0.0858647849678,-0.0279367386419,True
4113,205,13,0.47159975637400003,False,0.055853846196099996,True,-0.0493513777927,-0.07675552568749999,-0.0209016794915,True
4114,205,14,0.552651634289,False,0.0581728926406,True,-0.04834325943,-0.0777641845847,-0.019591291944099996,True
4115,205,15,0.29368698551600003,True,0.0582162679215,True,-0.049384435971499996,-0.0771754999169,-0.018959231995400002,True
4116,205,16,0.0404278935462,True,0.0580533980339,True,-0.057911292060199994,-0.0872670580605,-0.0292136600266,True
4117,205,17,5.2815525835699995e-14,True,0.0555128026005,True,-0.0686952354946,-0.0966905378569,-0.0411777352565,True
4118,205,18,4.64815639775e-14,True,0.0562268935052,True,-0.0680793336406,-0.0961774983753,-0.0399506048701,True
4119,205,19,2.6018897606599997e-13,True,0.0558255625401,True,-0.0703473854099,-0.0984269587945,-0.04260139625440001,True
4120,206,0,29.2844895277,False,0.143188781141,False,-0.0219868657295,-0.0971877825254,0.046000998615399996,False
4121,206,1,44.7124923077,False,0.10339229552899999,False,-0.00425232529537,-0.053023364309199995,0.05036893121949999,False
4122,206,2,10.2833465518,False,0.0885423653789,False,-0.042195241082600005,-0.0863583183958,0.00218404698304,False
4123,206,3,17.951500999300002,False,0.079803657751,True,-0.0317662180352,-0.07056350786,0.00924014989098,False
4124,206,4,3.75736750329,False,0.0728964685362,True,-0.0452462747173,-0.0810836210181,-0.00818715248188,True
4125,206,5,6.9614523757,False,0.0702803503502,True,-0.0395577200401,-0.07655854122519999,-0.00627819087498,True
4126,206,6,2.44706970594,False,0.0663330999366,True,-0.0443554419684,-0.0762512785781,-0.009918178641540001,True
4127,206,7,0.48216303911799996,False,0.0662472857793,True,-0.0534287878187,-0.08745862626360001,-0.021211340484299998,True
4128,206,8,1.9042774143099999,False,0.062615347869,True,-0.044428483601000004,-0.07715342676310001,-0.0145380788941,True
4129,206,9,1.1608036284299998,False,0.0613465295643,True,-0.0463597656761,-0.0781048074311,-0.0167582778668,True
4130,206,10,0.933553827934,False,0.059061940930699997,True,-0.047751001904899996,-0.0770465354517,-0.017984594521,True
4131,206,11,0.000172198024567,True,0.0584033992786,True,-0.0598825008978,-0.0888058714745,-0.030402472195900004,True
4132,206,12,0.0929278527633,True,0.0575078659465,True,-0.0589586503888,-0.08824031680060002,-0.030732450854099997,True
4133,206,13,0.192817825902,True,0.056635308388599995,True,-0.0520167283241,-0.0811479474468,-0.0245126390582,True
4134,206,14,0.545471736303,False,0.0565956582466,True,-0.0484469334887,-0.0756710111925,-0.0190753529459,True
4135,206,15,0.058089782933900005,True,0.057828898960699995,True,-0.0508613608674,-0.07809425329969999,-0.020265354339,True
4136,206,16,0.061410536853099995,True,0.0577140425997,True,-0.0594371496419,-0.0880620319923,-0.0303479893926,True
4137,206,17,4.95270951432e-05,True,0.0574793368265,True,-0.0585282180828,-0.0854448019851,-0.027965465158599996,True
4138,206,18,3.02429038867e-05,True,0.0565258410881,True,-0.0619676378855,-0.0896502918748,-0.033124450786700003,True
4139,206,19,0.0020632492107,True,0.0580181039556,True,-0.0579852099913,-0.08614105240530001,-0.0281229484497,True
4140,207,0,2.37306469901,False,0.142457672455,False,-0.08720303148469999,-0.158274211353,-0.0158165388986,True
4141,207,1,0.9311113304719999,False,0.103553794878,False,-0.0749693072985,-0.127219352762,-0.023665557884,True
4142,207,2,0.127060975963,True,0.09028507519860002,False,-0.0817766431913,-0.124077144191,-0.033792068992,True
4143,207,3,0.0225599305204,True,0.0802741770852,False,-0.0784357721158,-0.11857188001499999,-0.0382977029294,True
4144,207,4,0.520852637413,False,0.07078063556360001,True,-0.057299742821800004,-0.0942206039044,-0.023439968340799998,True
4145,207,5,0.18614027722600002,True,0.0717581368004,True,-0.0647453063037,-0.101199469519,-0.0294413327185,True
4146,207,6,0.0652264558458,True,0.0674196728242,True,-0.0673532723281,-0.0988320868892,-0.031412414065099994,True
4147,207,7,0.023956385417900003,True,0.0658474755918,True,-0.0654798581368,-0.0978637171369,-0.0320162415451,True
4148,207,8,0.0165758761476,True,0.0615467300211,True,-0.0646614529803,-0.0954825594431,-0.033935829422,True
4149,207,9,0.0230996668562,True,0.0623579856815,True,-0.0650654350846,-0.0952777410201,-0.0329197553386,True
4150,207,10,0.07342074550989999,True,0.061048877507600005,True,-0.067852003867,-0.09823578769460001,-0.037186910187,True
4151,207,11,1.75674608578e-07,True,0.0595643651365,True,-0.0625852872779,-0.0913652282487,-0.0318008631122,True
4152,207,12,7.759503186389999e-08,True,0.0607031324312,True,-0.0684512440276,-0.0989116625072,-0.038208530076,True
4153,207,13,0.00011970973020200001,True,0.0567974634319,True,-0.062393083088,-0.09150832877119999,-0.034710865339199995,True
4154,207,14,0.00622366056277,True,0.0581174593085,True,-0.059577759580100004,-0.08819938755239999,-0.0300819282439,True
4155,207,15,0.00918131073604,True,0.0575745685369,True,-0.0577041818473,-0.08729907837449999,-0.029724509837599996,True
4156,207,16,0.000111613342671,True,0.0564632154029,True,-0.06030874177730001,-0.0869559328407,-0.0304927174378,True
4157,207,17,0.000143767549206,True,0.0527707956089,True,-0.0618185039042,-0.088419863925,-0.0356490683161,True
4158,207,18,4.5975390586500004e-08,True,0.0568441306662,True,-0.06730246813400001,-0.0945011204502,-0.0376569897841,True
4159,207,19,0.0263966253578,True,0.056865106682900006,True,-0.0617916532809,-0.0899566646954,-0.0330915580126,True
4160,208,0,9.11202458929,False,0.147210798507,False,-0.060738793929399994,-0.132903952056,0.0143068464509,False
4161,208,1,3.60475713171,False,0.103245606921,False,-0.061691725601500005,-0.110704730016,-0.00745912309488,True
4162,208,2,1.1861033708700002,False,0.0866872389404,False,-0.062488487942300004,-0.101828432677,-0.0151411937369,True
4163,208,3,0.023697597718099997,True,0.08012598974889999,False,-0.0765142395074,-0.115209853226,-0.0350838634767,True
4164,208,4,0.0500279149345,True,0.07395735207219999,True,-0.069923125533,-0.105433417455,-0.031476065383200004,True
4165,208,5,0.23133563982500002,True,0.0686957053201,True,-0.0563829846184,-0.0898313679589,-0.0211356626388,True
4166,208,6,0.114073202138,True,0.066857752053,True,-0.0663652333121,-0.101707668045,-0.0348499159922,True
4167,208,7,0.40634819295100005,False,0.0642659013847,True,-0.0591008521368,-0.09111265271630001,-0.026846751331599996,True
4168,208,8,0.19195734577399998,True,0.0641142701999,True,-0.0525667301379,-0.0838751440791,-0.019760873879200003,True
4169,208,9,0.367474107955,False,0.0643467594934,True,-0.0536985478317,-0.0881444944767,-0.023797734983399998,True
4170,208,10,1.1303966522600002,False,0.058189003552099994,True,-0.0439861602568,-0.0725860470188,-0.014397043466700002,True
4171,208,11,0.28557497411800004,True,0.0577463610353,True,-0.0492519731727,-0.0786880643645,-0.0209417033291,True
4172,208,12,0.00465887895208,True,0.0588673137556,True,-0.05523294578369999,-0.08338903364589999,-0.024521719890299998,True
4173,208,13,0.351260274145,False,0.0613026276054,True,-0.0538670663784,-0.0841785547783,-0.0228759271729,True
4174,208,14,1.21360868521e-06,True,0.0573105005746,True,-0.0644019483268,-0.0928782481097,-0.035567747535099996,True
4175,208,15,9.21169556552e-07,True,0.0574100695335,True,-0.0612983078624,-0.08828532570480001,-0.030875256171200002,True
4176,208,16,2.62504153005e-06,True,0.0565681429397,True,-0.060332563353900005,-0.08982186896859999,-0.033253726028900005,True
4177,208,17,0.163411737286,True,0.0583494945625,True,-0.0610461503086,-0.0902388165376,-0.0318893219751,True
4178,208,18,0.011717532682199999,True,0.0563542308431,True,-0.0624765618894,-0.0905946585011,-0.034240427658,True
4179,208,19,6.41214731199e-07,True,0.0553461038913,True,-0.0656012586236,-0.09288677085729999,-0.037540666966,True
4180,209,0,31.8726683314,False,0.143349469579,False,-0.0144399609509,-0.0873716924849,0.0559777770945,False
4181,209,1,6.86849935135,False,0.107255121871,False,-0.05446738934169999,-0.107775898192,-0.000520776321042,True
4182,209,2,23.197641318800002,False,0.08802153366360001,False,-0.0304569451934,-0.0759632528027,0.012058280860899998,False
4183,209,3,11.321677624100001,False,0.0802172426416,False,-0.0374080996945,-0.0791992765872,0.00101796605446,False
4184,209,4,26.306885044,False,0.0741830047975,True,-0.0266693965904,-0.063371275819,0.010811728978500001,False
4185,209,5,9.04155390807,False,0.07155409552519999,True,-0.0360376766896,-0.07170594236819999,-0.000151846842996,True
4186,209,6,7.901316854339999,False,0.0676880453535,True,-0.0362723991862,-0.0721702698025,-0.00448222444896,True
4187,209,7,5.17406859059,False,0.06293657940769999,True,-0.037907198450800005,-0.0705105413007,-0.007573961893,True
4188,209,8,2.77177055329,False,0.062321832698,True,-0.0428862142066,-0.0756927401061,-0.013370907408100001,True
4189,209,9,1.04606201109,False,0.06262038049049999,True,-0.048098325359500003,-0.078155504574,-0.015535124083399998,True
4190,209,10,0.360184282449,False,0.06000173958169999,True,-0.05060401017030001,-0.07990027581939999,-0.019898536237700003,True
4191,209,11,1.63880508571,False,0.061839049735699994,True,-0.0451264184728,-0.076446701348,-0.0146076516123,True
4192,209,12,3.48574165436e-05,True,0.0577134357854,True,-0.0538158736296,-0.0833901166719,-0.0256766808865,True
4193,209,13,0.31146724435,True,0.0599717180212,True,-0.052029942680599996,-0.081765157293,-0.0217934392718,True
4194,209,14,0.737697139507,False,0.056579919212499996,True,-0.046573739016199996,-0.0745546055569,-0.0179746863444,True
4195,209,15,0.500136684968,False,0.0560555841015,True,-0.047810087270300006,-0.0739364734342,-0.0178808893327,True
4196,209,16,0.364673322738,False,0.0565292297346,True,-0.049088233795099995,-0.07742740280439998,-0.020898173069799998,True
4197,209,17,0.46913384446199996,False,0.0585064312952,True,-0.0503953083512,-0.08054853131510001,-0.022042100019900004,True
4198,209,18,0.267968356646,True,0.0554773183427,True,-0.050802554255499996,-0.0762373386559,-0.0207600203132,True
4199,209,19,0.04216886829390001,True,0.055669810229,True,-0.053376471328999996,-0.08256657054260001,-0.0268967603136,True
4200,210,0,8.7439335126,False,0.143387343053,False,-0.059850625136,-0.126838422015,0.0165489210375,False
4201,210,1,25.8451454213,False,0.10673075693499999,False,-0.0300047942196,-0.08312732290989999,0.023603434025099998,False
4202,210,2,9.126096000599999,False,0.08799899012589998,False,-0.0440274621614,-0.089485785365,-0.0014867952390800001,True
4203,210,3,7.44158977977,False,0.0840864843901,False,-0.0436020032835,-0.0865741393987,-0.00248765500855,True
4204,210,4,8.35415623471,False,0.07609514298589999,True,-0.0392072977639,-0.0770692891461,-0.0009741461601729999,True
4205,210,5,31.0330303414,False,0.0721094724393,True,-0.0234655498496,-0.0604781383978,0.011631334041500001,False
4206,210,6,49.338335790100004,False,0.06763789486930001,True,-0.014975781568400001,-0.0486216396734,0.0190162551959,False
4207,210,7,50.75014736600001,False,0.0662260134189,True,-0.0131399265525,-0.045123678011,0.0211023354079,False
4208,210,8,35.755737510900005,False,0.06392669897009999,True,-0.0204542873634,-0.0542128516175,0.00971384735263,False
4209,210,9,43.5855775708,False,0.0597781485136,True,-0.0176614835092,-0.0461003314219,0.0136778170918,False
4210,210,10,9.9412617399,False,0.0598285998155,True,-0.0317704640255,-0.06084131568559999,-0.00101271587015,True
4211,210,11,7.10783625166,False,0.0598823208915,True,-0.0339269300126,-0.0637715766697,-0.0038892557782,True
4212,210,12,8.975832676960001,False,0.0610538330783,True,-0.033054356636799995,-0.0630686967305,-0.00201486365226,True
4213,210,13,3.31550941816,False,0.0586964181824,True,-0.0402556897505,-0.0711176513602,-0.012421233177799999,True
4214,210,14,0.729169310581,False,0.05925869521430001,True,-0.0459454725318,-0.0729798973235,-0.0137212021092,True
4215,210,15,1.96832282252,False,0.0566486986739,True,-0.0402437308272,-0.06815566765219999,-0.0115069689784,True
4216,210,16,2.569336688,False,0.0565309048905,True,-0.038374472293099995,-0.067142905822,-0.0106120009315,True
4217,210,17,2.01766931531,False,0.0563545262105,True,-0.041305019277400004,-0.0696925910844,-0.0133380648739,True
4218,210,18,5.27720162704,False,0.05563855193390001,True,-0.0342072404317,-0.062552690191,-0.00691413825712,True
4219,210,19,3.68618473671,False,0.0563967267083,True,-0.038271186995800004,-0.0674333406738,-0.0110366139656,True
4220,211,0,20.3348874988,False,0.14599035286599998,False,-0.037812859183,-0.11020345675000001,0.0357868961158,False
4221,211,1,5.80993585733,False,0.11043930504499999,False,-0.057367223538499997,-0.11214856954500001,-0.0017092645001099997,True
4222,211,2,43.498548831499996,False,0.08946637970110001,False,-0.014249707684599999,-0.058467795239399996,0.0309985844617,False
4223,211,3,30.9483105333,False,0.077240598521,True,-0.025253665759,-0.064716067758,0.012524530763,False
4224,211,4,7.0509938738699995,False,0.074277785219,True,-0.0421223496406,-0.0783426502754,-0.00406486505637,True
4225,211,5,3.0047867159900004,False,0.0685462143672,True,-0.0453173945063,-0.07977700523910002,-0.0112307908719,True
4226,211,6,4.28603856803,False,0.06416607620569999,True,-0.03942712680780001,-0.07215785020439999,-0.00799177399878,True
4227,211,7,5.933086417259999,False,0.0670483628907,True,-0.0389126921771,-0.073458233437,-0.006409870546300001,True
4228,211,8,11.1746351319,False,0.06384600887860001,True,-0.0326763774737,-0.0620931033524,0.0017529055262199998,False
4229,211,9,7.402410100589999,False,0.0610798735002,True,-0.0343642285344,-0.06392134883280001,-0.00284147533259,True
4230,211,10,4.11187251526,False,0.059099581955300004,True,-0.0375611668029,-0.06683068327279999,-0.00773110131745,True
4231,211,11,1.98975978055,False,0.06031982729569999,True,-0.0430825639346,-0.074389865423,-0.014070038127299999,True
4232,211,12,3.7545001158099995,False,0.0600462787086,True,-0.037695735158300006,-0.0666664576813,-0.0066201789726999995,True
4233,211,13,2.84427731634,False,0.0586304074856,True,-0.0402148209556,-0.0690349052718,-0.0104044977861,True
4234,211,14,4.75597855547,False,0.055701589529099996,True,-0.0352222324526,-0.0627440554005,-0.00704246587141,True
4235,211,15,2.73384763954,False,0.055404074781800004,True,-0.0371698879664,-0.0642248167671,-0.00882074198531,True
4236,211,16,2.25490024855,False,0.056492190239800004,True,-0.038829282678,-0.0660481979422,-0.009556007702450001,True
4237,211,17,5.2153394219099996,False,0.0574861526104,True,-0.0349640220918,-0.0654871280925,-0.00800097548215,True
4238,211,18,3.69567044677,False,0.0559667000708,True,-0.0374094375428,-0.0677472952772,-0.0117805952064,True
4239,211,19,0.6472034594899999,False,0.053272569000000006,True,-0.0436415438493,-0.0718129409327,-0.018540371932599997,True
4240,212,0,14.993876761500001,False,0.141261769054,False,-0.045990155412,-0.114034804477,0.0272269645774,False
4241,212,1,13.554351925999999,False,0.103752200207,False,-0.04234817937490001,-0.0940312293527,0.00972097085452,False
4242,212,2,2.76703517532,False,0.0882502322171,False,-0.0555954021454,-0.10071770323899999,-0.0124674710221,True
4243,212,3,13.1535928664,False,0.0756652617877,True,-0.0347889629671,-0.0735817522534,0.00208350953433,False
4244,212,4,8.18383227838,False,0.0728663737002,True,-0.039851540938900004,-0.0786480974033,-0.005781723703180001,True
4245,212,5,5.95160736201,False,0.07186629459289999,True,-0.0404362973096,-0.07693503164780001,-0.0050687370549,True
4246,212,6,0.48574632240099996,False,0.06641484649059999,True,-0.0559655474719,-0.0876488081135,-0.021233961622900005,True
4247,212,7,0.005847306928700001,True,0.0635778045203,True,-0.0645829822619,-0.09949618345599999,-0.0359183789357,True
4248,212,8,0.00043568990780200003,True,0.062421906455199995,True,-0.066621919112,-0.0981411528912,-0.035719246436,True
4249,212,9,3.47774302699e-07,True,0.0609091258671,True,-0.07124597764160001,-0.101349960145,-0.0404408342777,True
4250,212,10,0.0967731748405,True,0.0596916920401,True,-0.0598503632422,-0.08855526032960001,-0.0288635682896,True
4251,212,11,0.146742605318,True,0.0606498684006,True,-0.057414826605599996,-0.0878349966425,-0.0271851282419,True
4252,212,12,6.12536221842e-07,True,0.057456764502999996,True,-0.0709123780579,-0.09909774153249999,-0.041640977029499995,True
4253,212,13,1.5667728469799999e-13,True,0.0582787820255,True,-0.067767213395,-0.0960656602898,-0.0377868782643,True
4254,212,14,1.15837877851e-05,True,0.05911006692200001,True,-0.0768828068953,-0.105845068069,-0.046735001147300004,True
4255,212,15,1.4288278331900002e-20,True,0.0558462157983,True,-0.07265916900380001,-0.10037484483100001,-0.0445286290331,True
4256,212,16,4.24553692394e-12,True,0.057306311766400005,True,-0.0685045019602,-0.09726892266730001,-0.0399626109009,True
4257,212,17,9.16400629681e-13,True,0.05754458205540001,True,-0.0680095622635,-0.09731272843250001,-0.0397681463771,True
4258,212,18,7.61475588463e-11,True,0.0562337643572,True,-0.06777473399119999,-0.0969214718984,-0.0406877075412,True
4259,212,19,5.12849391348e-10,True,0.055993205173300004,True,-0.0671189378409,-0.0944510003057,-0.0384577951323,True
4260,213,0,14.2756064898,False,0.144050572779,False,0.0497766857143,-0.021401519499499998,0.12264905328,False
4261,213,1,43.1708469225,False,0.102026758452,False,-0.007151671330810001,-0.0586530396918,0.0433737187599,False
4262,213,2,44.6373583972,False,0.0888390193278,False,-0.0142092367899,-0.058662810357599994,0.0301762089702,False
4263,213,3,50.830927081400006,False,0.0774788326673,True,-0.012880059546299998,-0.0508251435215,0.026653689145700002,False
4264,213,4,58.1640241193,False,0.0740592246102,True,-0.00880677363903,-0.0457762532483,0.0282829713619,False
4265,213,5,60.778558376199996,False,0.07000325536780001,True,-0.00815292762176,-0.043940980076599995,0.0260622752913,False
4266,213,6,65.0425350422,False,0.068296823281,True,-0.0079037635881,-0.043021087411799996,0.0252757358692,False
4267,213,7,64.6614898661,False,0.0644251747766,True,-0.00935639711273,-0.04209698966630001,0.022328185110400002,False
4268,213,8,43.0392378354,False,0.06442141562390001,True,-0.017947919445099998,-0.050925511790199995,0.013495903833700001,False
4269,213,9,17.187366378,False,0.0610657423104,True,-0.0267030787215,-0.0592249885056,0.0018407538048599997,False
4270,213,10,5.6276496079100005,False,0.0588608293244,True,-0.0344458262647,-0.0637808976439,-0.0049200683195,True
4271,213,11,4.1945696130800005,False,0.058384529290100004,True,-0.037096283465,-0.0673790205384,-0.00899449124834,True
4272,213,12,0.8510029100830001,False,0.058368905210300005,True,-0.04553310894180001,-0.0743433832364,-0.0159744780261,True
4273,213,13,0.247720905485,True,0.05820805153519999,True,-0.049053086311499995,-0.0796939295973,-0.021485878062100002,True
4274,213,14,0.00635622267257,True,0.056583224239999994,True,-0.0545231375326,-0.0818652733722,-0.0252820491322,True
4275,213,15,0.263398576559,True,0.059013268039499994,True,-0.0582637850786,-0.08756823143410002,-0.028554963394499998,True
4276,213,16,0.00921353536546,True,0.0573721542834,True,-0.0638383869991,-0.09343502116769999,-0.0360628668843,True
4277,213,17,0.00162699577438,True,0.0579231778383,True,-0.059623815443199994,-0.0886829661299,-0.030759788291700004,True
4278,213,18,0.0622054885628,True,0.0570978898545,True,-0.0569992272819,-0.0866004351788,-0.0295025453243,True
4279,213,19,0.118477579415,True,0.0583200530278,True,-0.0512093231256,-0.07987956030839999,-0.021559507280700003,True
4280,214,0,14.1722182738,False,0.144781414883,False,-0.048573168999300004,-0.12513034088199998,0.0196510740006,False
4281,214,1,7.8133053207000005,False,0.10683996044199999,False,-0.0497943077453,-0.107399368768,-0.000559408325683,True
4282,214,2,9.711789551539999,False,0.0880416285093,False,-0.0438447566585,-0.0864393445572,0.0016022839521400002,False
4283,214,3,3.59058609015,False,0.0810357215306,False,-0.0509800925843,-0.092382597272,-0.0113468757414,True
4284,214,4,2.8523842859900004,False,0.07535175667539999,True,-0.04804431553309999,-0.0861295364057,-0.0107777797303,True
4285,214,5,0.565045470979,False,0.07032879634160001,True,-0.054614738955,-0.09006917454780002,-0.0197403782062,True
4286,214,6,0.276073354057,True,0.06948822026160001,True,-0.0650492785568,-0.0999368154089,-0.030448595147199997,True
4287,214,7,0.079231217725,True,0.0635347882408,True,-0.059787283460800006,-0.09172932936839999,-0.0281945411276,True
4288,214,8,1.37584208366,False,0.0633192303849,True,-0.0455957310982,-0.0780622297238,-0.0147429993389,True
4289,214,9,1.11064691195,False,0.06251194169669999,True,-0.046631581532800004,-0.07851838607389999,-0.0160064443773,True
4290,214,10,1.08839713902,False,0.060299741421999994,True,-0.046139783009800005,-0.0775136365323,-0.017213895110299998,True
4291,214,11,3.6618552974900003,False,0.0607963650344,True,-0.0395295872318,-0.0708774445195,-0.0100810794851,True
4292,214,12,4.3233431085600005,False,0.0585552057646,True,-0.037725206614699996,-0.0677526100875,-0.009197404322969999,True
4293,214,13,1.0756917857500001,False,0.0588501173568,True,-0.045520434760099995,-0.07381658322239999,-0.0149664658656,True
4294,214,14,0.278124455073,True,0.05635925124919999,True,-0.0496108777843,-0.0764624436494,-0.0201031924002,True
4295,214,15,0.38149163523199997,False,0.0559341729311,True,-0.050961202291400005,-0.0786526043965,-0.0227184314654,True
4296,214,16,0.670784937397,False,0.0575210175765,True,-0.0496838055286,-0.0782503267274,-0.020729309150900002,True
4297,214,17,0.260075556031,True,0.0556311600686,True,-0.0528597665804,-0.0792678188198,-0.0236366587511,True
4298,214,18,0.058922188800400004,True,0.0583177934069,True,-0.05458907324659999,-0.0839984837364,-0.0256806903295,True
4299,214,19,0.19101352591899998,True,0.057772079309599995,True,-0.0501402660894,-0.0774209689014,-0.0196488895918,True
4300,215,0,35.0874584531,False,0.13445420264799998,False,-0.0031183175882699998,-0.0685528704679,0.0659013321798,False
4301,215,1,6.8893225211399995,False,0.103534870766,False,-0.05326480274709999,-0.102960149868,0.000574720897809,False
4302,215,2,20.9777925345,False,0.0891948763113,False,-0.032423492848700004,-0.0787882112648,0.0104066650465,False
4303,215,3,5.281216130380001,False,0.07888137565289999,True,-0.0455232282924,-0.0833330362033,-0.0044516605503999995,True
4304,215,4,4.1866289747400005,False,0.07522427045169999,True,-0.0461495019035,-0.0843998109599,-0.00917554050816,True
4305,215,5,2.5237287952000003,False,0.0706401393397,True,-0.048088103888600006,-0.08256470384089999,-0.011924564501200002,True
4306,215,6,0.7828787912720001,False,0.06554564100219999,True,-0.0496807241445,-0.0828198677917,-0.017274226789400004,True
4307,215,7,2.6936854629,False,0.0652939458991,True,-0.043865962437899995,-0.0761621958188,-0.0108682499197,True
4308,215,8,2.92678509459,False,0.0634944257582,True,-0.042199032092399995,-0.07477831546330001,-0.0112838897052,True
4309,215,9,0.297010257246,True,0.0613060404024,True,-0.052879302591500005,-0.08288758598399999,-0.0215815455816,True
4310,215,10,1.0568930521100002,False,0.0613676150119,True,-0.046342389013700004,-0.0755263016627,-0.0141586866508,True
4311,215,11,2.2457848825099997,False,0.0593061758254,True,-0.041459657877000004,-0.0699228947333,-0.010616718907899999,True
4312,215,12,2.73793707881,False,0.05649396757090001,True,-0.03895920193999999,-0.0668952381267,-0.0104012705559,True
4313,215,13,2.02647832284,False,0.058138740859799996,True,-0.041877769265,-0.0711840352363,-0.013045294376399999,True
4314,215,14,3.56038415872,False,0.056711654363699994,True,-0.0382106386664,-0.06870320671249999,-0.0119915523489,True
4315,215,15,1.1241835387999999,False,0.0579911228249,True,-0.043756490250900004,-0.0728819514543,-0.0148908286294,True
4316,215,16,0.962538821014,False,0.0558234106686,True,-0.04317531720480001,-0.071656222124,-0.0158328114555,True
4317,215,17,1.19705698977,False,0.056479385726300006,True,-0.041596716338900004,-0.0691809500282,-0.0127015643019,True
4318,215,18,0.61102517563,False,0.056140676601,True,-0.048515831441900005,-0.0754618713687,-0.0193211947677,True
4319,215,19,0.26327194126200004,True,0.057162915273400006,True,-0.050349315138,-0.0803362524813,-0.0231733372078,True
4320,216,0,25.975831967399998,False,0.14506556395300002,False,-0.024704987621299995,-0.09597205321760001,0.0490935107355,False
4321,216,1,31.099261241599997,False,0.10466412109099998,False,-0.0236960986886,-0.0742803385648,0.030383782526700005,False
4322,216,2,29.7880707335,False,0.0899572524141,False,-0.024849785943,-0.070928748959,0.019028503455099998,False
4323,216,3,18.6697980199,False,0.0790798360645,True,-0.032782552771099996,-0.0732303140906,0.0058495219739,False
4324,216,4,19.6588597716,False,0.07428317121689999,True,-0.029574726340999998,-0.0662025316219,0.00808063959508,False
4325,216,5,40.6856135541,False,0.0704233708655,True,-0.0194709937166,-0.0552193985826,0.0152039722829,False
4326,216,6,20.803190821199998,False,0.0661329971529,True,-0.027070952572599997,-0.061480480162300004,0.00465251699059,False
4327,216,7,42.5556191811,False,0.0643871494102,True,-0.0182289858204,-0.0506051504198,0.0137819989903,False
4328,216,8,26.230544792199996,False,0.0666872313944,True,-0.024001334113599997,-0.0558004053972,0.0108868259972,False
4329,216,9,7.81702562967,False,0.060890458124400006,True,-0.0345516564115,-0.06508623385119999,-0.00419577572674,True
4330,216,10,3.60809494876,False,0.059801614769099995,True,-0.03931656890219999,-0.0700423210909,-0.0102407063218,True
4331,216,11,2.0803609128,False,0.059890381976500005,True,-0.03953584426619999,-0.0700644434259,-0.0101740614495,True
4332,216,12,3.279861105,False,0.058834098749900005,True,-0.039018906497,-0.067752083092,-0.008917984342120001,True
4333,216,13,3.62071784631,False,0.059018284390900004,True,-0.0377397591954,-0.0665169501761,-0.0074986657851499995,True
4334,216,14,3.1877976775,False,0.0590706041285,True,-0.039248185346,-0.0678076640129,-0.00873705988445,True
4335,216,15,2.48507327227,False,0.0575272632413,True,-0.0399744193569,-0.06992778979719999,-0.0124005265558,True
4336,216,16,1.67283272818,False,0.0568336502176,True,-0.0401691840924,-0.0674118231199,-0.010578172902299999,True
4337,216,17,2.0010788009700002,False,0.0549516641842,True,-0.039964784453500005,-0.0680645842933,-0.0131129201091,True
4338,216,18,4.2220086255,False,0.0582645569159,True,-0.0370516199796,-0.064842108746,-0.0065775518301799995,True
4339,216,19,5.76642747429,False,0.056456141011300004,True,-0.036074216524199995,-0.06388287367119999,-0.00742673265991,True
4340,217,0,31.2558654842,False,0.14152634827,False,0.0160909770928,-0.0554590073805,0.0860673408894,False
4341,217,1,27.5006408639,False,0.10286901608400001,False,-0.027773647211700003,-0.0805491273333,0.0223198887503,False
4342,217,2,55.6787102323,False,0.0866174295712,False,-0.00235145758965,-0.0450954729699,0.0415219566013,False
4343,217,3,35.0201485498,False,0.0813368179526,False,-0.0231463925067,-0.0636930874595,0.0176437304932,False
4344,217,4,41.1587115533,False,0.07467835348610001,True,-0.0187383347091,-0.054594211307499994,0.0200841421786,False
4345,217,5,30.5557497628,False,0.0698600063152,True,-0.022575242086299997,-0.0575672325857,0.0122927737296,False
4346,217,6,30.609886111599998,False,0.0665840443786,True,-0.023176118252900002,-0.055186438996900004,0.011397605381700001,False
4347,217,7,34.0573675626,False,0.0627300461839,True,-0.021265044621099998,-0.052566381653000004,0.010163664531,False
4348,217,8,16.2338924277,False,0.062130145269499996,True,-0.0289455827268,-0.058185928717,0.00394421655256,False
4349,217,9,12.991395986199999,False,0.0625931859798,True,-0.0309233917701,-0.0617609217398,0.000832264239997,False
4350,217,10,11.4424014853,False,0.0602836372945,True,-0.0321125756351,-0.0614186760479,-0.0011350387534,True
4351,217,11,4.34234909075,False,0.058619636672400006,True,-0.0367074143719,-0.0648617741276,-0.006242137455229999,True
4352,217,12,7.308544391639999,False,0.05848282552999999,True,-0.0330124478213,-0.0629269952918,-0.0044441697618,True
4353,217,13,0.981651475481,False,0.057147747954599995,True,-0.044040715397300007,-0.0726083422544,-0.0154605942998,True
4354,217,14,2.36383349697,False,0.0583176041703,True,-0.041349051263300005,-0.07012238433210001,-0.0118047801618,True
4355,217,15,0.737033176058,False,0.057939324968600006,True,-0.0463500076589,-0.07684253956039999,-0.0189032145918,True
4356,217,16,0.15602429749900001,True,0.0583388290765,True,-0.0525875086221,-0.08319592610389999,-0.0248570970274,True
4357,217,17,0.291008835357,True,0.0546521557729,True,-0.050282213881199994,-0.07710161048010002,-0.022449454707299997,True
4358,217,18,0.444874531296,False,0.056009087787800005,True,-0.047089112697900004,-0.0735883471417,-0.0175792593538,True
4359,217,19,0.08240793670539999,True,0.0560807254936,True,-0.0542069077372,-0.0846228765707,-0.028542151077000002,True
4360,218,0,34.091801659299996,False,0.142486701405,False,-0.00029603660659400003,-0.06553762479,0.0769490766151,False
4361,218,1,46.42365498229999,False,0.102429147575,False,-0.00563830736821,-0.057401652479,0.0450274950958,False
4362,218,2,38.018460552,False,0.08583472837020001,False,-0.019894228905299998,-0.0630689163976,0.022765811972599997,False
4363,218,3,21.2753434403,False,0.08068570376289999,False,-0.028904242960900002,-0.06674203078959999,0.0139436729733,False
4364,218,4,4.4219986134900005,False,0.0727508447925,True,-0.0440615978551,-0.0812823632502,-0.00853151845771,True
4365,218,5,2.47775778903,False,0.0685593878604,True,-0.0465918276096,-0.08115237633939999,-0.012592988478999999,True
4366,218,6,4.22198504141,False,0.0693815961688,True,-0.043786188892099995,-0.0787309189818,-0.00934932281306,True
4367,218,7,0.23690388412900001,True,0.0638749015104,True,-0.0566481945247,-0.0883847677348,-0.0245098662244,True
4368,218,8,0.363776311771,False,0.0632016053768,True,-0.054901868946,-0.0879635831895,-0.024761977812600002,True
4369,218,9,0.9918626307289999,False,0.0614287679649,True,-0.0470954582431,-0.0766109061308,-0.0151821381659,True
4370,218,10,0.723674496699,False,0.0635428504078,True,-0.0477693835932,-0.0802458938414,-0.0167030434336,True
4371,218,11,0.22991562797600001,True,0.058391484604,True,-0.052190341683099994,-0.081744583751,-0.023353099147,True
4372,218,12,0.263485824014,True,0.058239081735500006,True,-0.050221790098800005,-0.0809226273525,-0.022683545617,True
4373,218,13,0.0275318519937,True,0.0578265964092,True,-0.056957291958800005,-0.08476768230760001,-0.0269410858985,True
4374,218,14,0.127868616654,True,0.05773052046780001,True,-0.0547592115813,-0.0838565758394,-0.0261260553716,True
4375,218,15,6.873805541770001e-07,True,0.0576236433,True,-0.0661656765415,-0.09356040074719998,-0.0359367574472,True
4376,218,16,1.81671412077e-06,True,0.0574390166473,True,-0.0667225503697,-0.0952483368852,-0.0378093202379,True
4377,218,17,2.09383587091e-11,True,0.0560670981964,True,-0.0619562072702,-0.0888977523563,-0.032830654159900004,True
4378,218,18,5.56902267791e-05,True,0.0569239705485,True,-0.0599827120772,-0.0871934516339,-0.0302694810854,True
4379,218,19,0.112205015011,True,0.055563260628199995,True,-0.0564229755341,-0.08400426386499998,-0.0284410032368,True
4380,219,0,1.24417608448,False,0.140768691182,False,-0.0897951877164,-0.156753304275,-0.015984613093399998,True
4381,219,1,7.23412797517e-09,True,0.104440427321,False,-0.132317382893,-0.184173092197,-0.07973266487599999,True
4382,219,2,3.99715750534e-13,True,0.08891004637639999,False,-0.111823501423,-0.15625940675,-0.0673493603736,True
4383,219,3,1.96761716628e-05,True,0.0818743690239,False,-0.0797711209951,-0.119721400768,-0.0378470317441,True
4384,219,4,0.275524967106,True,0.073312452032,True,-0.065634651184,-0.10029258497099999,-0.026980132938900003,True
4385,219,5,0.23814881408500002,True,0.0694969906598,True,-0.06354553401740001,-0.0966586837425,-0.0271616930827,True
4386,219,6,1.4089247179100002,False,0.06885920910839999,True,-0.0499697692258,-0.0819805004257,-0.0131212913173,True
4387,219,7,13.430455043199998,False,0.0652923367452,True,-0.0314279680491,-0.0650014583094,0.00029087843577300004,False
4388,219,8,15.316532926199999,False,0.0628398867685,True,-0.029385212748400003,-0.06119554062080001,0.00164434614768,False
4389,219,9,4.32632015477,False,0.061173386828699994,True,-0.0398605102112,-0.0711136613495,-0.00994027452081,True
4390,219,10,8.961807425149999,False,0.061282757720999996,True,-0.0336380071197,-0.0637711752348,-0.00248841751373,True
4391,219,11,3.69195249297,False,0.0596368487835,True,-0.0379096043618,-0.0666366270848,-0.006999778301359999,True
4392,219,12,9.47491570089,False,0.0597340416299,True,-0.0322274087312,-0.0628104242517,-0.00307638262177,True
4393,219,13,6.604373557430001,False,0.0573967793626,True,-0.0333569796635,-0.06396525286140001,-0.00656847349879,True
4394,219,14,0.534572205657,False,0.0578524064704,True,-0.04692749800030001,-0.0756192900165,-0.0177668835461,True
4395,219,15,0.313541525951,True,0.0588518641284,True,-0.051062909284300004,-0.0813627357142,-0.0225108715857,True
4396,219,16,0.173627558625,True,0.05656238639,True,-0.0498234305939,-0.08001642359460001,-0.0234540372045,True
4397,219,17,0.006982129002369999,True,0.056777012433699994,True,-0.0574184248343,-0.08577582146289998,-0.028998809029099997,True
4398,219,18,0.043266043755599996,True,0.0564350924156,True,-0.0603679389384,-0.08930121355239999,-0.0328661211368,True
4399,219,19,0.058799140551,True,0.0560740627649,True,-0.0641931643203,-0.09286457750389998,-0.036790514739,True
4400,220,0,10.112280201,False,0.135248228502,False,-0.057030986129599996,-0.125715507873,0.009532720629540001,False
4401,220,1,3.8530123338499997,False,0.103714022168,False,-0.060807385654,-0.10962634869200001,-0.005912326524350001,True
4402,220,2,0.685964064685,False,0.0900545180514,False,-0.0675502239494,-0.114830517687,-0.024775999635099997,True
4403,220,3,0.955959616488,False,0.08051794962310001,False,-0.0574516286433,-0.09945067129480001,-0.0189327216717,True
4404,220,4,1.05222641294,False,0.073757632854,True,-0.0585351065905,-0.0961429209858,-0.0223852881318,True
4405,220,5,3.5002649801699994,False,0.07075307344439999,True,-0.0461274756785,-0.0788754749649,-0.00812240152054,True
4406,220,6,2.15310105064,False,0.0685901706252,True,-0.0474510537964,-0.08247342380560001,-0.0138832531804,True
4407,220,7,3.93044631177,False,0.0647832775667,True,-0.041736596423,-0.0750369212113,-0.0102536436446,True
4408,220,8,2.86977213524,False,0.0638859887428,True,-0.0453183562739,-0.079050705151,-0.015164716408200002,True
4409,220,9,0.07669547745689999,True,0.06211438253359999,True,-0.0571235091579,-0.0891235879106,-0.027009205377000002,True
4410,220,10,0.5786385699009999,False,0.0603481806029,True,-0.0516406467935,-0.08101175649760001,-0.0206635758947,True
4411,220,11,0.144176906985,True,0.059219225270999994,True,-0.0525399840252,-0.08354941158139999,-0.024330186310400004,True
4412,220,12,0.17262452908,True,0.0572158803781,True,-0.0566650097498,-0.08405534948889999,-0.0268394691108,True
4413,220,13,0.113865199489,True,0.056671533806,True,-0.0554134726789,-0.08210570845430001,-0.0254341746483,True
4414,220,14,0.19849442433800002,True,0.059206446498499994,True,-0.058229370598499995,-0.0881098176158,-0.0289033711173,True
4415,220,15,3.34632678464e-05,True,0.0580596972716,True,-0.0582022657012,-0.08782447274360002,-0.029764775472,True
4416,220,16,0.023684400606499997,True,0.056405664703099996,True,-0.0552712076336,-0.0828693654537,-0.0264637007506,True
4417,220,17,0.0359526803409,True,0.0570724273941,True,-0.0578793804084,-0.0870372519051,-0.029964824511,True
4418,220,18,2.99169281938e-06,True,0.055413203033699995,True,-0.0594178133976,-0.0866976521184,-0.0312844490848,True
4419,220,19,0.164351373159,True,0.055702490015900004,True,-0.0572781095682,-0.0865774961613,-0.0308750061454,True
4420,221,0,14.0159891755,False,0.142789452315,False,-0.0493134455781,-0.12072752118699999,0.022061931127900003,False
4421,221,1,37.7058996688,False,0.105237678487,False,-0.017392801886799997,-0.0752934737098,0.029944204776699998,False
4422,221,2,43.5769613533,False,0.08659422760299999,False,-0.0141067609729,-0.056341935255500006,0.030252292347499998,False
4423,221,3,42.2201199451,False,0.0785463622112,True,-0.0173071449876,-0.059371741153100004,0.019174621058,False
4424,221,4,20.7395137255,False,0.0747168036251,True,-0.029504574720700002,-0.06623719993840001,0.008479603686750001,False
4425,221,5,4.21839943781,False,0.07129372449360001,True,-0.0441530778336,-0.0808685725033,-0.00957484800968,True
4426,221,6,2.55796321561,False,0.0649515250761,True,-0.045177311179499996,-0.0793046219384,-0.014353096862299998,True
4427,221,7,3.37446461824,False,0.06419782546939999,True,-0.0426176980585,-0.075016801337,-0.010818975867700002,True
4428,221,8,4.02047257539,False,0.06432794117269999,True,-0.0402124922843,-0.0716529421674,-0.00732500099469,True
4429,221,9,2.28590656829,False,0.061092327236800005,True,-0.0429361492641,-0.0726753035362,-0.0115829762994,True
4430,221,10,2.0507508100400003,False,0.0625047065792,True,-0.045534534532,-0.0785550731394,-0.0160503665602,True
4431,221,11,2.420120276,False,0.0583574421502,True,-0.0404788473107,-0.0682618674509,-0.00990442530066,True
4432,221,12,11.8365115241,False,0.06108034392080001,True,-0.031434836894,-0.0615342268803,-0.000453882959457,True
4433,221,13,3.72370197996,False,0.056862869099699995,True,-0.0359150009309,-0.0649421262368,-0.00807925713709,True
4434,221,14,4.40471504662,False,0.058609608416800005,True,-0.037735644315599996,-0.0672297776634,-0.00862016924666,True
4435,221,15,6.672639300349999,False,0.0569010633791,True,-0.033560569093,-0.061571552534099995,-0.00467048915506,True
4436,221,16,4.6031097053400005,False,0.056665774978900005,True,-0.036572425279900005,-0.0645060278145,-0.00784025283566,True
4437,221,17,3.92143205769,False,0.0560393079164,True,-0.0357227799265,-0.06438507970509999,-0.00834577178875,True
4438,221,18,3.2394975163,False,0.0551952055445,True,-0.0367249093415,-0.0630317727986,-0.00783656725404,True
4439,221,19,0.5159550212039999,False,0.055562677194300004,True,-0.0446842211152,-0.07254084872769999,-0.016978171533399998,True
4440,222,0,0.9447270372750001,False,0.148344658253,False,-0.10542264266200001,-0.180829672884,-0.0324850146304,True
4441,222,1,0.332037719189,True,0.106021744015,False,-0.0896439478599,-0.141553292484,-0.0355315484691,True
4442,222,2,0.6001683257880001,False,0.0915201720574,False,-0.0690530509986,-0.114130167154,-0.0226099950965,True
4443,222,3,0.385469305458,False,0.07813793707660001,True,-0.06164537807630001,-0.0985621582989,-0.020424221222299997,True
4444,222,4,8.01913403938e-07,True,0.07351185019999999,True,-0.08592926173589999,-0.121959937455,-0.04844808725480001,True
4445,222,5,0.00010635203628399999,True,0.0709617936617,True,-0.0798215804607,-0.116728560793,-0.045766767131,True
4446,222,6,0.00202433893849,True,0.0667725054765,True,-0.0723633223058,-0.104325242464,-0.0375527369875,True
4447,222,7,8.03662627666e-07,True,0.0659807895605,True,-0.0759696082258,-0.107665227696,-0.041684438135300005,True
4448,222,8,1.77476158137e-09,True,0.064030952633,True,-0.0821129326501,-0.115958009506,-0.0519270568733,True
4449,222,9,2.36892609798e-17,True,0.06002020947509999,True,-0.0778255148717,-0.106777705563,-0.0467574960876,True
4450,222,10,4.08345466283e-21,True,0.0604003738081,True,-0.08174271752500001,-0.11187288534800001,-0.051472511539599995,True
4451,222,11,8.67101072115e-06,True,0.0596620960934,True,-0.0772281724286,-0.10732252888499999,-0.047660432791599996,True
4452,222,12,4.05622013954e-14,True,0.059006910302400004,True,-0.07218469973450001,-0.101137737302,-0.0421308270001,True
4453,222,13,6.757263169859999e-16,True,0.0584800704027,True,-0.07863073411,-0.107060144309,-0.048580073905800006,True
4454,222,14,2.8073480993299997e-39,True,0.0555731302215,True,-0.0868784998582,-0.114073866942,-0.058500736720900004,True
4455,222,15,2.33832409429e-34,True,0.056094871337,True,-0.0836376699185,-0.11254439234000001,-0.056449521002699996,True
4456,222,16,1.2084678606599998e-32,True,0.0565661348823,True,-0.0825602889708,-0.11066673625800001,-0.0541006013753,True
4457,222,17,1.7425562972599997e-22,True,0.055628322216199996,True,-0.076298523683,-0.101433350725,-0.0458050285083,True
4458,222,18,0.00127442650611,True,0.0568883117686,True,-0.07444533511439999,-0.102082576414,-0.0451942646452,True
4459,222,19,0.00962079023993,True,0.056247538267400005,True,-0.0649953722869,-0.0924215703114,-0.036174032044099996,True
4460,223,0,31.383577988600003,False,0.13556771123,False,-0.014303131350100001,-0.085392192893,0.050175518336899996,False
4461,223,1,36.0188298929,False,0.107283234302,False,-0.0193005972603,-0.0725907454778,0.034692488824699996,False
4462,223,2,19.819419651900002,False,0.09097754987639999,False,-0.0319355958727,-0.07899705528180001,0.0119804945946,False
4463,223,3,30.813912004499997,False,0.0822091963451,False,-0.023726031294400002,-0.06407715042,0.018132045925200003,False
4464,223,4,22.1379008483,False,0.0719973339099,True,-0.028002648114,-0.0645411119975,0.00745622191246,False
4465,223,5,17.045683745,False,0.069129296979,True,-0.029565563070499998,-0.0624122445957,0.00671705238332,False
4466,223,6,4.68831882093,False,0.0664612136243,True,-0.0402072946707,-0.0717232517959,-0.005262038171550001,True
4467,223,7,3.6950244225300004,False,0.0660526429048,True,-0.0427874436576,-0.0749827885971,-0.00893014569231,True
4468,223,8,2.3003899633700002,False,0.06303841778580001,True,-0.04372259272680001,-0.0753041541536,-0.012265736367799998,True
4469,223,9,2.8580871680299995,False,0.0631113383422,True,-0.04283650552109999,-0.072881319146,-0.00976998080375,True
4470,223,10,3.9943210880800004,False,0.060570546134,True,-0.039019001894000004,-0.0703960401486,-0.00982549401452,True
4471,223,11,1.00757339496,False,0.0596766056764,True,-0.04450586152430001,-0.07446549026549999,-0.0147888845891,True
4472,223,12,1.57584164696,False,0.0589748476662,True,-0.0450872231637,-0.07385596512260001,-0.014881117456399999,True
4473,223,13,2.58675409941,False,0.059810850597900006,True,-0.042915540169199996,-0.0735934355083,-0.0137825849104,True
4474,223,14,0.863822558463,False,0.059287142291900005,True,-0.0456395395515,-0.0749208555027,-0.0156337132108,True
4475,223,15,0.8283178011869999,False,0.0587259688994,True,-0.046155047884,-0.074862656821,-0.016136687921599998,True
4476,223,16,0.185029753363,True,0.0566456879055,True,-0.046269879135400004,-0.0759918980964,-0.0193462101909,True
4477,223,17,0.350135050286,False,0.0586748742821,True,-0.0538825177494,-0.0831698834141,-0.024495009132,True
4478,223,18,0.117355889351,True,0.0559080878643,True,-0.053105751832999995,-0.0811623715905,-0.0252542837263,True
4479,223,19,0.00223643515479,True,0.057105699631000005,True,-0.059386565411,-0.08813984529069999,-0.0310341456596,True
4480,224,0,21.0513645305,False,0.14081341847200002,False,-0.037713252863800006,-0.107222907091,0.033590511381200006,False
4481,224,1,23.4417568542,False,0.10310878332000001,False,-0.0324440496585,-0.08532661586200001,0.017782167458099997,False
4482,224,2,4.07268618464,False,0.087513118175,False,-0.05194923011369999,-0.0968012588247,-0.0092881406497,True
4483,224,3,6.88876294467,False,0.07550361131960001,True,-0.0427737516223,-0.07965388558780001,-0.00415027426818,True
4484,224,4,9.152550685780001,False,0.074744434001,True,-0.0389029852582,-0.07507609913300001,-0.000331665132,True
4485,224,5,10.9521482076,False,0.06674090800730001,True,-0.034942607891000003,-0.0663170668059,0.00042384120140900004,False
4486,224,6,2.06507810597,False,0.0677316798774,True,-0.0467546651362,-0.0831163584969,-0.0153846786195,True
4487,224,7,0.523221404784,False,0.0633102011496,True,-0.0505097165255,-0.0837529901673,-0.0204427890177,True
4488,224,8,0.9879944934880001,False,0.0629089953085,True,-0.04786895787280001,-0.0779207294977,-0.015011734189200002,True
4489,224,9,0.33947773038400003,False,0.061296526585,True,-0.0492131772267,-0.0808926627728,-0.019596136187799998,True
4490,224,10,0.112779070372,True,0.058832669765400004,True,-0.0562283175419,-0.08499611948510001,-0.026163449719700003,True
4491,224,11,0.0430293097124,True,0.0578491974977,True,-0.0580427876334,-0.0862624862359,-0.0284132887382,True
4492,224,12,0.118413665097,True,0.058090575564800004,True,-0.0548568151684,-0.0833838710587,-0.025293295493900005,True
4493,224,13,0.907047471127,False,0.05828171028580001,True,-0.04557956091519999,-0.0750094416454,-0.0167277313596,True
4494,224,14,0.279856420768,True,0.05756709967069999,True,-0.048499525295699994,-0.0784384907051,-0.020871391034400003,True
4495,224,15,0.550179405188,False,0.0547214511895,True,-0.0437059106471,-0.0725415747844,-0.0178201235949,True
4496,224,16,0.197274827896,True,0.0549498726388,True,-0.0473134470319,-0.0760019689515,-0.021052096312799997,True
4497,224,17,0.05975300610880001,True,0.05555238344880001,True,-0.0575115756911,-0.0862321637187,-0.030679780269900002,True
4498,224,18,1.95661250777e-17,True,0.0563414731935,True,-0.06781226472299999,-0.0938596340516,-0.0375181608581,True
4499,224,19,5.908457819459999e-26,True,0.0549386100078,True,-0.0733390154595,-0.100785857864,-0.045847247855900004,True
4500,225,0,30.7542564247,False,0.141296190937,False,-0.0168437858809,-0.09240728515550001,0.0488889057816,False
4501,225,1,45.525227585299994,False,0.104512713919,False,0.00405082467152,-0.0467061311983,0.057806582720800005,False
4502,225,2,44.2356607926,False,0.0890172646255,False,0.0143176308493,-0.030246586262500003,0.058770678363,False
4503,225,3,56.9368168953,False,0.08006956242610001,False,-0.006856357309579999,-0.046476490982,0.033593071444099995,False
4504,225,4,44.2163533439,False,0.0754451348113,True,-0.0166561671707,-0.052668212159,0.0227769226523,False
4505,225,5,31.6879042391,False,0.0698056017767,True,-0.021652336733200002,-0.0556775930423,0.0141280087344,False
4506,225,6,23.8763326156,False,0.0667784069547,True,-0.0266196940075,-0.0593255435386,0.00745286341602,False
4507,225,7,14.8391003915,False,0.06419479186680001,True,-0.0310149200093,-0.0640964872559,9.83046108885e-05,False
4508,225,8,6.422248381059999,False,0.06401156794309999,True,-0.037420921374,-0.07096917112000001,-0.00695760317697,True
4509,225,9,0.0613840999657,True,0.0617137428759,True,-0.0550095700798,-0.0856887644907,-0.023975021614799998,True
4510,225,10,1.34304812864,False,0.059231545972,True,-0.0437592019757,-0.0731337957385,-0.0139022497665,True
4511,225,11,2.6960737266400003,False,0.0594391870421,True,-0.040803424127099995,-0.0709935945599,-0.011554407517799998,True
4512,225,12,1.6163699059799999,False,0.0588102567127,True,-0.0429657402163,-0.0720528182856,-0.0132425615729,True
4513,225,13,0.175599318553,True,0.0574756324134,True,-0.05061331378219999,-0.08055452089750001,-0.023078888484099995,True
4514,225,14,0.152406628072,True,0.0576102556927,True,-0.05576618235380001,-0.0829177382679,-0.0253074825753,True
4515,225,15,6.61830192801e-05,True,0.059135851120499995,True,-0.061393018524599996,-0.09078317807320001,-0.0316473269527,True
4516,225,16,0.000117774979375,True,0.0578926189465,True,-0.0629175434744,-0.0932633593905,-0.035370740444,True
4517,225,17,2.72022835944e-08,True,0.0571857494224,True,-0.0624832611581,-0.090733706947,-0.0335479575246,True
4518,225,18,0.00288617243995,True,0.05861133519740001,True,-0.061165766252899996,-0.0882664230424,-0.029655087845,True
4519,225,19,2.5750447191799998e-14,True,0.055343952967999994,True,-0.07183136950739999,-0.0997779655785,-0.0444340126105,True
4520,226,0,9.9828936624,False,0.145268172952,False,-0.054920588245699994,-0.127094787906,0.0181733850455,False
4521,226,1,15.141713736,False,0.100573399335,False,-0.0397266720507,-0.0891627234478,0.011410675886899998,False
4522,226,2,9.23912383359,False,0.0861552662083,False,-0.042931438537599995,-0.0856330792089,0.00052218699942,False
4523,226,3,4.36179763061,False,0.0822105592739,False,-0.0488070761039,-0.08800055151210001,-0.00578999223819,True
4524,226,4,3.7595718680199997,False,0.07727995208789999,True,-0.049511611913400005,-0.0863866840478,-0.009106731959950001,True
4525,226,5,0.006715340921850001,True,0.0700594407402,True,-0.0660796695791,-0.10035868092599999,-0.030299240186,True
4526,226,6,0.358004389396,False,0.070100892702,True,-0.0606572769714,-0.09465411475430001,-0.0245532220523,True
4527,226,7,0.300141755909,True,0.0643914544351,True,-0.057725104677,-0.0902711037874,-0.0258796493523,True
4528,226,8,0.505976442531,False,0.0634271039369,True,-0.052284428734,-0.085441933988,-0.022014830051199998,True
4529,226,9,0.06249055553169999,True,0.061601849064699996,True,-0.060317413366199994,-0.09058088496750001,-0.0289790359028,True
4530,226,10,1.1638433525e-05,True,0.060262575145,True,-0.06696531496489999,-0.09467235801789999,-0.0344097828729,True
4531,226,11,4.55820832347e-06,True,0.062242104567300005,True,-0.07223939550189999,-0.102238675273,-0.039996570706199996,True
4532,226,12,1.1229902534799999e-11,True,0.055721447304600005,True,-0.0717771862023,-0.100285562269,-0.0445641149642,True
4533,226,13,1.87634522021e-24,True,0.059182688291800005,True,-0.07988992689669999,-0.110015291255,-0.050832602963199996,True
4534,226,14,5.290183275169999e-32,True,0.05993330288319999,True,-0.08641132029660001,-0.115832449157,-0.0558991462742,True
4535,226,15,7.703056027039999e-34,True,0.059149886767,True,-0.08408484259719999,-0.112054940637,-0.052905053869799996,True
4536,226,16,4.69467851156e-30,True,0.0559613849698,True,-0.089134731035,-0.118160898689,-0.0621995137189,True
4537,226,17,2.5739129779199995e-52,True,0.0579658125841,True,-0.0895887607339,-0.118284929484,-0.060319116899499994,True
4538,226,18,6.313148199549998e-49,True,0.055059137173600003,True,-0.08875430786360002,-0.11710295062100001,-0.062043813447900005,True
4539,226,19,1.6252439202799998e-48,True,0.0550838802409,True,-0.09250691971789998,-0.12133345566199999,-0.0662495754215,True
4540,227,0,0.804879568909,False,0.144520067738,False,-0.102732842434,-0.175833583599,-0.031313515860599994,True
4541,227,1,1.37520052586,False,0.103834378531,False,-0.0710923858617,-0.12272670520300001,-0.018892326671900002,True
4542,227,2,10.7187212352,False,0.0878548708474,False,-0.042369320401,-0.086811896282,0.0010429745654,False
4543,227,3,16.808459078800002,False,0.0800081952372,False,-0.032876880762,-0.0724898288867,0.00751836635042,False
4544,227,4,17.3494249637,False,0.0740126554422,True,-0.030547684850900002,-0.067656670789,0.00635598465323,False
4545,227,5,40.5588037109,False,0.07026168781349999,True,-0.018063360079299998,-0.0531944307091,0.0170672571044,False
4546,227,6,24.0088500088,False,0.0654224020723,True,-0.024617544830299997,-0.0573303620873,0.00809203998502,False
4547,227,7,44.39026593770001,False,0.06326414247140001,True,-0.0172833405651,-0.049829506979199994,0.013434635492200002,False
4548,227,8,27.5891892456,False,0.0628735118654,True,-0.0230634526016,-0.0549737410369,0.00789977082852,False
4549,227,9,35.6125990167,False,0.0618509515902,True,-0.0196262653217,-0.0497539063069,0.012097045283299999,False
4550,227,10,28.984171043899998,False,0.0595473138025,True,-0.0221812586435,-0.052135986964499996,0.007411326837959999,False
4551,227,11,18.9581385227,False,0.06085590355880001,True,-0.0265728418732,-0.056873536371200004,0.00398236718758,False
4552,227,12,13.8673542922,False,0.060766160037400006,True,-0.0296133402954,-0.0600670691289,0.000699090908407,False
4553,227,13,14.412056990999998,False,0.0581517620711,True,-0.029127545937200003,-0.058901818373800006,-0.0007500563026369999,True
4554,227,14,30.2084498353,False,0.0571482998397,True,-0.021724040351,-0.0513320577757,0.005816242064029999,False
4555,227,15,29.0370232671,False,0.0563586390647,True,-0.0213647448747,-0.0500883426396,0.0062702964251300005,False
4556,227,16,23.6608258627,False,0.0576943283457,True,-0.023702050070700004,-0.0531189128596,0.00457541548613,False
4557,227,17,22.1428569898,False,0.0553695174802,True,-0.024584591307599997,-0.0520705874954,0.00329892998486,False
4558,227,18,19.726133677300002,False,0.057494039382800004,True,-0.024965753008400003,-0.05274393578,0.00475010360282,False
4559,227,19,13.1564913948,False,0.0557909018401,True,-0.0284265789912,-0.05616491072509999,-0.00037400888497800006,True
4560,228,0,29.7927692092,False,0.141273000631,False,-0.0214427378083,-0.0921947052572,0.0490782953743,False
4561,228,1,22.9868503313,False,0.10114072831599999,False,-0.0327259843523,-0.0841182949326,0.0170224333833,False
4562,228,2,6.39137819376,False,0.0896217526573,False,-0.0488889089279,-0.0932484362767,-0.0036266836194000004,True
4563,228,3,3.37121259048,False,0.07746351005549999,True,-0.0487375777862,-0.087494881667,-0.010031371611399999,True
4564,228,4,2.47675797593,False,0.0733369470224,True,-0.050147549889699994,-0.0857792760344,-0.012442329011899999,True
4565,228,5,1.44622059368,False,0.0704420630544,True,-0.052506989156900004,-0.0874571684853,-0.017015105431,True
4566,228,6,0.512212165276,False,0.0671457272273,True,-0.0568404882302,-0.0904620640653,-0.023316336838000003,True
4567,228,7,1.8109760501299998,False,0.0656129601377,True,-0.0454552269545,-0.080406210227,-0.0147932500893,True
4568,228,8,1.40020751647,False,0.0643047217171,True,-0.047808794106199995,-0.07847757223089999,-0.014172850513799998,True
4569,228,9,0.134536154155,True,0.06116959156809999,True,-0.055110558295300004,-0.0854824846878,-0.024312893119700002,True
4570,228,10,1.97457992388e-06,True,0.0606910334939,True,-0.06374708573059999,-0.09326228777310001,-0.032571254279200004,True
4571,228,11,0.00012170059956999999,True,0.0602121565485,True,-0.06368670788790001,-0.09421171070530002,-0.0339995541567,True
4572,228,12,0.012649394420300001,True,0.0569238616467,True,-0.0649705821208,-0.0933882267045,-0.0364643650578,True
4573,228,13,1.60490575339e-07,True,0.058861838285999994,True,-0.0630481673316,-0.09108987767030001,-0.0322280393843,True
4574,228,14,8.200590601729999e-09,True,0.05670104329509999,True,-0.0624899087812,-0.09257776402830001,-0.035876720733199995,True
4575,228,15,0.00400833118359,True,0.0588065569336,True,-0.066667670828,-0.09699017225579999,-0.03818361532219999,True
4576,228,16,1.1176344638600002e-20,True,0.0559201422663,True,-0.0696794728971,-0.0970279839789,-0.0411078417126,True
4577,228,17,7.480640881299999e-10,True,0.0565869840272,True,-0.06772860673190001,-0.0958686224995,-0.039281638472300005,True
4578,228,18,9.054346339139999e-08,True,0.055689320783400005,True,-0.0663636353617,-0.09375336676439999,-0.038064045981,True
4579,228,19,3.3643498928099996e-14,True,0.0564748635571,True,-0.066048001664,-0.09397163430939999,-0.0374967707523,True
4580,229,0,27.6509683142,False,0.13990725677000002,False,0.0222383194518,-0.0450277003108,0.09487955645889999,False
4581,229,1,32.6004938402,False,0.10305749978499999,False,-0.0207172412138,-0.0693169333855,0.033740566399099996,False
4582,229,2,10.8861624611,False,0.0856514991157,False,-0.0411703666971,-0.0840059314164,0.0016455676992699999,False
4583,229,3,11.7848241763,False,0.0814155120555,False,-0.0384326500444,-0.0803093212192,0.0011061908363,False
4584,229,4,19.2659499646,False,0.0750525272517,True,-0.029247126888299998,-0.0688774198549,0.00617510739683,False
4585,229,5,12.265115469200001,False,0.0681840731119,True,-0.033966875972700004,-0.0655336238459,0.00265044926603,False
4586,229,6,6.32341896645,False,0.0669982594075,True,-0.0381921189014,-0.0717482012465,-0.004749941839,True
4587,229,7,1.6823805711700002,False,0.0643887940818,True,-0.0463982821545,-0.0789582098695,-0.0145694157877,True
4588,229,8,0.775692301223,False,0.062280032418900004,True,-0.050231182161,-0.0797868801805,-0.017506847761599997,True
4589,229,9,0.477154703418,False,0.061631775844300005,True,-0.0507099593166,-0.0809723637829,-0.0193405879386,True
4590,229,10,1.02735390142,False,0.0599004523828,True,-0.0479805126999,-0.0785707068228,-0.018670254440000002,True
4591,229,11,0.10114414242,True,0.060152214512800006,True,-0.0568771976955,-0.0862184928948,-0.026066278382000003,True
4592,229,12,0.10562570542500001,True,0.0596239463975,True,-0.0584494314166,-0.088870623601,-0.0292466772035,True
4593,229,13,0.000103359425615,True,0.0594427065786,True,-0.060425055179500003,-0.090200574006,-0.030757867427400002,True
4594,229,14,0.219177595127,True,0.059310121769,True,-0.055561396168599994,-0.0853797327225,-0.0260696109534,True
4595,229,15,0.530780545894,False,0.056168966714000006,True,-0.0494019482377,-0.0770898241807,-0.0209208574667,True
4596,229,16,0.09950685383739999,True,0.0567409326669,True,-0.051543275883099995,-0.0805328745804,-0.0237919419135,True
4597,229,17,0.0841137233976,True,0.058145054242400004,True,-0.057706096266400005,-0.0880321303258,-0.029887076083400004,True
4598,229,18,0.00306850543091,True,0.056421977570900006,True,-0.0617344945211,-0.09045388606789999,-0.034031908497,True
4599,229,19,1.74267246547e-08,True,0.0540597082218,True,-0.0624507067605,-0.08936576776170001,-0.0353060595399,True
4600,230,0,26.1210081833,False,0.140453643786,False,-0.029193575880999998,-0.09963286796819999,0.0408207758181,False
4601,230,1,13.3412652073,False,0.10540640318,False,-0.04322451785899999,-0.0990347897053,0.006371613474700001,False
4602,230,2,4.209891306459999,False,0.0872810347122,False,-0.0509917225651,-0.0942667284526,-0.006985693740420001,True
4603,230,3,2.2105353013499998,False,0.0801298415802,False,-0.0525822519264,-0.09237735484120001,-0.012247513261,True
4604,230,4,0.8591886270829999,False,0.0742227828863,True,-0.059604582518699996,-0.09537114211639998,-0.0211483592302,True
4605,230,5,2.14074523075,False,0.0702276566653,True,-0.0494228089557,-0.08469490507,-0.014467248404700001,True
4606,230,6,1.5991624835499998,False,0.0667190568596,True,-0.0487539418975,-0.08224879789350001,-0.0155297410339,True
4607,230,7,1.8167907455599999,False,0.0631207218578,True,-0.047500915377699994,-0.0788031943203,-0.0156824724625,True
4608,230,8,0.210380132377,True,0.0619561332675,True,-0.0576321774058,-0.08864871056269999,-0.026692577295200002,True
4609,230,9,0.0912961936207,True,0.0614751825324,True,-0.057738489989200004,-0.09048642492869999,-0.029011242396299996,True
4610,230,10,1.8749814201400004,False,0.061334468865400005,True,-0.0422250572439,-0.07149419933689999,-0.0101597304714,True
4611,230,11,0.710561890593,False,0.058443706422300006,True,-0.0472635550057,-0.07845019834200001,-0.0200064919197,True
4612,230,12,0.20203033767499998,True,0.058983646999399994,True,-0.05298783254980001,-0.0828845298097,-0.023900882810299996,True
4613,230,13,0.44293052538500005,False,0.0579195165948,True,-0.0475218072614,-0.07609675623289999,-0.018177239638,True
4614,230,14,0.00959762326988,True,0.056123802434199996,True,-0.055196203612099995,-0.0839816332123,-0.027857830778099998,True
4615,230,15,0.426587181237,False,0.059076838672900006,True,-0.046332933191499996,-0.0765883512576,-0.0175115125847,True
4616,230,16,0.20772054,True,0.056416473684599996,True,-0.0483003406829,-0.07641148068310001,-0.0199950069985,True
4617,230,17,2.2316594289099996,False,0.056338161134199996,True,-0.040381494789,-0.0680471734136,-0.011709012279299998,True
4618,230,18,1.06208020423,False,0.05800645734709999,True,-0.0462099837177,-0.0743776907745,-0.0163712334274,True
4619,230,19,0.122563565994,True,0.055340237751099995,True,-0.049795526901199996,-0.076887311022,-0.021547073270900004,True
4620,231,0,18.5255745728,False,0.13867448105799998,False,-0.0433680442811,-0.115170538556,0.023503942501599998,False
4621,231,1,9.88425723808,False,0.10484038904100001,False,-0.0486222705788,-0.09856780295189999,0.00627258608874,False
4622,231,2,3.31038149732,False,0.0861392284667,False,-0.0535145495056,-0.09619278875710001,-0.010053560290399999,True
4623,231,3,1.4515634492299998,False,0.0819215025992,False,-0.0575850617303,-0.09785863489330002,-0.015937132294,True
4624,231,4,9.027515236830001e-06,True,0.07311439374630001,True,-0.07379619336019999,-0.109837746118,-0.036723352371199995,True
4625,231,5,1.5041727851400002e-07,True,0.0689602034391,True,-0.0717474544681,-0.105738216188,-0.0367780127486,True
4626,231,6,0.00031093317122500005,True,0.065703117195,True,-0.0698746039524,-0.102695760557,-0.0369926433625,True
4627,231,7,0.150665718689,True,0.06374179289,True,-0.0588303416079,-0.0899905025438,-0.0262487096538,True
4628,231,8,0.060079732146300004,True,0.06283271246069999,True,-0.0580902187636,-0.0898829867842,-0.0270502743235,True
4629,231,9,0.020857204015,True,0.06345365220369999,True,-0.0655969552343,-0.0973812083328,-0.0339275561292,True
4630,231,10,0.0379540659938,True,0.062121173290800004,True,-0.0606194901348,-0.092167738743,-0.0300465654522,True
4631,231,11,1.00173985495e-05,True,0.058779715062600005,True,-0.0629927192148,-0.0936137489777,-0.0348340339151,True
4632,231,12,0.195442013548,True,0.0585559980645,True,-0.05276866558519999,-0.0832761403112,-0.024720142246699998,True
4633,231,13,0.5134486175890001,False,0.060034701263,True,-0.0495885175935,-0.07814911402250001,-0.0181144127595,True
4634,231,14,0.77633516903,False,0.0564854161515,True,-0.045062398841399995,-0.07518200284689999,-0.0186965866955,True
4635,231,15,0.5129265290730001,False,0.0579122167921,True,-0.05048931074,-0.0797778933345,-0.0218656765424,True
4636,231,16,0.342838259518,False,0.055695252900099995,True,-0.050341245371500004,-0.07883110583710001,-0.023135852936999997,True
4637,231,17,0.0229918268176,True,0.0568706115971,True,-0.0572489713023,-0.086461160588,-0.0295905489909,True
4638,231,18,0.051284355404599996,True,0.055834051628300005,True,-0.0600710371124,-0.0895517513488,-0.0337176997205,True
4639,231,19,1.90066016577e-08,True,0.0564682731422,True,-0.0659441268698,-0.09356779555150001,-0.037099522409300006,True
4640,232,0,4.69834800406,False,0.139802064757,False,-0.07138116955789998,-0.146678270316,-0.006876205559170001,True
4641,232,1,2.36948560977,False,0.101133227577,False,-0.0646961693371,-0.114603087573,-0.0134698599953,True
4642,232,2,1.49605890198,False,0.08777682800719999,False,-0.06459327069330001,-0.10794676785,-0.0201699398423,True
4643,232,3,0.484006109664,False,0.079209903412,True,-0.0649258170187,-0.106173500925,-0.0269635975134,True
4644,232,4,2.3024053293099998e-07,True,0.0713021606991,True,-0.08699391701310001,-0.122184348588,-0.0508821878884,True
4645,232,5,0.024434512089800003,True,0.06791982166709999,True,-0.0837306902051,-0.11701957607999999,-0.0490997544125,True
4646,232,6,0.00011236442780700001,True,0.0658295403473,True,-0.07038703825539999,-0.102615968246,-0.03678642789869999,True
4647,232,7,3.34646551066e-05,True,0.0635945698788,True,-0.0709779049962,-0.10236634294,-0.0387717730614,True
4648,232,8,0.0728838310245,True,0.0622618816078,True,-0.058204319157300004,-0.08802980761649999,-0.025767926008700003,True
4649,232,9,0.064983436244,True,0.064559734386,True,-0.0630585360383,-0.0959339614649,-0.0313742270789,True
4650,232,10,9.02586515888e-08,True,0.060425162929699995,True,-0.0652762623049,-0.0957022203599,-0.035277057430199994,True
4651,232,11,3.25878270419e-09,True,0.057968078695,True,-0.065498420739,-0.0933014139561,-0.03533333526119999,True
4652,232,12,0.022939658270400003,True,0.059508947526,True,-0.0572560462928,-0.0886346700897,-0.0291257225637,True
4653,232,13,0.08887190507789999,True,0.0592784664843,True,-0.0584403525349,-0.0887728435988,-0.0294943771145,True
4654,232,14,0.0038962518949099997,True,0.056371505088800004,True,-0.055747575977300005,-0.08340801763139999,-0.0270365125426,True
4655,232,15,0.12866314320299999,True,0.05756108383780001,True,-0.0585353128596,-0.0871846731202,-0.0296235892824,True
4656,232,16,0.139042215272,True,0.0560329101647,True,-0.0516405430038,-0.0799023151102,-0.023869404945499998,True
4657,232,17,0.024988601683099996,True,0.0578455335083,True,-0.0550906890422,-0.08230936247269999,-0.024463828964499997,True
4658,232,18,0.00019212250548799998,True,0.0560479640211,True,-0.056589567150499995,-0.08445475056679999,-0.028406786545700002,True
4659,232,19,7.89617738314e-07,True,0.05565402045869999,True,-0.0593090024432,-0.0876189865904,-0.0319649661318,True
4660,233,0,34.0247369193,False,0.14454654473099998,False,0.0051952505240600005,-0.0632030986371,0.0813434460941,False
4661,233,1,43.7739230687,False,0.104942363929,False,-0.0109957424959,-0.0631796411441,0.041762722784699995,False
4662,233,2,39.3150143502,False,0.08830210297329999,False,-0.019403159419599997,-0.0647100322712,0.023592070702200003,False
4663,233,3,13.784853388699998,False,0.0800650694577,False,-0.0356850671756,-0.0739275707179,0.006137498739840001,False
4664,233,4,12.328639921099999,False,0.07662848546880001,True,-0.0358789503841,-0.07263341162539999,0.00399507384347,False
4665,233,5,13.761601458800001,False,0.0673719204535,True,-0.0332131142714,-0.0671430715478,0.00022884890576299998,False
4666,233,6,13.456035189200001,False,0.068648980456,True,-0.0314751783159,-0.0666416271935,0.0020073532625,False
4667,233,7,10.8307322627,False,0.0686157169382,True,-0.0354472243344,-0.0705420867036,-0.00192636976545,True
4668,233,8,9.5009415449,False,0.0660958135207,True,-0.0337821569293,-0.06851116124750001,-0.00241534772682,True
4669,233,9,2.23712768155,False,0.061227406814400004,True,-0.0437515688512,-0.07588525549889999,-0.0146578486845,True
4670,233,10,5.68236391865,False,0.0605218298965,True,-0.0362087871665,-0.06539536087280001,-0.00487353097625,True
4671,233,11,2.45831915458,False,0.0581398647311,True,-0.0419904332757,-0.0704544183961,-0.012314553665,True
4672,233,12,2.2647187732700003,False,0.060081829242099996,True,-0.042920709527,-0.0715968476218,-0.0115150183797,True
4673,233,13,0.86122784579,False,0.0594617002224,True,-0.0451055904076,-0.0760356963309,-0.0165739961085,True
4674,233,14,0.8215748686959999,False,0.059305401421099996,True,-0.047813770503500004,-0.0761995124716,-0.0168941110505,True
4675,233,15,0.0928950701134,True,0.05488511669750001,True,-0.053338227698800006,-0.0808790851174,-0.0259939684199,True
4676,233,16,0.408425558104,False,0.0581020043293,True,-0.052208906620199995,-0.0807201942142,-0.022618189884900004,True
4677,233,17,0.113618114609,True,0.055811808966800006,True,-0.0593446450054,-0.0865991590286,-0.0307873500619,True
4678,233,18,5.32505320819e-07,True,0.0568259125025,True,-0.062377999610099995,-0.0904973135278,-0.033671401025299995,True
4679,233,19,1.76372625072e-05,True,0.05669041175509999,True,-0.070028048754,-0.09814963076960001,-0.0414592190145,True
4680,234,0,31.921718840500002,False,0.141262669664,False,-0.014531797466200001,-0.0845455273131,0.0567171423513,False
4681,234,1,35.0007036306,False,0.10547889120500001,False,-0.021978699453900002,-0.0787967667602,0.0266821244449,False
4682,234,2,22.9559244891,False,0.08799961009,False,-0.029378077944999997,-0.0736550960659,0.014344514024200002,False
4683,234,3,17.813388651900002,False,0.08050270810139999,False,-0.031960054939200004,-0.0724293732957,0.00807333480571,False
4684,234,4,9.20770920045,False,0.0726079814098,True,-0.038584728669,-0.0730223026178,-0.00041432120802800004,True
4685,234,5,16.3948599234,False,0.0709756171496,True,-0.0317288436179,-0.0679141605606,0.00306145658902,False
4686,234,6,2.85208045148,False,0.0666931229925,True,-0.046082252478400004,-0.08057227976369999,-0.0138791567711,True
4687,234,7,1.61624280541,False,0.0649607446937,True,-0.046092927708099994,-0.0769264365097,-0.011965691816,True
4688,234,8,3.60384878319,False,0.060029416981499994,True,-0.0391234296622,-0.0700030501738,-0.00997363319226,True
4689,234,9,3.81986598763,False,0.05955962433130001,True,-0.03809437576869999,-0.06748399812490001,-0.00792437379359,True
4690,234,10,0.8581130538349999,False,0.05967896925340001,True,-0.045571663745400004,-0.07436929919549999,-0.0146903299422,True
4691,234,11,0.9294495252339999,False,0.0583775167339,True,-0.0447751841493,-0.07382930605489998,-0.015451789321000001,True
4692,234,12,1.70846567442,False,0.0589638415374,True,-0.0432925634269,-0.0746083059023,-0.0156444643649,True
4693,234,13,0.826352341641,False,0.05895917279630001,True,-0.0492605863177,-0.07788756263999999,-0.0189283898437,True
4694,234,14,1.04599695654,False,0.0576034182835,True,-0.0454443833065,-0.073481436685,-0.0158780184015,True
4695,234,15,0.17589927235,True,0.056778942678199995,True,-0.0533954337703,-0.08056726645460001,-0.0237883237765,True
4696,234,16,0.0064800870982,True,0.0571090071215,True,-0.0583662818016,-0.08736999435869999,-0.0302609872373,True
4697,234,17,0.0167580604598,True,0.056460707222699996,True,-0.0619665586852,-0.08975412490839998,-0.0332934176856,True
4698,234,18,1.4723930315299998e-06,True,0.05710453343230001,True,-0.0622349981026,-0.089496397174,-0.0323918637417,True
4699,234,19,0.0987002713329,True,0.056666249171199994,True,-0.059534401998199996,-0.086714333461,-0.0300480842898,True
4700,235,0,11.5618272119,False,0.141082730025,False,-0.055133962358,-0.127975874288,0.013106855736100001,False
4701,235,1,0.289776420396,True,0.103161602914,False,-0.0902646450293,-0.141321557159,-0.0381599542444,True
4702,235,2,0.129230607813,True,0.090660911708,False,-0.07743421347960001,-0.125457704551,-0.0347967928431,True
4703,235,3,1.14455988689,False,0.08063441921039999,False,-0.062287506716900004,-0.10232518401900001,-0.0216907648087,True
4704,235,4,0.507867916161,False,0.075322176869,True,-0.06197371824799999,-0.101246720965,-0.0259245440963,True
4705,235,5,3.01890397223e-06,True,0.0726758494253,True,-0.07136149891089999,-0.108003765878,-0.0353279164526,True
4706,235,6,0.08544879198180001,True,0.0694790493245,True,-0.067161602735,-0.102606930543,-0.0331278812183,True
4707,235,7,0.0016972579009600002,True,0.06342988474740001,True,-0.0687939181979,-0.0995276848373,-0.0360978000899,True
4708,235,8,3.30875117287e-06,True,0.0650920139601,True,-0.0778915516355,-0.111412342928,-0.0463203289683,True
4709,235,9,0.0455310678213,True,0.061510018104999994,True,-0.06604925767080001,-0.09684498005719999,-0.0353349619522,True
4710,235,10,0.0018440934491400001,True,0.0597323080148,True,-0.0686825067766,-0.0988347590401,-0.0391024510253,True
4711,235,11,0.00153489332676,True,0.0590624318401,True,-0.0683193891854,-0.09771640561280001,-0.038653973772699995,True
4712,235,12,2.47904833705e-09,True,0.058688010883800004,True,-0.0666056255734,-0.09594666153110001,-0.0372586506473,True
4713,235,13,8.61224649648e-15,True,0.0586028873013,True,-0.0709126520015,-0.101310453135,-0.0427075658337,True
4714,235,14,9.3762751737e-16,True,0.05865865637130001,True,-0.07367707697489999,-0.102947554405,-0.0442888980339,True
4715,235,15,2.95606427509e-05,True,0.057215588487800007,True,-0.07086111865189999,-0.09941887317919999,-0.0422032846914,True
4716,235,16,3.86201970258e-10,True,0.0542371105376,True,-0.0686507771193,-0.09649178386150001,-0.042254673323900004,True
4717,235,17,5.73091547845e-16,True,0.056788770869000006,True,-0.0717671316556,-0.101134617498,-0.0443458466294,True
4718,235,18,2.1294117391800002e-19,True,0.0563330922166,True,-0.074192117406,-0.10189334894999999,-0.0455602567335,True
4719,235,19,1.4160277622200001e-34,True,0.054618233433099996,True,-0.0800754322252,-0.10720276193,-0.0525845284971,True
4720,236,0,4.20816867065,False,0.139355278787,False,-0.0733337889088,-0.145597738525,-0.00624245973771,True
4721,236,1,18.5934683301,False,0.10348087571,False,-0.036394871710699994,-0.08696644836470001,0.0165144273449,False
4722,236,2,11.1887441746,False,0.0869210424092,False,-0.0426140907032,-0.08580502735860002,0.00111601505065,False
4723,236,3,11.345397715699999,False,0.0779995068598,True,-0.038098944878300005,-0.07720829346319999,0.0007912133965660001,False
4724,236,4,2.41199271746,False,0.0710696651635,True,-0.046040386743999996,-0.0799437173641,-0.00887405220056,True
4725,236,5,6.20838448725,False,0.070187627144,True,-0.0402397547031,-0.0746751404298,-0.004487513285770001,True
4726,236,6,9.08978539834,False,0.0676880650265,True,-0.03539717588980001,-0.0705807297273,-0.0028926647008400003,True
4727,236,7,13.071761179600001,False,0.0654019221855,True,-0.030725286282200004,-0.0629943111759,0.00240761100962,False
4728,236,8,6.9397166079699995,False,0.0643528311235,True,-0.0371319070425,-0.068651639842,-0.00429880871855,True
4729,236,9,0.831467181523,False,0.0613294974022,True,-0.046034865115999996,-0.07630774289,-0.014978245487799998,True
4730,236,10,2.7786706272500004,False,0.05918492799319999,True,-0.0401422436634,-0.0707085601583,-0.011523632165099999,True
4731,236,11,1.42296919081,False,0.061412022017599995,True,-0.0448883542975,-0.0767116906518,-0.0152996686341,True
4732,236,12,1.02460784654,False,0.057821619770000006,True,-0.0449537376657,-0.073318178091,-0.015496558321,True
4733,236,13,1.9102996905200003,False,0.0585502069273,True,-0.0403891982821,-0.07025448575189999,-0.0117042788246,True
4734,236,14,3.10560689194,False,0.058735928893,True,-0.0399184751237,-0.0698715450621,-0.0111356161691,True
4735,236,15,3.03522530423,False,0.0576323917578,True,-0.039534949759199994,-0.0679374687881,-0.0103050770303,True
4736,236,16,3.49356268889,False,0.058179017362699995,True,-0.038001545259099996,-0.06751721900669999,-0.00933820164398,True
4737,236,17,3.0060739861799997,False,0.057675005921499996,True,-0.0380218621781,-0.0669085153544,-0.0092335094329,True
4738,236,18,0.203450048821,True,0.0572165939549,True,-0.0489444010269,-0.0768057566907,-0.0195891627357,True
4739,236,19,0.0498996625344,True,0.055950525528699994,True,-0.05248064064809999,-0.0795801353163,-0.0236296097876,True
4740,237,0,7.1870236936100005,False,0.142590867634,False,-0.0658778797403,-0.14012049005899999,0.00247037757544,False
4741,237,1,10.4095437963,False,0.103683548854,False,-0.0464734616797,-0.0999344276712,0.00374912118301,False
4742,237,2,8.78962995372,False,0.09535316682679999,False,-0.0470219686313,-0.0961602156267,-0.000807048799917,True
4743,237,3,18.3702602244,False,0.0788074423127,True,-0.0314163070428,-0.07162001832510001,0.00718742398753,False
4744,237,4,4.98955100904,False,0.07386979033739999,True,-0.0440924826181,-0.0812543336701,-0.007384543332689999,True
4745,237,5,3.83715488561,False,0.070107858063,True,-0.0427316413346,-0.0767581007736,-0.006650242710569999,True
4746,237,6,5.10058215734,False,0.068180759131,True,-0.041383587283099994,-0.073509907842,-0.00532914871104,True
4747,237,7,9.031777602130001,False,0.068966109732,True,-0.0364130136936,-0.07125999643780001,-0.00229388670577,True
4748,237,8,6.90600571089,False,0.0628173962554,True,-0.036471590921999995,-0.0673495167611,-0.00453212050568,True
4749,237,9,29.9871829746,False,0.061830607843000006,True,-0.0210253538433,-0.050385879896800004,0.0114447279462,False
4750,237,10,20.2539454382,False,0.0609807172028,True,-0.026957158790199998,-0.0563187034004,0.0046620138024399994,False
4751,237,11,21.556086593099998,False,0.0589373484498,True,-0.0256582352716,-0.054759283377400006,0.004178065072429999,False
4752,237,12,5.792628926619999,False,0.0602063787705,True,-0.036175578315,-0.065894644995,-0.00568826622448,True
4753,237,13,0.774433688742,False,0.0565566282169,True,-0.0458849628713,-0.0736804050431,-0.0171237768262,True
4754,237,14,1.16553545552,False,0.0562190641429,True,-0.0411030530208,-0.0699027610123,-0.013683696869399999,True
4755,237,15,5.301194466969999,False,0.0584193641745,True,-0.035569456122099996,-0.0651015743284,-0.00668221015396,True
4756,237,16,1.7966194546,False,0.0579652416302,True,-0.0422969026155,-0.07117062851730001,-0.0132053868871,True
4757,237,17,0.603549142979,False,0.05545478727369999,True,-0.0445681077191,-0.0720606051888,-0.0166058179152,True
4758,237,18,0.058994987274599994,True,0.055469645840499994,True,-0.0534840217076,-0.08130050594930001,-0.0258308601088,True
4759,237,19,0.0006221387446840001,True,0.05366995004530001,True,-0.0539704580753,-0.0802508601595,-0.0265809101141,True
4760,238,0,16.8153606549,False,0.144359795748,False,-0.041988337223199994,-0.11422797114399999,0.0301318246039,False
4761,238,1,2.09513839277,False,0.105578586794,False,-0.0687102909916,-0.123947884671,-0.018369297877,True
4762,238,2,0.149558630447,True,0.08845573269649999,False,-0.07397257424430001,-0.117264349973,-0.028808617277,True
4763,238,3,0.574529273595,False,0.076990813218,True,-0.0603906532032,-0.09885136015399999,-0.021860546935999998,True
4764,238,4,0.8458732113070001,False,0.0730233516771,True,-0.059500483828300005,-0.0980702303016,-0.0250468786246,True
4765,238,5,0.00100510708484,True,0.0712715016983,True,-0.07365337500199999,-0.10897511464000001,-0.037703612941400004,True
4766,238,6,1.77254935511e-05,True,0.0695638450362,True,-0.0699063109923,-0.10635617066299999,-0.0367923256268,True
4767,238,7,0.0974990176914,True,0.064807361787,True,-0.06876192392139999,-0.10325903931399999,-0.0384516775268,True
4768,238,8,1.79366658067e-06,True,0.061722761349999995,True,-0.06649215644340001,-0.0961570385257,-0.034434277175699995,True
4769,238,9,0.357358725978,False,0.061616687302,True,-0.054856992961300005,-0.08582650849710001,-0.0242098211952,True
4770,238,10,8.72698652834e-05,True,0.0612071923133,True,-0.0630386144958,-0.0933942437654,-0.032187051452,True
4771,238,11,0.00860969718575,True,0.0590874351409,True,-0.0637979108622,-0.09314407723740001,-0.0340566420965,True
4772,238,12,7.72332155366e-15,True,0.0588993254369,True,-0.0709127842358,-0.0997926019797,-0.040893276542800006,True
4773,238,13,1.84443532254e-15,True,0.0591850602224,True,-0.0706149431845,-0.100526907209,-0.0413418469866,True
4774,238,14,7.93410725113e-09,True,0.0574463541037,True,-0.06946512743939999,-0.0989033964948,-0.0414570423911,True
4775,238,15,2.6248510621e-06,True,0.0583676492286,True,-0.0649044962184,-0.0948018506035,-0.0364342013748,True
4776,238,16,1.1206174419799999e-13,True,0.0587642871678,True,-0.0681224212418,-0.09762153546489999,-0.038857248297099994,True
4777,238,17,2.6084284516599996e-10,True,0.058805149303199994,True,-0.0679790025778,-0.09576726894139999,-0.036962119638199994,True
4778,238,18,5.14693546879e-09,True,0.054957893121300005,True,-0.0679579034412,-0.0946531249272,-0.0396952318059,True
4779,238,19,9.59179423463e-09,True,0.055292972677100004,True,-0.0701182969333,-0.0982769472425,-0.0429839745653,True
4780,239,0,32.3905786404,False,0.146898487436,False,-0.011518195536400001,-0.0871263088243,0.059772178611900005,False
4781,239,1,31.366859358299997,False,0.105136228824,False,-0.0226061106481,-0.074610817482,0.0305254113419,False
4782,239,2,46.252588609600004,False,0.08682914034499999,False,-0.010624255052,-0.0543265775627,0.032502562782400005,False
4783,239,3,46.3185685142,False,0.0812945032019,False,-0.0151471498968,-0.05790155774090001,0.023392945461,False
4784,239,4,9.53594325138,False,0.07511704166239999,True,-0.037879465459,-0.0736032204233,0.00151382123904,False
4785,239,5,11.7905824428,False,0.0708677098432,True,-0.0349338530804,-0.0713405754693,-0.00047286562611599997,True
4786,239,6,7.667175674289999,False,0.0685375074676,True,-0.0368154156102,-0.0724958877248,-0.0039583802572,True
4787,239,7,11.315799815899998,False,0.0682340102719,True,-0.035203826543099996,-0.0676121636881,0.000621846583799,False
4788,239,8,13.2389640924,False,0.0649239797041,True,-0.0297643030285,-0.0637903139253,0.00113366577879,False
4789,239,9,7.234948372130001,False,0.061972977913499996,True,-0.0351754957477,-0.0660915482768,-0.0041185703633500005,True
4790,239,10,2.4582210784,False,0.0599606957899,True,-0.0418844531697,-0.0711842712367,-0.0112235754469,True
4791,239,11,3.4262289003500004,False,0.058558898257,True,-0.0391047874065,-0.0676970614887,-0.009138163231719999,True
4792,239,12,1.30612137168,False,0.057169061218699996,True,-0.042895031102099995,-0.072252096958,-0.0150830357393,True
4793,239,13,0.82274524623,False,0.0571744162466,True,-0.0459173173547,-0.07335158698819999,-0.0161771707417,True
4794,239,14,0.40127699495499997,False,0.0578046128862,True,-0.05042249535619999,-0.0795756097335,-0.0217709968473,True
4795,239,15,0.479918925652,False,0.0572016520864,True,-0.050307084343099995,-0.0792173579227,-0.022015705836299998,True
4796,239,16,0.261078922427,True,0.0551016248264,True,-0.048869689723300004,-0.0767919119826,-0.0216902871563,True
4797,239,17,0.431438882056,False,0.059326810098099994,True,-0.0485936810998,-0.0789651525983,-0.0196383425001,True
4798,239,18,0.119998247888,True,0.0565152261374,True,-0.0548198939241,-0.08359480941019999,-0.027079583272700002,True
4799,239,19,0.37002652820299997,False,0.0568178750731,True,-0.051872118783800006,-0.0817218306586,-0.0249039555854,True
4800,240,0,5.45162747083e-06,True,0.14209825295,False,-0.144416245814,-0.209804183009,-0.0677059300596,True
4801,240,1,1.37945029801,False,0.109290712317,False,-0.076148015494,-0.128365848098,-0.0190751357812,True
4802,240,2,0.35004625302299996,False,0.090840270941,False,-0.0708288614508,-0.11536847140499999,-0.0245282004644,True
4803,240,3,0.49811649982,False,0.0778624897468,True,-0.0621371792525,-0.10096569464199999,-0.0231032048948,True
4804,240,4,0.934609564851,False,0.0743985035096,True,-0.0572262561212,-0.09400901918860001,-0.019610515679,True
4805,240,5,2.35851093067,False,0.0716465374397,True,-0.0479915294764,-0.0837247449053,-0.012078207465700002,True
4806,240,6,0.053112877084999996,True,0.0658973398621,True,-0.0616706819843,-0.09485899242519999,-0.028961652563099995,True
4807,240,7,0.050817283094499996,True,0.0647446934391,True,-0.0648802359091,-0.0983334162517,-0.0335887228127,True
4808,240,8,1.6311752502699999e-07,True,0.0621391679406,True,-0.0721516382998,-0.105069456494,-0.04293028855330001,True
4809,240,9,1.54016815201e-05,True,0.0622717043518,True,-0.07592617015019999,-0.105950363756,-0.043678659403999995,True
4810,240,10,2.5614639123e-08,True,0.0610105794804,True,-0.07640012579950001,-0.10798760274399999,-0.0469770232639,True
4811,240,11,9.78910652212e-21,True,0.060856583379,True,-0.0768598068672,-0.106591422624,-0.045734839245,True
4812,240,12,5.29445070975e-15,True,0.0589864017791,True,-0.07364103633550001,-0.102110569998,-0.0431241682194,True
4813,240,13,4.2754819410999997e-16,True,0.0583075551081,True,-0.0734236014691,-0.101643041444,-0.0433354863363,True
4814,240,14,1.86616836398e-15,True,0.0570847667178,True,-0.0742448959428,-0.103095258571,-0.046010491853099994,True
4815,240,15,4.952978170669999e-24,True,0.056772113711199994,True,-0.0789297043175,-0.106809014025,-0.050036900313599995,True
4816,240,16,2.03091379032e-08,True,0.056583369279,True,-0.0721438396656,-0.10053469545499999,-0.0439513261764,True
4817,240,17,2.195926409e-13,True,0.0574590678864,True,-0.0703702943755,-0.0976134531762,-0.040154385289800004,True
4818,240,18,5.11855529119e-15,True,0.055569937127,True,-0.07057667551360002,-0.09719342494069999,-0.0416234878137,True
4819,240,19,1.2999330994700001e-17,True,0.05913214289480001,True,-0.0742339053477,-0.102718855252,-0.043586712356699996,True
4820,241,0,31.163126335100003,False,0.14051498336100002,False,0.0066093883277600005,-0.06449624694799999,0.0760187364129,False
4821,241,1,22.544749696,False,0.10163741953199999,False,-0.0313388623019,-0.081705326669,0.0199320928625,False
4822,241,2,2.14201442906,False,0.0879269256371,False,-0.059717789821,-0.104206213034,-0.0162792873968,True
4823,241,3,0.177518710437,True,0.07903881473239999,True,-0.0656939500524,-0.10629925118599999,-0.027260436453900003,True
4824,241,4,8.290724095030001e-06,True,0.07051895990330001,True,-0.07557732802960002,-0.11055346676,-0.0400345068565,True
4825,241,5,5.74696906919e-12,True,0.07101650667619999,True,-0.0815762666414,-0.116491651698,-0.0454751450213,True
4826,241,6,2.66067081502e-13,True,0.0670962376771,True,-0.07688053025939999,-0.108379784849,-0.041283547172199994,True
4827,241,7,1.89672545155e-15,True,0.0640539777655,True,-0.0787112645834,-0.111165716665,-0.047111738899,True
4828,241,8,0.000124007566598,True,0.0628001320721,True,-0.0640533568255,-0.09544077152069999,-0.032640639448599996,True
4829,241,9,8.07687655392e-14,True,0.063126925153,True,-0.07656283078210001,-0.108720384977,-0.0455934598236,True
4830,241,10,1.83578618654e-17,True,0.0613086110497,True,-0.078995245258,-0.10913029944199999,-0.0478216883925,True
4831,241,11,2.91964653485e-18,True,0.058793575301199996,True,-0.07680649698739998,-0.106312708863,-0.0475191335618,True
4832,241,12,1.5574149822200001e-18,True,0.0590301661767,True,-0.07602311511260001,-0.10596316487299999,-0.0469329986959,True
4833,241,13,1.5882999665600002e-20,True,0.0580020056867,True,-0.0811563195737,-0.110738864937,-0.0527368592502,True
4834,241,14,8.27452173124e-32,True,0.0568289145831,True,-0.07775023476080001,-0.10541211820499999,-0.0485832036215,True
4835,241,15,6.036167131459999e-14,True,0.059221450451300006,True,-0.0725682029595,-0.103616773118,-0.0443953226663,True
4836,241,16,1.16484637366e-06,True,0.058277255367099996,True,-0.0678471935766,-0.0945708665753,-0.036293611208300006,True
4837,241,17,0.00574305544737,True,0.0597944224604,True,-0.0652474590101,-0.0972333103682,-0.037438887907800006,True
4838,241,18,4.97957114929e-07,True,0.056882642316100004,True,-0.06605100114819999,-0.0952015140396,-0.0383188717235,True
4839,241,19,8.62032105434e-16,True,0.0549231859554,True,-0.0694935271653,-0.0986911071938,-0.0437679212384,True
4840,242,0,9.98801970655,False,0.141959591303,False,-0.0585864258469,-0.129748062281,0.012211529022,False
4841,242,1,0.019942955977700003,True,0.103352467634,False,-0.09578050583860001,-0.14766926439300002,-0.044316796758900004,True
4842,242,2,0.752190464078,False,0.08885830614830001,False,-0.0653031242409,-0.11187716008899999,-0.023018853941000002,True
4843,242,3,0.00207070394262,True,0.07755171039969999,True,-0.0782840067775,-0.11750053681,-0.0399488264101,True
4844,242,4,0.676078375723,False,0.07626002422410001,True,-0.0613000334872,-0.0990341314516,-0.022774107227500003,True
4845,242,5,0.5003476054379999,False,0.06971919164,True,-0.058813719823500005,-0.09422083131560001,-0.024501639675699998,True
4846,242,6,0.214061326989,True,0.0671578521263,True,-0.0615357383391,-0.0947439790188,-0.027586126892499997,True
4847,242,7,0.162658887659,True,0.0630872446476,True,-0.0552566950973,-0.0872842380109,-0.0241969933632,True
4848,242,8,0.282418552403,True,0.06369850641040001,True,-0.054140713251099995,-0.086191757558,-0.022493251147599997,True
4849,242,9,0.315857385196,True,0.06244386138119999,True,-0.051701121703500004,-0.0824185090521,-0.019974647670900004,True
4850,242,10,0.24654459067200002,True,0.0592892716878,True,-0.0545308895696,-0.0832128888938,-0.023923617206,True
4851,242,11,0.056992536129700004,True,0.0595191070699,True,-0.055105528299699995,-0.08434952412999999,-0.0248304170601,True
4852,242,12,0.572617476506,False,0.0594835286951,True,-0.0475051294403,-0.0768150700364,-0.017331541341299998,True
4853,242,13,0.5930286232199999,False,0.0578260176916,True,-0.0456714055934,-0.0742707410303,-0.0164447233388,True
4854,242,14,0.249257425664,True,0.0572425784126,True,-0.0479838226445,-0.0756199350685,-0.018377356655900002,True
4855,242,15,0.118176214097,True,0.057167858881999996,True,-0.05533071413480001,-0.08437784908080001,-0.0272099901988,True
4856,242,16,0.188294296688,True,0.05850579473880001,True,-0.0524284326906,-0.0812013703868,-0.022695575647999996,True
4857,242,17,0.189323070752,True,0.0573747242665,True,-0.0531119452904,-0.0825155670862,-0.0251408428198,True
4858,242,18,0.11574009207000001,True,0.057434520113500004,True,-0.053839865570800005,-0.08209025841239999,-0.024655738298900002,True
4859,242,19,0.000698090863827,True,0.0562323150014,True,-0.0578386292263,-0.0861333648023,-0.0299010498008,True
4860,243,0,20.269214348,False,0.141183790201,False,-0.0368634565754,-0.10678352841199999,0.0344002617893,False
4861,243,1,5.538798883169999,False,0.10363801536299999,False,-0.053392942156999995,-0.1099848746,-0.006346859237899999,True
4862,243,2,15.4839186923,False,0.09200434242660001,False,-0.0362208989225,-0.0842237845235,0.007780557903079999,False
4863,243,3,6.30278355758,False,0.0798520429974,True,-0.0443606126932,-0.0853201639876,-0.00546812099021,True
4864,243,4,5.67912161642,False,0.07561235880360001,True,-0.04335083669840001,-0.0804284734598,-0.00481611465616,True
4865,243,5,1.0602936128899998,False,0.0703306705527,True,-0.054269382655,-0.08900116377350001,-0.0186704932208,True
4866,243,6,0.311015101794,True,0.0686042557498,True,-0.058172926654400006,-0.09307990402180001,-0.024475648272,True
4867,243,7,0.179719302633,True,0.0653190793631,True,-0.0626685408241,-0.0959333669638,-0.030614287600699997,True
4868,243,8,0.491909899198,False,0.0634476336086,True,-0.054364508811999994,-0.0870315389466,-0.023583905338,True
4869,243,9,0.839038250611,False,0.061091444813,True,-0.0509257798618,-0.0800173422365,-0.0189258974235,True
4870,243,10,0.19726173774300002,True,0.0617381573606,True,-0.056472287803199996,-0.0870084803053,-0.0252703229446,True
4871,243,11,0.271145695756,True,0.0597088613029,True,-0.0511410475179,-0.0803870217918,-0.020678160488799998,True
4872,243,12,1.7994310272999998,False,0.0586041354569,True,-0.0433477684859,-0.0723906325571,-0.013786497100200001,True
4873,243,13,0.24263650178000004,True,0.05874712076230001,True,-0.0495818469619,-0.0795631884889,-0.0208160677266,True
4874,243,14,0.17827211233399998,True,0.057212028638800004,True,-0.049799679581800003,-0.0788282615687,-0.02161623293,True
4875,243,15,0.853195647618,False,0.0574458150009,True,-0.045896858904800004,-0.0751336082744,-0.0176877932735,True
4876,243,16,0.268948829858,True,0.0578815015129,True,-0.0517215726889,-0.0808706841776,-0.0229891826647,True
4877,243,17,0.026089889508199997,True,0.056747534351399995,True,-0.050460167458,-0.0785209793947,-0.0217734450432,True
4878,243,18,0.0195555289645,True,0.05777113649019999,True,-0.05683608272250001,-0.0849814923326,-0.027210355842400002,True
4879,243,19,0.08432106660489999,True,0.0565616082696,True,-0.0526173656966,-0.08096141523969999,-0.024399806970099996,True
4880,244,0,26.923749578699997,False,0.14021711078500002,False,0.027460258523599998,-0.046118650796600005,0.094098459988,False
4881,244,1,42.8117212473,False,0.104346131972,False,-0.0126154718798,-0.0644645663886,0.0398815655834,False
4882,244,2,45.9369294334,False,0.0850355326548,False,-0.0124050347337,-0.0522257419381,0.032809790716699996,False
4883,244,3,36.3674958979,False,0.0799235932191,True,-0.0213958682969,-0.060819583787599996,0.0191040094315,False
4884,244,4,19.7646410073,False,0.0767266001808,True,-0.029857357353,-0.0693832657191,0.0073433344617,False
4885,244,5,3.6944311967699996,False,0.0698365689633,True,-0.0444007479371,-0.0786564768295,-0.008819907866149999,True
4886,244,6,0.320853766312,True,0.0672635111756,True,-0.0562189602563,-0.0891842769326,-0.021920765757,True
4887,244,7,0.6801848021269999,False,0.0649342989379,True,-0.052416873212199996,-0.0855939433568,-0.0206596444188,True
4888,244,8,1.6042130669299999,False,0.06404928040709999,True,-0.048251487280699994,-0.0791143964459,-0.015065116038799998,True
4889,244,9,0.784140166619,False,0.0594373964336,True,-0.048022709673499996,-0.0786022068829,-0.0191648104494,True
4890,244,10,0.922736626173,False,0.0602386011142,True,-0.045433794317500005,-0.0746670788029,-0.0144284776887,True
4891,244,11,1.2952040675299998,False,0.0591745550639,True,-0.043563663687300004,-0.07315632411730001,-0.0139817690533,True
4892,244,12,0.584432329459,False,0.0617503383983,True,-0.0507186714492,-0.081246182987,-0.0194958445887,True
4893,244,13,0.103456802508,True,0.0578368210668,True,-0.061183064350399996,-0.0894658562071,-0.031629035140400004,True
4894,244,14,0.00012428521411200001,True,0.057526361047,True,-0.0658037364198,-0.09596408540920001,-0.0384377243622,True
4895,244,15,6.32274717304e-05,True,0.0589824042882,True,-0.0667591639986,-0.0954992613662,-0.036516857078,True
4896,244,16,2.5136749893e-10,True,0.05732553744519999,True,-0.06822428968380001,-0.0975776109035,-0.0402520734584,True
4897,244,17,2.0015222892100002e-13,True,0.05571201399180001,True,-0.0703479603935,-0.09788075640699999,-0.042168742415199995,True
4898,244,18,3.0786981881999996e-08,True,0.0579518225718,True,-0.06610381474190001,-0.0960164160655,-0.0380645934937,True
4899,244,19,9.49549016682e-19,True,0.0561245728588,True,-0.0689210024614,-0.09546943585280002,-0.039344862994,True
4900,245,0,11.330848845999999,False,0.14066986653400002,False,-0.055665246373100004,-0.124924187599,0.0157456789355,False
4901,245,1,0.46668788105400005,False,0.10239967207699999,False,-0.0792132442114,-0.128213169959,-0.025813497881700002,True
4902,245,2,10.0877665278,False,0.0891775128441,False,-0.0427395036613,-0.0905040788576,-0.00132656601352,True
4903,245,3,2.06882658468,False,0.07861733586860001,True,-0.0523257441944,-0.0905316852654,-0.011914349396799999,True
4904,245,4,4.11862607502,False,0.0747707560913,True,-0.0464682218494,-0.08458790592460001,-0.00981714983329,True
4905,245,5,2.28422898082,False,0.07121258604960001,True,-0.047981156638799996,-0.0835850548405,-0.0123724687909,True
4906,245,6,0.900484618368,False,0.0663620899601,True,-0.0532889616369,-0.08630242267860001,-0.0199403327185,True
4907,245,7,0.10563766303300001,True,0.06465258955969999,True,-0.0603610980831,-0.09157455436629999,-0.026921964806699998,True
4908,245,8,0.352002265107,False,0.060580778488999995,True,-0.0565902581003,-0.0865627036085,-0.025981925119500003,True
4909,245,9,4.2242476091300004e-06,True,0.0620837569866,True,-0.061609540595000005,-0.09164204531400001,-0.0295582883274,True
4910,245,10,0.000927013132205,True,0.0608754058842,True,-0.0617277504146,-0.09276095812210002,-0.0318855522379,True
4911,245,11,4.12091195882e-06,True,0.0599406884116,True,-0.0627618910552,-0.0918841520496,-0.031943463638,True
4912,245,12,0.0033066782454,True,0.058522957613000005,True,-0.0614337747874,-0.090201874547,-0.031678916934000004,True
4913,245,13,1.02626544264e-06,True,0.0600739933706,True,-0.06497210272040001,-0.0955050333429,-0.0354310399722,True
4914,245,14,0.00013807500804400002,True,0.0565098865644,True,-0.0629011321215,-0.091206477885,-0.0346965913206,True
4915,245,15,5.85345949245e-05,True,0.0578258527109,True,-0.06287742593090001,-0.0888631675767,-0.031037314865799998,True
4916,245,16,0.0581207204588,True,0.0562103814534,True,-0.0582675737931,-0.0870208194195,-0.0308104379662,True
4917,245,17,0.00370226615292,True,0.056657453149199996,True,-0.0600469060941,-0.08856030560010002,-0.0319028524509,True
4918,245,18,4.25748206883e-09,True,0.056548786328,True,-0.067589416722,-0.0952259514944,-0.0386771651664,True
4919,245,19,5.429430849280001e-14,True,0.0560253536759,True,-0.0726663033851,-0.0987715525299,-0.042746198854,True
4920,246,0,5.844156909700001,False,0.139529800921,False,-0.067879394399,-0.134027316952,0.00550248396919,False
4921,246,1,5.0164433264,False,0.107031763264,False,-0.056462313409,-0.112760974255,-0.00572921099131,True
4922,246,2,1.17730336203,False,0.08800179307509999,False,-0.064575161046,-0.10764928024499999,-0.0196474871698,True
4923,246,3,0.00037124070900400004,True,0.0762199734972,True,-0.0787228538209,-0.11819873234200001,-0.0419787588452,True
4924,246,4,0.00096745789118,True,0.07759266335689999,True,-0.0750098656997,-0.115874132266,-0.0382814689093,True
4925,246,5,7.90696067233e-05,True,0.0700843241006,True,-0.0719188219642,-0.10681704144500001,-0.0367327173448,True
4926,246,6,0.101835966754,True,0.0684492429411,True,-0.0669440249285,-0.101473063203,-0.0330238202615,True
4927,246,7,5.75247630136e-24,True,0.0669381529002,True,-0.08683553300889998,-0.120519888433,-0.053581735533,True
4928,246,8,1.18310883067e-17,True,0.0640906542499,True,-0.0809477262889,-0.11364001524700001,-0.0495493609975,True
4929,246,9,7.17800629767e-19,True,0.0606059548471,True,-0.0819294532482,-0.112823577326,-0.0522176224792,True
4930,246,10,2.7761998615499997e-21,True,0.0590933462826,True,-0.07754657359360001,-0.107116122115,-0.048022775832699996,True
4931,246,11,4.11762436222e-09,True,0.0599747291949,True,-0.0711828883745,-0.099862962896,-0.0398882337011,True
4932,246,12,2.41424711741e-08,True,0.059600376721,True,-0.0745462021188,-0.10501376023600001,-0.045413383514999996,True
4933,246,13,6.41235450134e-30,True,0.0595495722549,True,-0.0822007368618,-0.11184751417300001,-0.0522979419181,True
4934,246,14,8.26427631781e-13,True,0.0567972554151,True,-0.07879572038980001,-0.105867046134,-0.04906979071880001,True
4935,246,15,1.07600466324e-27,True,0.0575405198428,True,-0.0820936802743,-0.11152571927999999,-0.0539851994367,True
4936,246,16,3.65624543212e-15,True,0.0555216212223,True,-0.07604266064069999,-0.10385614561699999,-0.048334524394199996,True
4937,246,17,1.4433870429999997e-55,True,0.056051316974300006,True,-0.0841592993283,-0.111344935582,-0.055293618607199994,True
4938,246,18,4.6521651678999996e-17,True,0.056203516131600004,True,-0.0783342429122,-0.106445245034,-0.050241728902500005,True
4939,246,19,7.31161839271e-25,True,0.056330419062599994,True,-0.0765014691595,-0.10280860587400001,-0.046478186811100004,True
4940,247,0,6.30208002714,False,0.14697485499399998,False,-0.06925509274889999,-0.138898752421,0.00807610257271,False
4941,247,1,1.2481562188600002,False,0.10526175736,False,-0.0752500285741,-0.130002059063,-0.0247403017034,True
4942,247,2,5.61549823205,False,0.0885283814787,False,-0.049324964612099995,-0.0952655022817,-0.006737120803050001,True
4943,247,3,0.884990523333,False,0.078637620113,True,-0.0646867745768,-0.10238082522900001,-0.0237432051155,True
4944,247,4,0.8775561531730001,False,0.07732077427619999,True,-0.057472674650099996,-0.09433258918330001,-0.0170118149071,True
4945,247,5,0.08207732356189999,True,0.0673854510453,True,-0.06250487978159999,-0.0961652883435,-0.0287798372982,True
4946,247,6,0.524995581545,False,0.0663418537202,True,-0.0527573086244,-0.08682364172399999,-0.020481788003900003,True
4947,247,7,0.9270480727789999,False,0.06455568671260001,True,-0.04964799740399999,-0.08251235099389999,-0.0179566642812,True
4948,247,8,0.39509126736199995,False,0.0613253984173,True,-0.0509373516268,-0.0822296012831,-0.0209042028659,True
4949,247,9,0.196339642648,True,0.0626134623544,True,-0.0555117351082,-0.0859484689335,-0.0233350065791,True
4950,247,10,0.10331043302300001,True,0.0619584449139,True,-0.059148122393699994,-0.09276499529980001,-0.0308065503859,True
4951,247,11,0.137160480162,True,0.06081671060240001,True,-0.058277150564699995,-0.08813460462200001,-0.0273178940196,True
4952,247,12,0.116180734053,True,0.0590229209059,True,-0.0563831897771,-0.0859262330956,-0.026903312189700004,True
4953,247,13,0.10463300882000001,True,0.061221231545799996,True,-0.060718824852900005,-0.08994412130989998,-0.028722889764,True
4954,247,14,1.57585959169e-08,True,0.057044018507400006,True,-0.064652256491,-0.09084696587619999,-0.0338029473688,True
4955,247,15,0.111766366479,True,0.0562832812628,True,-0.0551954415105,-0.0831346757013,-0.0268513944385,True
4956,247,16,0.0015545301258499998,True,0.0578137894026,True,-0.0574170659343,-0.08748381838960001,-0.029670028986999997,True
4957,247,17,0.00035476663081800006,True,0.055486841052599996,True,-0.0568245518867,-0.0861742455545,-0.030687404501799995,True
4958,247,18,0.00121615783402,True,0.0569053491073,True,-0.05596684697530001,-0.082979030991,-0.0260736818837,True
4959,247,19,0.162075716206,True,0.0592513852335,True,-0.0522537165766,-0.083211480373,-0.0239600951395,True
4960,248,0,31.7515363893,False,0.140943982709,False,0.015035482555700001,-0.0547998320764,0.08614415063269999,False
4961,248,1,29.294017100399998,False,0.109990780739,False,-0.023525192596400003,-0.07848878618310001,0.031501994555599995,False
4962,248,2,6.1935678867799995,False,0.09053541493860001,False,-0.0491435281817,-0.09300235609020001,-0.00246694115156,True
4963,248,3,3.7468585158199996,False,0.08003613227239999,False,-0.0484554313516,-0.0893237262062,-0.009287593933719999,True
4964,248,4,0.269908875587,True,0.0720330494111,True,-0.060550017573800005,-0.09583102248530001,-0.0237979730742,True
4965,248,5,0.17903354788800002,True,0.0700690955683,True,-0.057357290115199994,-0.0934221348346,-0.023353039266300002,True
4966,248,6,0.162656746754,True,0.0660992108148,True,-0.058956793508900006,-0.089447390286,-0.023348179471200003,True
4967,248,7,0.06607895127050001,True,0.0646894325647,True,-0.0657365273986,-0.09743988507339998,-0.032750452508799995,True
4968,248,8,0.0166393443487,True,0.0630428207043,True,-0.0612064690852,-0.0935225444673,-0.0304797237629,True
4969,248,9,0.00687586237634,True,0.061972644215000004,True,-0.0696233766275,-0.0990689476863,-0.0370963034713,True
4970,248,10,4.95287000616e-10,True,0.0617792787598,True,-0.07380574705010001,-0.104954030472,-0.043174751712499994,True
4971,248,11,2.7188865262199998e-24,True,0.059732343170699996,True,-0.0836752665237,-0.114153794881,-0.0544214517107,True
4972,248,12,1.2982895390899998e-32,True,0.057268237617699995,True,-0.0869124592107,-0.114771601345,-0.05750336372690001,True
4973,248,13,5.38181181409e-30,True,0.057602645445300006,True,-0.086908483863,-0.11594761568600001,-0.058344970240599994,True
4974,248,14,1.30208240191e-34,True,0.058391908475000004,True,-0.08573588330229999,-0.11512066946699999,-0.0567287609915,True
4975,248,15,8.631773742219999e-31,True,0.0587557384578,True,-0.0814245888284,-0.11033155343800001,-0.051575814980199995,True
4976,248,16,7.16975751101e-26,True,0.056422548947700005,True,-0.07900926397510001,-0.10730198388000001,-0.0508794349322,True
4977,248,17,3.71218155524e-26,True,0.05639762857030001,True,-0.0741994984328,-0.102569699988,-0.0461720714176,True
4978,248,18,2.21863790949e-24,True,0.055609365121999994,True,-0.0784461943963,-0.10663426229800001,-0.051024897176,True
4979,248,19,1.1175777359e-30,True,0.055369607459000006,True,-0.0803245368778,-0.10958290189400001,-0.054213294435,True
4980,249,0,26.2609553587,False,0.137246325855,False,-0.0281791271105,-0.101345781662,0.0359005441934,False
4981,249,1,30.778334946399998,False,0.10571684115499999,False,-0.0233304622716,-0.0777958241047,0.0279210170505,False
4982,249,2,6.74069305493,False,0.08787499684800001,False,-0.0455843989573,-0.09111460500639999,-0.00323960815847,True
4983,249,3,1.11074481301,False,0.0762970565341,True,-0.056320628214999995,-0.0958930025662,-0.0195959460321,True
4984,249,4,4.248349913359999,False,0.075231001096,True,-0.045941618010099994,-0.0851444257358,-0.009913424639870001,True
4985,249,5,0.882211023471,False,0.0718777267418,True,-0.0550196850483,-0.09202101682389999,-0.020143290082099998,True
4986,249,6,0.026996707546700003,True,0.0679340126417,True,-0.0706783239704,-0.102965768083,-0.035031755441,True
4987,249,7,0.025594508842899998,True,0.06449919019059999,True,-0.0654101567576,-0.0968339223798,-0.0323347321893,True
4988,249,8,0.00273440768294,True,0.063651449958,True,-0.061879844032300006,-0.0944187726164,-0.0307673226585,True
4989,249,9,0.00014302282416199999,True,0.0602994535824,True,-0.0647541568311,-0.0960968920385,-0.0357974384561,True
4990,249,10,0.14421207941400002,True,0.06025603767630001,True,-0.0628040547019,-0.09333623870470001,-0.0330802010283,True
4991,249,11,3.6903177141400003e-06,True,0.0601858893114,True,-0.0629930291307,-0.0951521851001,-0.034966295788699996,True
4992,249,12,3.5614261078000003e-09,True,0.061689678392099996,True,-0.06886762767799999,-0.10068559272199999,-0.038995914329800006,True
4993,249,13,3.53860942673e-05,True,0.0596425050006,True,-0.0650490615985,-0.0947584954061,-0.0351159904054,True
4994,249,14,4.63306313806e-06,True,0.0586477746105,True,-0.0647395746369,-0.0968385712269,-0.0381907966164,True
4995,249,15,4.58687313489e-10,True,0.057368421543300005,True,-0.0723879529996,-0.10067557912599999,-0.043307157582900005,True
4996,249,16,0.00022651125205200003,True,0.05785406435359999,True,-0.0737568571439,-0.102312446882,-0.044458382527999996,True
4997,249,17,5.366535554370001e-10,True,0.058847980815699995,True,-0.0698867883298,-0.0980353827145,-0.0391874018989,True
4998,249,18,7.68314623135e-10,True,0.05589617100930001,True,-0.06834916102519999,-0.0974327289631,-0.041536557953800006,True
4999,249,19,1.66686999814e-24,True,0.055530626761600005,True,-0.07545108002789999,-0.10386704492000001,-0.0483364181582,True
5000,250,0,2.8805028562299997,False,0.145203331624,False,-0.0831454237112,-0.157479447985,-0.0122761163602,True
5001,250,1,1.08050943159,False,0.102269833102,False,-0.07253987088269999,-0.12465264,-0.0223828068975,True
5002,250,2,0.276158149543,True,0.0846204470866,False,-0.0739593853836,-0.11725194230699999,-0.032631495220300004,True
5003,250,3,0.023639575857,True,0.07617146240589999,True,-0.0822452099444,-0.120237053071,-0.0440655906655,True
5004,250,4,4.34607926004e-10,True,0.0725311526398,True,-0.0927428126653,-0.127958735096,-0.055427582456099994,True
5005,250,5,4.19940823673e-14,True,0.07092635482260001,True,-0.08847591099580002,-0.122706068574,-0.0517797137518,True
5006,250,6,0.017931456489799998,True,0.0664786634534,True,-0.0780539639268,-0.11010180777999999,-0.0436231443262,True
5007,250,7,3.8666145424600003e-14,True,0.0645740341837,True,-0.07407262281930001,-0.106800549256,-0.042226515072300005,True
5008,250,8,8.74044462091e-11,True,0.0602219648374,True,-0.06955006725360001,-0.10154868538100001,-0.041326720543999995,True
5009,250,9,0.26102350374,True,0.0606858528031,True,-0.0598689968119,-0.0908392436273,-0.0301533908241,True
5010,250,10,0.187891584249,True,0.061202632709400004,True,-0.0547318651102,-0.0860007613019,-0.0247981285926,True
5011,250,11,1.8015661648299999,False,0.059317197113699996,True,-0.0430077451793,-0.07092352845960001,-0.011606331345899999,True
5012,250,12,1.6185755058200002,False,0.059610116913800006,True,-0.0435146448702,-0.0713392545422,-0.011729137628500001,True
5013,250,13,0.9869082382969999,False,0.06022480715419999,True,-0.0497179370388,-0.0814056127165,-0.0211808055623,True
5014,250,14,0.39724356618600004,False,0.058396398596199994,True,-0.0488728180297,-0.0800606835331,-0.021664284936900004,True
5015,250,15,2.69120518208,False,0.0573058072372,True,-0.0402310312918,-0.06931064596530001,-0.012004838728200002,True
5016,250,16,2.46601010475,False,0.0585085815885,True,-0.0392756732166,-0.0675198244228,-0.009011242834270001,True
5017,250,17,0.604181749311,False,0.0548112724545,True,-0.044063833800499996,-0.0698503875172,-0.0150391150627,True
5018,250,18,1.1934893157200002,False,0.05788203518519999,True,-0.0429909731489,-0.07215419176730001,-0.0142721565821,True
5019,250,19,2.9734184442400005,False,0.058066307148699994,True,-0.038779891878900005,-0.06764943980980001,-0.009583132661129999,True
5020,251,0,26.5040614954,False,0.143272950643,False,-0.029274569093900003,-0.10019216354299999,0.04308078710030001,False
5021,251,1,11.214997936500001,False,0.10368717048699999,False,-0.04554804913840001,-0.0959162362458,0.0077709342408699995,False
5022,251,2,0.0945564666123,True,0.0889191247412,False,-0.07503216944360001,-0.121218021905,-0.0322988971637,True
5023,251,3,0.029865147879,True,0.07921284618810001,True,-0.0861158299914,-0.124931120769,-0.0457182745811,True
5024,251,4,0.000123788018819,True,0.07588076687010001,True,-0.0812206565892,-0.119325006159,-0.0434442392885,True
5025,251,5,0.0702646403043,True,0.0712578023248,True,-0.0742796990361,-0.11151497034800001,-0.040257168023,True
5026,251,6,3.9330783316599995e-06,True,0.06827657498300001,True,-0.0690461142991,-0.103376880922,-0.035100305939300004,True
5027,251,7,0.00491591634452,True,0.065022541675,True,-0.0696756649319,-0.101633714606,-0.0366111729306,True
5028,251,8,3.6747018305400005e-12,True,0.062183635551000004,True,-0.07880237487910001,-0.111127884446,-0.048944248895300003,True
5029,251,9,1.89126789085e-14,True,0.0627657510958,True,-0.0798710602576,-0.111720426108,-0.0489546750126,True
5030,251,10,1.19685578231e-15,True,0.0601460195909,True,-0.0749385905961,-0.105308496886,-0.0451624772951,True
5031,251,11,3.72051957688e-12,True,0.0598680281209,True,-0.0714030770572,-0.09938049125569999,-0.0395124631349,True
5032,251,12,0.0270893086755,True,0.0585027220246,True,-0.06639676925850001,-0.0972942663884,-0.0387915443638,True
5033,251,13,0.0205086549458,True,0.0596658215971,True,-0.06616369724219999,-0.09468297688539999,-0.0350171552883,True
5034,251,14,7.9866758545e-09,True,0.0584559462125,True,-0.06886326573260002,-0.098406865825,-0.0399509196124,True
5035,251,15,5.32326975639e-25,True,0.05481851645290001,True,-0.07142883490669999,-0.100858462012,-0.04603994555930001,True
5036,251,16,9.049205662819998e-16,True,0.056307710698300005,True,-0.071707573643,-0.100142166962,-0.0438344562633,True
5037,251,17,6.04059051113e-06,True,0.0569033399517,True,-0.0664681719998,-0.0963809415616,-0.03947760161,True
5038,251,18,1.87416785968e-08,True,0.0570862533837,True,-0.0630787531749,-0.091675576411,-0.0345893230273,True
5039,251,19,1.46272171722e-08,True,0.0545749324639,True,-0.0665200070489,-0.0933709676883,-0.0387960352244,True
5040,252,0,35.0690531742,False,0.141909675204,False,-0.011112489004899999,-0.0790096134875,0.06290006171609999,False
5041,252,1,39.1789243745,False,0.106788172956,False,-0.0136878353208,-0.0674889889745,0.0392991839813,False
5042,252,2,37.0079087664,False,0.08808168676010002,False,-0.0207108953788,-0.0663123557339,0.0217693310262,False
5043,252,3,21.942669980300003,False,0.07833996196239999,True,-0.028917772258200004,-0.06618738856,0.0121525734024,False
5044,252,4,11.6774624657,False,0.0754872053317,True,-0.0368462772593,-0.0753547527588,0.000132452572942,False
5045,252,5,1.9625451697099998,False,0.0690372497569,True,-0.046347786263699994,-0.0806861769751,-0.011648927218200001,True
5046,252,6,2.38030640625,False,0.06877480116210001,True,-0.0478856265552,-0.0832748459112,-0.014500044749000001,True
5047,252,7,0.515654211601,False,0.0671630501312,True,-0.0534451900315,-0.0884146285118,-0.0212515783806,True
5048,252,8,1.59943529053,False,0.06563304545080001,True,-0.04725119221080001,-0.0803475995351,-0.014714554084299999,True
5049,252,9,1.4428220042200002,False,0.0625737064425,True,-0.043984396249599995,-0.07654827085239999,-0.01397456441,True
5050,252,10,0.755482216989,False,0.059309020590599996,True,-0.047589099092100004,-0.0763988698147,-0.0170898492241,True
5051,252,11,0.245743218596,True,0.0602261403061,True,-0.0552416686807,-0.0838706689585,-0.023644528652400004,True
5052,252,12,0.151803003343,True,0.05898959615259999,True,-0.0565089115326,-0.08559817069560001,-0.026608574543,True
5053,252,13,0.00326520341327,True,0.05668185170469999,True,-0.0653939906257,-0.0933943113563,-0.0367124596516,True
5054,252,14,0.23306405696,True,0.0597613818331,True,-0.0610513323472,-0.09265842116589999,-0.0328970393328,True
5055,252,15,4.83170138446e-06,True,0.0594385673123,True,-0.0678053454949,-0.09758909456430001,-0.038150527252,True
5056,252,16,3.81009152933e-11,True,0.056056062609,True,-0.0638884112378,-0.09240998560949999,-0.036353923000599996,True
5057,252,17,0.00274694544259,True,0.0558603555401,True,-0.0562779716425,-0.08347285149410001,-0.027612495954,True
5058,252,18,0.013718105082200002,True,0.057306134941999994,True,-0.055197809157999995,-0.0850162635172,-0.0277101285752,True
5059,252,19,0.060009947546300006,True,0.056883439205999996,True,-0.057344480470300004,-0.08675234308039999,-0.029868903874300003,True
5060,253,0,26.354079693800003,False,0.144678817641,False,-0.024503097047999998,-0.100441356813,0.04423746082769999,False
5061,253,1,23.5543082044,False,0.10775769490499999,False,-0.0312544116306,-0.0847299711104,0.023027723794999996,False
5062,253,2,24.1205276237,False,0.0908710113902,False,-0.029206782062900002,-0.0771517558763,0.013719255513899999,False
5063,253,3,46.216009921899996,False,0.0778422399993,True,-0.0138093661011,-0.0507429025471,0.027099337452099997,False
5064,253,4,49.501289678999996,False,0.0724102750978,True,-0.0149169980039,-0.0516214640575,0.020788811040299997,False
5065,253,5,37.5048861525,False,0.070856869692,True,-0.020383678501900003,-0.0560232231736,0.014833646518399999,False
5066,253,6,9.710112825369999,False,0.0646986192564,True,-0.0327689912194,-0.0666522440007,-0.00195362474432,True
5067,253,7,11.342018154200002,False,0.0653456705862,True,-0.0334506524689,-0.0663698135773,-0.00102414299117,True
5068,253,8,2.21839770817,False,0.061990312615199994,True,-0.0431650788019,-0.0762630889799,-0.0142727763647,True
5069,253,9,0.380840347965,False,0.0592977102162,True,-0.0499166863952,-0.0770151926423,-0.017717482426,True
5070,253,10,0.925596400495,False,0.0602681044362,True,-0.0486969846088,-0.07857962064410001,-0.0183115162079,True
5071,253,11,1.0085293261900001,False,0.059634508571699996,True,-0.045496738723300005,-0.0735986420521,-0.013964133480400001,True
5072,253,12,1.4973597885299998,False,0.0605302205553,True,-0.044345696498499995,-0.07708728064260001,-0.0165570600873,True
5073,253,13,0.479060385132,False,0.057119624820600005,True,-0.048267608960699995,-0.0774161857195,-0.0202965608989,True
5074,253,14,0.720868277274,False,0.058511875880300004,True,-0.0464931605944,-0.0765664633621,-0.0180545874818,True
5075,253,15,0.06071206497719999,True,0.0587865274998,True,-0.0551134527563,-0.08495282783250001,-0.0261663003327,True
5076,253,16,0.418698120678,False,0.0559330136124,True,-0.0498211558753,-0.0774718741385,-0.021538860526,True
5077,253,17,0.0229940169411,True,0.05605994948919999,True,-0.0554094422317,-0.0836671481233,-0.027607198634099998,True
5078,253,18,0.0013088348153099999,True,0.057838327775999995,True,-0.0593720993372,-0.08793441526519999,-0.0300960874892,True
5079,253,19,2.76177413542e-10,True,0.056943161201800006,True,-0.0606480048861,-0.0880525572074,-0.031109396005700004,True
5080,254,0,32.7985393263,False,0.139765272247,False,0.00372039983484,-0.06599093327269999,0.0737743389739,False
5081,254,1,45.997838163400004,False,0.103232585514,False,0.0029588913187500003,-0.0483138042155,0.054918781298099996,False
5082,254,2,36.200882398699996,False,0.08715171002599999,False,-0.020250108557900003,-0.0620127681996,0.0251389418263,False
5083,254,3,53.5714911773,False,0.0788419532692,True,-0.0107415086807,-0.0510792276044,0.027762725664800002,False
5084,254,4,43.564439710500004,False,0.07310750365289999,True,-0.0175510045589,-0.0538605394678,0.019246964185099996,False
5085,254,5,34.3347795236,False,0.07072559412219999,True,-0.021293099032999998,-0.0557779540899,0.0149476400323,False
5086,254,6,8.34281163642,False,0.06596427391080001,True,-0.034587340817999995,-0.0678009384554,-0.0018366645447,True
5087,254,7,4.13522913315,False,0.0653628971829,True,-0.0420194919501,-0.072722540714,-0.00735964353115,True
5088,254,8,0.206627760774,True,0.0613136459456,True,-0.0552323515252,-0.0851209221538,-0.023807276208200005,True
5089,254,9,0.0567944969087,True,0.0611676758256,True,-0.054901659007599996,-0.08613282727970001,-0.0249651514541,True
5090,254,10,0.00045562595004300003,True,0.0603044432469,True,-0.0648564080041,-0.0944950869732,-0.0341906437263,True
5091,254,11,3.968262814030001e-08,True,0.061583512826,True,-0.0732734821725,-0.104834391879,-0.043250879053,True
5092,254,12,1.15622491479e-17,True,0.056778570820899994,True,-0.073525016837,-0.10097556462200001,-0.044196993801,True
5093,254,13,1.5125414429899999e-24,True,0.0571239832816,True,-0.0776185007381,-0.10625595545,-0.0491319721686,True
5094,254,14,6.92848216483e-21,True,0.0575354635546,True,-0.0754466259826,-0.103746664475,-0.04621120092040001,True
5095,254,15,4.05207352359e-28,True,0.0560818327804,True,-0.07783676613530001,-0.10563842603700001,-0.0495565932563,True
5096,254,16,1.3714795967299998e-24,True,0.0565122538737,True,-0.0746696294724,-0.104065276382,-0.047553022508500006,True
5097,254,17,5.72261722789e-18,True,0.05615522438730001,True,-0.07438300958930001,-0.103008802884,-0.046853578496400004,True
5098,254,18,2.4614963059800003e-13,True,0.057380764105199995,True,-0.074101256219,-0.102785477759,-0.0454047136542,True
5099,254,19,4.0552145791300004e-20,True,0.0561186157241,True,-0.0777479787942,-0.10779742722,-0.051678811495799996,True
5100,255,0,7.99103151378,False,0.143744885491,False,-0.06476077940069999,-0.136327192637,0.0074176928537,False
5101,255,1,0.934498876292,False,0.103340850803,False,-0.0743220156898,-0.125056408305,-0.0217155575012,True
5102,255,2,0.516180181343,False,0.09025453106289999,False,-0.07065268340030001,-0.117839468861,-0.027584937798,True
5103,255,3,1.2005695827299998,False,0.080019269645,False,-0.059178606443499995,-0.098529272124,-0.018510002479,True
5104,255,4,1.01651739431,False,0.075070176137,True,-0.057047167261199995,-0.09537094207,-0.020300765932900002,True
5105,255,5,0.112798453235,True,0.06997595708660001,True,-0.0658067833038,-0.10175115701099999,-0.0317751999247,True
5106,255,6,0.049810600572800005,True,0.066138969145,True,-0.0606099860353,-0.09423473709730001,-0.028095767952299996,True
5107,255,7,0.0719307823444,True,0.0648902006295,True,-0.0662362360092,-0.0998349580965,-0.0349447574671,True
5108,255,8,0.000982915568838,True,0.0644950664409,True,-0.0680417847576,-0.100599796856,-0.036104730414900005,True
5109,255,9,0.10470574104699999,True,0.0604649573739,True,-0.05958793777419999,-0.0892091924571,-0.0287442350832,True
5110,255,10,0.0997692393716,True,0.0616327781675,True,-0.0539220741936,-0.08476927391619998,-0.0231364957487,True
5111,255,11,0.247632518759,True,0.0617066626572,True,-0.05945986198580001,-0.09058997159189999,-0.0288833089348,True
5112,255,12,0.054549226168300005,True,0.056591060529999994,True,-0.0515826193812,-0.08087474507410002,-0.024283684544099998,True
5113,255,13,0.0862292668615,True,0.0575418372246,True,-0.0525573025116,-0.0811858820183,-0.023644044793599998,True
5114,255,14,7.51485331037e-05,True,0.0575647466556,True,-0.0565328267827,-0.0847558443842,-0.0271910977286,True
5115,255,15,0.0014958424063699998,True,0.055834829036400004,True,-0.0558950081073,-0.08561735686489999,-0.0297825278285,True
5116,255,16,0.257309221192,True,0.0562279058689,True,-0.0565817879619,-0.0851371553078,-0.028909249438999998,True
5117,255,17,0.0173904921713,True,0.05548309301109999,True,-0.0608413903373,-0.0875145706688,-0.0320314776577,True
5118,255,18,0.0591879821035,True,0.054591205516999995,True,-0.0623728284253,-0.0902514066557,-0.0356602011387,True
5119,255,19,0.0177274719526,True,0.0588765768896,True,-0.0577577434189,-0.0858477557652,-0.026971178875700004,True
5120,256,0,31.7843824455,False,0.145306659234,False,-0.011508523849899999,-0.08462211560939999,0.060684543624099994,False
5121,256,1,45.129827559,False,0.10572639464,False,0.00113986323724,-0.0517276344265,0.0539987602139,False
5122,256,2,21.1865815455,False,0.0877064829645,False,-0.0317737708598,-0.0757847506016,0.011921732362899999,False
5123,256,3,13.6383486188,False,0.0777823662236,True,-0.0357002693852,-0.0736186903934,0.00416367583012,False
5124,256,4,3.07816133505,False,0.07182171978139999,True,-0.0466429680668,-0.08278222970039999,-0.010960509919,True
5125,256,5,34.9621058146,False,0.0676177886566,True,-0.0214339622775,-0.0544026559583,0.0132151326984,False
5126,256,6,22.07536544,False,0.0677335949391,True,-0.026911416044299998,-0.0594148274902,0.00831876744883,False
5127,256,7,16.4886490867,False,0.06621883489019999,True,-0.0285002820946,-0.0630709747126,0.00314786017757,False
5128,256,8,25.073689711999997,False,0.0645525763334,True,-0.0246520643413,-0.057108039677400003,0.007444536656,False
5129,256,9,15.739169278699999,False,0.0613721377545,True,-0.029018378152700003,-0.0602870836116,0.0010850541428800002,False
5130,256,10,3.5258057092300006,False,0.0594913055559,True,-0.037129886061400004,-0.067644754009,-0.00815344845311,True
5131,256,11,1.61698705238,False,0.0573600476614,True,-0.04289429927209999,-0.06992329132330001,-0.0125632436619,True
5132,256,12,1.37241091019,False,0.0583365402821,True,-0.0445304804956,-0.07195923385919999,-0.013622693577,True
5133,256,13,1.0858772022799998,False,0.059420731152800006,True,-0.044486730374800006,-0.0758330468281,-0.0164123156753,True
5134,256,14,0.352914353353,False,0.0575574348215,True,-0.049407717238600005,-0.0766138263633,-0.0190563915418,True
5135,256,15,0.02132717542,True,0.0559603777713,True,-0.0554223321744,-0.08180905657880001,-0.0258486788075,True
5136,256,16,0.266477831441,True,0.057045107778,True,-0.050723367764699996,-0.0788433620026,-0.021798254224499998,True
5137,256,17,0.0196848254647,True,0.056847266066,True,-0.0530800611926,-0.08162691984689999,-0.024779653780900003,True
5138,256,18,0.7645650578740001,False,0.058047745674099996,True,-0.0470416345168,-0.0760661160299,-0.0180183703557,True
5139,256,19,0.7152613571619999,False,0.053680938421900005,True,-0.045939295826,-0.0709786761334,-0.0172977377115,True
5140,257,0,14.405481583,False,0.139766832116,False,-0.047786936927899995,-0.117565159525,0.022201672590400005,False
5141,257,1,31.0046298148,False,0.104193872907,False,-0.0245084304789,-0.0764535191745,0.027740353732599997,False
5142,257,2,20.1449080861,False,0.090126055654,False,-0.032151551193,-0.07965320325950001,0.0104728523945,False
5143,257,3,1.1149632309200002,False,0.0788621441998,True,-0.057454591129400004,-0.09779974549119999,-0.0189376012914,True
5144,257,4,0.405751611462,False,0.07225644369189999,True,-0.0600566785109,-0.09850696846789998,-0.026250524775999998,True
5145,257,5,0.5360920255489999,False,0.07021115407310001,True,-0.056604324485599995,-0.0924068552955,-0.0221957012224,True
5146,257,6,0.11254779613299999,True,0.0674402499848,True,-0.0598328825783,-0.0926022658461,-0.025162015861299996,True
5147,257,7,0.00107419751168,True,0.0668187910202,True,-0.0634082309226,-0.0982148357465,-0.0313960447263,True
5148,257,8,3.6489665122599997e-10,True,0.06311702321280001,True,-0.06760737040880001,-0.0988696978684,-0.035752674655599996,True
5149,257,9,1.12134658014e-09,True,0.0623219549742,True,-0.06967003153460001,-0.10342868674000001,-0.041106731766099996,True
5150,257,10,0.00045385953906399996,True,0.0600072104589,True,-0.07067458165769999,-0.10031357328299999,-0.0403063628243,True
5151,257,11,3.18318827003e-06,True,0.0601361532367,True,-0.0660969048141,-0.09584805037519999,-0.0357118971385,True
5152,257,12,1.0910718910200002e-06,True,0.0571742109747,True,-0.0661182730277,-0.0953817795322,-0.0382075685574,True
5153,257,13,9.3075951611e-08,True,0.055962731259900006,True,-0.0658581691197,-0.0923190737334,-0.0363563424734,True
5154,257,14,0.08473099216129999,True,0.059052772971299995,True,-0.06310952393109999,-0.0936926276009,-0.034639854629599995,True
5155,257,15,0.00643380886822,True,0.05852603163819999,True,-0.0657124454175,-0.095437378598,-0.0369113469598,True
5156,257,16,1.70145404582e-22,True,0.056751768292500004,True,-0.0726149071705,-0.101007259314,-0.0442554910217,True
5157,257,17,8.66580944667e-21,True,0.0568793027108,True,-0.07736923766310001,-0.103317871174,-0.046438568463699995,True
5158,257,18,1.5564409634399997e-26,True,0.0565074257886,True,-0.0746652836665,-0.10235297779100001,-0.0458455520026,True
5159,257,19,1.533321668e-18,True,0.0571178354704,True,-0.07281096192919999,-0.09990331251430001,-0.042785477043900004,True
5160,258,0,28.834172428899997,False,0.142681000302,False,-0.018914607777799998,-0.0895745956648,0.05310640463769999,False
5161,258,1,36.181826108,False,0.104550612848,False,-0.0180958085799,-0.07100504841460001,0.0335455644337,False
5162,258,2,45.6538100983,False,0.0881884928465,False,-0.0125573506471,-0.0593527983413,0.0288356945052,False
5163,258,3,43.811273308800004,False,0.07914339146669999,True,-0.016886775030100002,-0.055666427239,0.0234769642277,False
5164,258,4,25.6696643875,False,0.0751626191044,True,-0.0259336903101,-0.06543922974909999,0.00972338935528,False
5165,258,5,11.3672623646,False,0.0709357927278,True,-0.0342609847307,-0.0704689086847,0.000466884043124,False
5166,258,6,2.91630759417,False,0.066588369237,True,-0.043528809865399996,-0.0764120356135,-0.00982366637641,True
5167,258,7,1.9195744611099996,False,0.0657447945405,True,-0.045203774516199995,-0.0794156754093,-0.013670880868799999,True
5168,258,8,0.932939569417,False,0.0610805682591,True,-0.047024540930000004,-0.07596398738210002,-0.014883419123,True
5169,258,9,0.0680357527315,True,0.0605802944374,True,-0.056027444030800004,-0.0869406353839,-0.0263603409465,True
5170,258,10,0.10167263995100001,True,0.0617366625029,True,-0.0579680287072,-0.08830766340510002,-0.0265710009022,True
5171,258,11,0.09687795355810001,True,0.0602130874131,True,-0.0634101846775,-0.09384524773589999,-0.0336321603229,True
5172,258,12,5.24584398042e-05,True,0.0601203279015,True,-0.06845160339869999,-0.0980975895564,-0.037977261655000004,True
5173,258,13,7.27779389299e-05,True,0.0581055372353,True,-0.06708775857919999,-0.09492547050960001,-0.036819933274300005,True
5174,258,14,6.46851370561e-12,True,0.058002160861,True,-0.0678238748506,-0.0982067131251,-0.040204552264099996,True
5175,258,15,1.00027424724e-15,True,0.0565971804905,True,-0.0684767451012,-0.0977049744046,-0.041107793914099994,True
5176,258,16,3.59183899838e-05,True,0.0581932710316,True,-0.0676541140889,-0.0958652219493,-0.0376719509176,True
5177,258,17,8.20250952551e-16,True,0.057556250258800006,True,-0.0711786929706,-0.0999741541879,-0.0424179039291,True
5178,258,18,1.0090954367200001e-10,True,0.0550796149813,True,-0.0694063082335,-0.09698411193980001,-0.0419044969585,True
5179,258,19,5.0391198657600003e-14,True,0.057040700498199995,True,-0.06990245001939999,-0.0996711076483,-0.0426304071501,True
5180,259,0,1.16274895245,False,0.141102037646,False,-0.09377766982560001,-0.162080171182,-0.0209781335359,True
5181,259,1,0.0255359036204,True,0.104219950624,False,-0.102716543028,-0.153703424601,-0.049483473976999995,True
5182,259,2,0.602822499772,False,0.0874173569881,False,-0.06900573245839998,-0.111323991934,-0.0239066349461,True
5183,259,3,0.367241147845,False,0.07966954023289999,True,-0.0691816812644,-0.10884278416,-0.0291732439276,True
5184,259,4,0.0012416992360699999,True,0.07499687770739999,True,-0.0703437189745,-0.10631213735600001,-0.0313152596483,True
5185,259,5,0.157990729832,True,0.0715011645506,True,-0.0636954030164,-0.0978287010589,-0.026327536508299998,True
5186,259,6,1.5904412363799998,False,0.0652887512707,True,-0.048552229702900004,-0.0797836206362,-0.014494869365399999,True
5187,259,7,0.533798727669,False,0.0680690108034,True,-0.0535942853399,-0.085817788513,-0.017748777709599997,True
5188,259,8,0.374866952428,False,0.06214483570780001,True,-0.053474973669999995,-0.08388458080030001,-0.021739745092500002,True
5189,259,9,0.0668025854692,True,0.0608454247149,True,-0.05988195917880001,-0.0906944507804,-0.029849026065500002,True
5190,259,10,0.15266209458799998,True,0.0598978197671,True,-0.05961342570619999,-0.090084704647,-0.030186884879900004,True
5191,259,11,0.014039592391899999,True,0.05991840274759999,True,-0.0614783658403,-0.09127538376739999,-0.031356981019900004,True
5192,259,12,0.0007725071454109999,True,0.058182219715999996,True,-0.060074587896300005,-0.0882384006126,-0.0300561808966,True
5193,259,13,0.129615034417,True,0.057888111797,True,-0.0546749889441,-0.08262728825389999,-0.024739176456900002,True
5194,259,14,0.11039439161699999,True,0.05774283478569999,True,-0.0576791539075,-0.0859428624265,-0.028200027640900002,True
5195,259,15,0.129020270054,True,0.0555991019331,True,-0.054986753024,-0.08183598364139999,-0.0262368817083,True
5196,259,16,0.363427931924,False,0.0577578616113,True,-0.0532137584159,-0.0831735777246,-0.0254157161133,True
5197,259,17,2.0117509927e-05,True,0.056047906276500005,True,-0.0566858345766,-0.0852065640694,-0.0291586577929,True
5198,259,18,0.00239149926926,True,0.05652462288980001,True,-0.0543280259298,-0.0822542563165,-0.0257296334267,True
5199,259,19,0.024030982458099998,True,0.055415751731900005,True,-0.0570360789351,-0.08449815445310001,-0.0290824027212,True
5200,260,0,0.7841071221770001,False,0.141769700177,False,-0.0996895685727,-0.171728278216,-0.029958578039999996,True
5201,260,1,1.8831076979199999,False,0.104243877915,False,-0.070810160301,-0.12329920100700001,-0.0190553230921,True
5202,260,2,20.0162038839,False,0.0878298904739,False,-0.032862247468,-0.0754419114821,0.012387978991799999,False
5203,260,3,13.6408571516,False,0.08044096177230001,False,-0.035508506757099996,-0.0736445089294,0.0067964528428900006,False
5204,260,4,17.2297938227,False,0.0744813039409,True,-0.030472971308599998,-0.0663929987326,0.00808830520829,False
5205,260,5,25.751935616100003,False,0.07314575731289999,True,-0.026494991570299997,-0.0647841231273,0.00836163418559,False
5206,260,6,13.8468276494,False,0.06797637136250001,True,-0.0322646370578,-0.06819717025369999,-0.000220798891187,True
5207,260,7,18.7008850599,False,0.0638614579184,True,-0.0268554466668,-0.0583492041768,0.00551225374158,False
5208,260,8,9.82774455735,False,0.06412928679280001,True,-0.0335785675297,-0.0674224081845,-0.0032931213916299997,True
5209,260,9,13.7378997952,False,0.0626871373279,True,-0.0304888560852,-0.062411087121099995,0.000276050206805,False
5210,260,10,10.4152273344,False,0.060638085475000006,True,-0.0320508931599,-0.0624069592143,-0.00176887373933,True
5211,260,11,9.01807072178,False,0.06002166079969999,True,-0.0330608684938,-0.062134669722,-0.00211300892233,True
5212,260,12,2.63273979356,False,0.0591305613956,True,-0.0401220827044,-0.06914361018120001,-0.0100130487856,True
5213,260,13,1.7137508946899997,False,0.059786387046600005,True,-0.0427956440252,-0.0721343542146,-0.012347967167899999,True
5214,260,14,0.976524255386,False,0.058876927962100006,True,-0.045991888371,-0.0753899108189,-0.0165129828567,True
5215,260,15,0.645451765504,False,0.0575493820184,True,-0.049650672757599996,-0.0790171963154,-0.021467814297000003,True
5216,260,16,0.11803009024,True,0.056553535435199996,True,-0.0571456182382,-0.08451520884569999,-0.027961673410499998,True
5217,260,17,0.0024664986455300002,True,0.055708018299199996,True,-0.05803134943030001,-0.08471126316260001,-0.029003244863400002,True
5218,260,18,9.060380489089999e-08,True,0.0570351886357,True,-0.05938277269449999,-0.08726566364600001,-0.0302304750103,True
5219,260,19,0.00749937462025,True,0.0588825878388,True,-0.056699162971800006,-0.0861295978305,-0.027247009991700002,True
5220,261,0,18.528711446,False,0.14286650285900002,False,-0.0417729144016,-0.112690205764,0.0301762970948,False
5221,261,1,17.1331256476,False,0.10328661386499999,False,-0.0367728748319,-0.0884011277829,0.0148854860819,False
5222,261,2,0.23532897254700003,True,0.0876015595919,False,-0.075745458697,-0.1203660979,-0.0327645383084,True
5223,261,3,5.2270837894699996e-09,True,0.0766141198804,True,-0.09169706284610002,-0.131711394634,-0.05509727475330001,True
5224,261,4,0.000153543951515,True,0.07372146147419999,True,-0.0829198280934,-0.12127238037100001,-0.047550918897,True
5225,261,5,1.45968138455e-14,True,0.07117224161069999,True,-0.0848574503463,-0.119579737698,-0.0484074960877,True
5226,261,6,7.631382661760001e-06,True,0.0652471927006,True,-0.07581710753830001,-0.107576207195,-0.042329014494000006,True
5227,261,7,2.49629462829e-06,True,0.06554871436819999,True,-0.06878666871610001,-0.0999069244937,-0.0343582101255,True
5228,261,8,6.11778545091e-09,True,0.0637703551339,True,-0.0726559374587,-0.1041622108,-0.0403918556665,True
5229,261,9,5.73239561611e-11,True,0.060660762815699994,True,-0.07105113666289999,-0.101573051734,-0.0409122889186,True
5230,261,10,8.27657482075e-27,True,0.0576639661749,True,-0.08058701325039999,-0.108766591939,-0.0511026257639,True
5231,261,11,1.05778445539e-05,True,0.0614787158628,True,-0.0691974715696,-0.100578407362,-0.039099691499,True
5232,261,12,0.0424969897315,True,0.0601667652261,True,-0.0670262444354,-0.09656637188989999,-0.0363996066638,True
5233,261,13,1.08764153483e-11,True,0.0562825527681,True,-0.062013268853299996,-0.08968792505480001,-0.0334053722867,True
5234,261,14,0.00021651921459200002,True,0.0586635236904,True,-0.058472124242000004,-0.08819912276860001,-0.029535599078199998,True
5235,261,15,2.20359293973e-07,True,0.057607233727599995,True,-0.0670019572374,-0.09655669331280001,-0.0389494595852,True
5236,261,16,3.0295786310999997e-07,True,0.057538268768100004,True,-0.0627754474744,-0.09047190686730001,-0.0329336380992,True
5237,261,17,0.0011255419477499999,True,0.0557468761704,True,-0.0571752299645,-0.0835637882555,-0.0278169120851,True
5238,261,18,0.08703663060149999,True,0.0554381349799,True,-0.055262904457599994,-0.0843041227513,-0.028865987771400002,True
5239,261,19,0.164161348796,True,0.0567290943377,True,-0.054537786191099995,-0.08284666075699999,-0.0261175664193,True
5240,262,0,15.3570663232,False,0.140772753967,False,-0.0491462737184,-0.123729801841,0.0170429521264,False
5241,262,1,0.7883310999240001,False,0.104965175966,False,-0.0781237275898,-0.131584834966,-0.0266196589997,True
5242,262,2,0.377622776091,False,0.0879260910294,False,-0.07247040402589999,-0.11730849839299999,-0.0293824073635,True
5243,262,3,3.0682226006700004,False,0.0823170469118,False,-0.052612780591599996,-0.0943508070098,-0.0120337600981,True
5244,262,4,6.47133826893,False,0.07427287147480001,True,-0.0422734761354,-0.0801080044921,-0.0058351330172899995,True
5245,262,5,5.99253835484,False,0.0695152401038,True,-0.0401237525066,-0.073523275713,-0.0040080356091500005,True
5246,262,6,1.98735979343,False,0.0679651673609,True,-0.046970551008599995,-0.0811064402475,-0.0131412728866,True
5247,262,7,1.47010742634,False,0.0643196626533,True,-0.0471842448149,-0.0810484298689,-0.016728767215599998,True
5248,262,8,1.5779163046899998,False,0.0624592489204,True,-0.0446060132063,-0.07478096844030001,-0.0123217195199,True
5249,262,9,6.152763685569999,False,0.060810355450099995,True,-0.0364156991144,-0.0652706852154,-0.00446032976533,True
5250,262,10,12.6525985198,False,0.060991754001199994,True,-0.0304381642198,-0.0607157852526,0.000275968748625,False
5251,262,11,16.6081410131,False,0.058870904020999995,True,-0.027522942053999997,-0.0554341463164,0.0034367577046599995,False
5252,262,12,15.4643742349,False,0.0594497583,True,-0.027824855589799996,-0.0560989128253,0.0033508454746700002,False
5253,262,13,10.610653811799999,False,0.058978470136500004,True,-0.030470844531299997,-0.0582026404376,0.0007758296989089998,False
5254,262,14,11.858885503,False,0.0568181189781,True,-0.029745149775099997,-0.05774158707830001,-0.000923468100171,True
5255,262,15,9.14973106514,False,0.0563441961198,True,-0.0313068315784,-0.05937929870019999,-0.0030351025804600004,True
5256,262,16,2.43913010795,False,0.057511102632900005,True,-0.0387355396034,-0.0679687983974,-0.010457695764500001,True
5257,262,17,2.06019378838,False,0.0556438233694,True,-0.0404704818836,-0.06811742323219999,-0.012473599862799998,True
5258,262,18,6.653562264700001,False,0.059096011115499995,True,-0.033764939547599994,-0.0633325520275,-0.004236540912,True
5259,262,19,12.1342555348,False,0.057953570291099994,True,-0.030019630504200003,-0.0576260368188,0.00032753347233200003,False
5260,263,0,14.0958445228,False,0.135567588218,False,-0.048843716820300004,-0.114052351932,0.0215152362862,False
5261,263,1,11.4566638115,False,0.104577978447,False,-0.046023549429400006,-0.0983536376668,0.00622434078045,False
5262,263,2,10.2910878605,False,0.08770767553549999,False,-0.041161550622699994,-0.0862399348513,0.00146774068429,False
5263,263,3,2.23959348179,False,0.08059199599019999,False,-0.0545689960292,-0.09765718614919999,-0.0170651901591,True
5264,263,4,0.925975441506,False,0.0719998385283,True,-0.0556352695863,-0.0905488487328,-0.018549010204499998,True
5265,263,5,0.29397200835799997,True,0.0697067788765,True,-0.0587481145072,-0.09353472223960001,-0.023827943363099995,True
5266,263,6,0.020207372151799997,True,0.07006427866230001,True,-0.062797885887,-0.09730139883739998,-0.027237120175099997,True
5267,263,7,4.37989220341e-07,True,0.06528812753819999,True,-0.07110124806780001,-0.102600969849,-0.037312842310599996,True
5268,263,8,1.05865872292e-10,True,0.0634487759904,True,-0.0728702563955,-0.10489484282099999,-0.041446066830300006,True
5269,263,9,6.507217322480001e-14,True,0.060229006014400004,True,-0.07757230324060001,-0.106821220673,-0.046592214658500004,True
5270,263,10,1.03892645303e-16,True,0.061566772073699996,True,-0.07668204081680001,-0.10846801445800001,-0.046901242384,True
5271,263,11,0.00957980794273,True,0.06219552560219999,True,-0.0798501109801,-0.11239559925899999,-0.050200073657,True
5272,263,12,4.391772226109999e-11,True,0.06096471781980001,True,-0.0741494756818,-0.10406264412900001,-0.04309792630940001,True
5273,263,13,1.5347163804e-23,True,0.058388408088800005,True,-0.0774921739827,-0.107116123459,-0.0487277153699,True
5274,263,14,4.15058314337e-21,True,0.0567406277039,True,-0.0736371704645,-0.10118946911599999,-0.0444488414125,True
5275,263,15,2.0380378598e-17,True,0.05774704948559999,True,-0.07768374537139999,-0.10636459990700001,-0.0486175504216,True
5276,263,16,3.62060112361e-24,True,0.0580423987808,True,-0.0810900120855,-0.10999282652,-0.0519504277395,True
5277,263,17,2.1460295390399997e-27,True,0.055902455438,True,-0.08097425511049999,-0.109722135801,-0.0538196803634,True
5278,263,18,3.91437379939e-28,True,0.05814804547019999,True,-0.0862908663974,-0.11470627530300001,-0.0565582298332,True
5279,263,19,1.7731863763799997e-38,True,0.0555268550009,True,-0.0866985682244,-0.114516255844,-0.0589894008433,True
5280,264,0,5.5266636056500005,False,0.141450977727,False,-0.06872785810210001,-0.142751878725,-0.00130090099823,True
5281,264,1,17.296354203900002,False,0.10253728301300001,False,-0.0380397338072,-0.0917674351906,0.0107698478225,False
5282,264,2,38.498775257300004,False,0.08835623501810001,False,-0.0198314187556,-0.0624335079916,0.025922727026400003,False
5283,264,3,3.7043679360300006,False,0.08117125086560001,False,-0.0503151181183,-0.0893576302124,-0.00818637934682,True
5284,264,4,21.4646436298,False,0.0721401596742,True,-0.0293237599135,-0.06709384177569999,0.005046317898529999,False
5285,264,5,6.802202372230001,False,0.070568378438,True,-0.0386961410242,-0.074902306,-0.00433392756202,True
5286,264,6,1.2706948172399999,False,0.0677969202416,True,-0.0467410515421,-0.0780441560394,-0.0102472357977,True
5287,264,7,3.48337892859,False,0.0644090147377,True,-0.042297234378500005,-0.0757296515579,-0.011320636820200002,True
5288,264,8,3.09533866966,False,0.0635083351676,True,-0.041958721656599994,-0.0746405224338,-0.011132187266200001,True
5289,264,9,3.6031629566100003,False,0.0606154167526,True,-0.0404007476317,-0.0706978266107,-0.0100824098581,True
5290,264,10,2.8980760661000002,False,0.0607472776205,True,-0.0399741328825,-0.0703405279313,-0.00959325031075,True
5291,264,11,2.5121445348099996,False,0.0586423996177,True,-0.0410070626504,-0.0702118578598,-0.0115694582421,True
5292,264,12,0.21978772004,True,0.0583955733072,True,-0.0490876744762,-0.07861453770480001,-0.0202189643975,True
5293,264,13,0.174799169441,True,0.0586977875531,True,-0.05211404712519999,-0.0818143544503,-0.023116566897299996,True
5294,264,14,0.0154371859731,True,0.0556556921442,True,-0.0578332454729,-0.08505183343280001,-0.029396141288600002,True
5295,264,15,0.141227428101,True,0.0566163639619,True,-0.0544800458499,-0.0830285677502,-0.026412203788299997,True
5296,264,16,3.83497432818e-06,True,0.0580786701041,True,-0.0607350124598,-0.0881751749202,-0.030096504816099996,True
5297,264,17,0.00416957617778,True,0.0553899127919,True,-0.06348880678709999,-0.0911085141551,-0.0357186013631,True
5298,264,18,7.56074299899e-05,True,0.0564457804059,True,-0.061177567418200005,-0.09056524308800001,-0.034119462682,True
5299,264,19,0.00033941984883999996,True,0.0564067177758,True,-0.06340794706899999,-0.0919915777014,-0.035584859925599996,True
5300,265,0,16.609558580599998,False,0.136241716322,False,-0.043347319251100004,-0.112512691317,0.023729025004500002,False
5301,265,1,37.7357172458,False,0.10409757430700001,False,-0.0192837293993,-0.0724178735605,0.0316797007463,False
5302,265,2,34.5235034231,False,0.08961903045769999,False,-0.020077809124700002,-0.0646365942284,0.0249824362293,False
5303,265,3,16.0143101439,False,0.0819828286016,False,-0.035042627145,-0.07595909107200001,0.00602373752964,False
5304,265,4,7.881303905599999,False,0.0771711227182,True,-0.0403919852842,-0.0809935346235,-0.0038224119053099997,True
5305,265,5,10.6581219456,False,0.0696766700131,True,-0.0359771031266,-0.068532405279,0.00114426473416,False
5306,265,6,17.472515826,False,0.06540118459130001,True,-0.030371170033299998,-0.0615130295489,0.00388815504235,False
5307,265,7,13.1630511382,False,0.0633663385441,True,-0.0305282921648,-0.06062466268080001,0.00274167586335,False
5308,265,8,5.20955949254,False,0.0637872861154,True,-0.0376842286327,-0.0689964715046,-0.00520918538917,True
5309,265,9,7.526028288080001,False,0.0640509879923,True,-0.0357771434062,-0.0665659265754,-0.00251493858313,True
5310,265,10,8.51124492416,False,0.06089652060740001,True,-0.0334633094955,-0.0635501290016,-0.0026536083941799994,True
5311,265,11,8.90710407656,False,0.0597923371846,True,-0.032400901537,-0.06281122223919999,-0.00301888505455,True
5312,265,12,1.32618897393,False,0.0592389111475,True,-0.04389271063400001,-0.0730219972876,-0.013783086140100001,True
5313,265,13,2.87778388368,False,0.059088742672,True,-0.0396859359784,-0.06993615781719999,-0.0108474151452,True
5314,265,14,1.9784374634400002,False,0.057885290466300005,True,-0.04296510747909999,-0.072365672979,-0.0144803825127,True
5315,265,15,2.7542481556299996,False,0.0580034791313,True,-0.0398259148991,-0.0685815093105,-0.0105780301792,True
5316,265,16,0.743865370239,False,0.0572950811739,True,-0.045770952862300006,-0.07541793827530001,-0.018122857101400002,True
5317,265,17,0.1808875764,True,0.056504403930900005,True,-0.04837489445169999,-0.0771284931251,-0.0206240891942,True
5318,265,18,0.089505069275,True,0.056100285267400005,True,-0.0521736253321,-0.0793202314318,-0.0232199461644,True
5319,265,19,0.519584168823,False,0.0578861618751,True,-0.0472180023721,-0.077009595028,-0.0191234331529,True
5320,266,0,30.6456103218,False,0.133232980432,False,-0.018021920371299998,-0.08546175621009999,0.04777122422180001,False
5321,266,1,20.7938669016,False,0.10124600007300001,False,-0.0334375920475,-0.08507113787589998,0.016174862197399997,False
5322,266,2,7.32337193737,False,0.08611766819319999,False,-0.043916562133099996,-0.08869623160800001,-0.00257856341477,True
5323,266,3,3.34537598311,False,0.0791617463822,True,-0.0504563668209,-0.08831746014280001,-0.00915571376063,True
5324,266,4,0.538123998081,False,0.075493394211,True,-0.0643992027286,-0.101162619295,-0.025669225084099998,True
5325,266,5,0.0463897079908,True,0.0698045936436,True,-0.0651971665391,-0.10043324588500001,-0.0306286522415,True
5326,266,6,0.035647053249499995,True,0.0677602406047,True,-0.0623749611364,-0.09725767095789999,-0.029497430353200002,True
5327,266,7,1.01771668461,False,0.0670540169531,True,-0.0512341511206,-0.08278287678889999,-0.0157288598358,True
5328,266,8,0.5127323858089999,False,0.0617517709128,True,-0.0503411008457,-0.0820084807218,-0.020256709809,True
5329,266,9,1.6564776470200002,False,0.0662235007539,True,-0.0491596851228,-0.08117884633160001,-0.0149553455776,True
5330,266,10,1.24080546232,False,0.061115253087099995,True,-0.0456575656814,-0.0750175694841,-0.013902316397,True
5331,266,11,1.3986939874200002,False,0.0598400023225,True,-0.045979022779099994,-0.0755198633565,-0.0156798610341,True
5332,266,12,0.938899592813,False,0.0585470819499,True,-0.0485708247353,-0.07737917969380001,-0.018832097743900003,True
5333,266,13,0.384779145164,False,0.05820692396930001,True,-0.0504757868111,-0.0791897486439,-0.020982824674599998,True
5334,266,14,0.204479845016,True,0.0575233393552,True,-0.050055283173199995,-0.079721445785,-0.0221981064298,True
5335,266,15,0.0033628786101200002,True,0.056032533423800004,True,-0.059450150047900004,-0.0865733141011,-0.030540780677400004,True
5336,266,16,0.0031458996759099996,True,0.0569034857148,True,-0.0597690537526,-0.0889420996668,-0.032038613952,True
5337,266,17,0.0008729556117280001,True,0.055610645774999995,True,-0.0582324527372,-0.0864933304558,-0.0308826846809,True
5338,266,18,0.00164292433094,True,0.05594831590509999,True,-0.0616147174998,-0.09022492605480001,-0.0342766101497,True
5339,266,19,8.82893000375e-13,True,0.055565974857,True,-0.0656540930475,-0.0910715917176,-0.0355056168606,True
5340,267,0,27.5119422371,False,0.14182766990999998,False,-0.0244368050964,-0.093432999048,0.0483946708623,False
5341,267,1,4.653340274940001,False,0.107322699209,False,-0.0606887045338,-0.11330973400000001,-0.00598703479055,True
5342,267,2,2.91175926559,False,0.08623848699789999,False,-0.053761424753999996,-0.0962153765367,-0.00997688953882,True
5343,267,3,0.417846687605,False,0.0807793378763,False,-0.0663384062368,-0.105573000091,-0.024793662215,True
5344,267,4,2.1085134845099995,False,0.0743566832392,True,-0.051307881562199995,-0.08994529313829999,-0.0155886098991,True
5345,267,5,9.30315985593,False,0.0699329313098,True,-0.037205033127800005,-0.07243795447269999,-0.00250502316283,True
5346,267,6,3.9188456274699996,False,0.06552595133519999,True,-0.042415856682400006,-0.0736460089012,-0.00812005756597,True
5347,267,7,1.0901861038299998,False,0.0648182029782,True,-0.0470445498973,-0.080480436982,-0.0156622340039,True
5348,267,8,0.018140408398099998,True,0.062430798199699995,True,-0.054424608164800006,-0.0862266328618,-0.0237958346622,True
5349,267,9,0.0333088716262,True,0.06305058728889999,True,-0.0573048893267,-0.08910207332260002,-0.0260514860337,True
5350,267,10,0.5161414771739999,False,0.0604511077286,True,-0.0496892281069,-0.07984071622269999,-0.0193896084941,True
5351,267,11,0.120323174362,True,0.0603225248689,True,-0.0556451100528,-0.0854348287771,-0.0251123039083,True
5352,267,12,0.0816981932025,True,0.05819254907819999,True,-0.060937009638499996,-0.0900850898216,-0.031892540743400005,True
5353,267,13,0.47606462638400004,False,0.0599196783586,True,-0.0514880892442,-0.08201318553110001,-0.022093507172400002,True
5354,267,14,0.138995794304,True,0.0581743489113,True,-0.053379649955799996,-0.08323440904410001,-0.025060060132800002,True
5355,267,15,0.426913249876,False,0.054504479572,True,-0.0511323140262,-0.07883152553230001,-0.0243270459602,True
5356,267,16,0.503266034635,False,0.056710982083199996,True,-0.053321528629800004,-0.08122157399299999,-0.024510591909699998,True
5357,267,17,0.053061729784000006,True,0.0573469237394,True,-0.056980669045,-0.08689619309119999,-0.029549269351800002,True
5358,267,18,0.006214859300770001,True,0.0552961079667,True,-0.0575245836883,-0.08563900718010001,-0.030342899213400002,True
5359,267,19,0.0686153420735,True,0.055365210222699995,True,-0.061829264160199994,-0.0888504119215,-0.033485201698799996,True
5360,268,0,33.2210276366,False,0.138373083847,False,-0.010918280404299999,-0.07941189555030001,0.0589611882971,False
5361,268,1,35.0732678294,False,0.104701441567,False,-0.017384483150400004,-0.06833713688569999,0.0363643046809,False
5362,268,2,51.5553414571,False,0.0877103122015,False,-0.0081043538237,-0.05080695959369999,0.0369033526078,False
5363,268,3,52.2020498901,False,0.08132004284199999,False,-0.008529428831,-0.049431704606099997,0.0318883382359,False
5364,268,4,46.6168021502,False,0.0770927139088,True,-0.0162973688345,-0.052919553192699996,0.0241731607161,False
5365,268,5,40.1948811715,False,0.07127135436660001,True,-0.0201848723846,-0.0574925930607,0.0137787613059,False
5366,268,6,57.44036775479999,False,0.0662358497885,True,-0.0121022251951,-0.045242351308,0.0209934984805,False
5367,268,7,32.8923368728,False,0.0639764469899,True,-0.0216354240577,-0.05294120190690001,0.011035245083000002,False
5368,268,8,11.479035572899999,False,0.06379047847620001,True,-0.0319321098368,-0.0628716436266,0.000918834849585,False
5369,268,9,6.20350308038,False,0.0605517465768,True,-0.0364898307438,-0.066184067141,-0.00563232056418,True
5370,268,10,3.6010616910800004,False,0.0608256054722,True,-0.037818943625599996,-0.06816577562710001,-0.00734017015493,True
5371,268,11,8.67522981398,False,0.061800867931900004,True,-0.0339273078539,-0.0637944990601,-0.00199363112816,True
5372,268,12,11.669628841500002,False,0.057277037663000005,True,-0.0301231948144,-0.0586446629818,-0.00136762531884,True
5373,268,13,4.74737261311,False,0.06047688377169999,True,-0.0365107148278,-0.0664447970752,-0.00596791330356,True
5374,268,14,3.4863935827900003,False,0.0564897946711,True,-0.037409750065399996,-0.06569665739519999,-0.009206862724040001,True
5375,268,15,5.095162214519999,False,0.05623100889859999,True,-0.0357038203505,-0.0644153222848,-0.00818431338616,True
5376,268,16,2.84414640199,False,0.057208486746699996,True,-0.0398036084978,-0.0686540530791,-0.011445566332399999,True
5377,268,17,2.02732867605,False,0.0559118462633,True,-0.0405476994592,-0.0680248406443,-0.012112994380999999,True
5378,268,18,1.9709645766900004,False,0.0560442177929,True,-0.0410339873686,-0.070940389226,-0.0148961714331,True
5379,268,19,0.464644940106,False,0.0543165532223,True,-0.044656146504199995,-0.0733492617263,-0.019032708504,True
5380,269,0,2.2265505920299997,False,0.14469510537799998,False,-0.0878282615402,-0.162488923222,-0.017793817844099998,True
5381,269,1,4.57990492794,False,0.105504871578,False,-0.059694072510900004,-0.112827785648,-0.00732291406965,True
5382,269,2,7.566348973310001,False,0.08785515127910001,False,-0.0460579032032,-0.0888315231456,-0.0009763718665680002,True
5383,269,3,3.2339033881800003,False,0.07922307734919999,True,-0.0493006336311,-0.0886947685525,-0.00947169120324,True
5384,269,4,0.569635414344,False,0.07418462802760001,True,-0.0620427096925,-0.0990334314374,-0.0248488034098,True
5385,269,5,1.12157197563,False,0.07072038711539999,True,-0.0541008862115,-0.0881648424807,-0.0174444553653,True
5386,269,6,1.1719473884,False,0.0647292995519,True,-0.051464565135500004,-0.083419765457,-0.0186904659051,True
5387,269,7,2.123079347,False,0.0643918024715,True,-0.0454353352296,-0.07795514268569999,-0.013563340214200002,True
5388,269,8,1.04124235506,False,0.0621977797715,True,-0.0491980251411,-0.08019592508510001,-0.0179981453135,True
5389,269,9,4.34281051189,False,0.06300793599830001,True,-0.039813790358099996,-0.073641234039,-0.0106332980407,True
5390,269,10,1.68858031438,False,0.05994769593069999,True,-0.0435295690819,-0.07403675588150001,-0.014089059950700002,True
5391,269,11,0.0594409419117,True,0.0580049416771,True,-0.05418604760419999,-0.08358506179610001,-0.025580120119,True
5392,269,12,0.449256137614,False,0.05966312078890001,True,-0.0502396010186,-0.0808117419824,-0.021148621193499997,True
5393,269,13,0.40939895018,False,0.05605405176369999,True,-0.053778953004400006,-0.0847150998625,-0.0286610480989,True
5394,269,14,0.0101372919185,True,0.0591291337464,True,-0.059932694300800005,-0.08943639217710002,-0.0303072584307,True
5395,269,15,1.4424298123899998e-14,True,0.0577101053268,True,-0.0663142645259,-0.0948760272742,-0.0371659219474,True
5396,269,16,0.000873808970579,True,0.0562117844147,True,-0.06017515382019999,-0.0897492226572,-0.0335374382424,True
5397,269,17,4.6455279268999996e-05,True,0.055484838547300006,True,-0.0592543195365,-0.08643981750160001,-0.0309549789544,True
5398,269,18,0.10024580746400001,True,0.0566087289779,True,-0.0631726705039,-0.0920227217027,-0.0354139927247,True
5399,269,19,0.0170457588274,True,0.0568080978793,True,-0.0574527128431,-0.08578598786979999,-0.028977889990599998,True
5400,270,0,15.6631845397,False,0.13667078214700001,False,-0.0464809966883,-0.115499851869,0.0211709302776,False
5401,270,1,30.5296326392,False,0.10416876666300001,False,-0.0239512331366,-0.0731180967098,0.0310506699532,False
5402,270,2,28.9004879909,False,0.0875024937111,False,-0.026381533286599996,-0.0699480493399,0.0175544443713,False
5403,270,3,37.2487070881,False,0.08161335199769999,False,-0.020774996193099998,-0.06311605855930001,0.018497293438400002,False
5404,270,4,40.915991758400004,False,0.07130945291400001,True,-0.0186630731515,-0.053015846931600004,0.018293605982400003,False
5405,270,5,28.738663699,False,0.06935423660680001,True,-0.0245033025764,-0.058707019495400005,0.0106472171114,False
5406,270,6,16.3784365846,False,0.0672148015137,True,-0.0303290834325,-0.062187373285099996,0.005027428228630001,False
5407,270,7,10.856178075899999,False,0.064057237406,True,-0.0327134003175,-0.0649867490791,-0.0009295116731539998,True
5408,270,8,8.104055953049999,False,0.06182099978999999,True,-0.0343343503767,-0.0658426422836,-0.00402164249362,True
5409,270,9,3.4949465865300007,False,0.061341068837,True,-0.0405807126065,-0.0719585988139,-0.010617529976899999,True
5410,270,10,1.3715876989500002,False,0.05790228823890001,True,-0.04184200088,-0.0694060602545,-0.0115037720156,True
5411,270,11,2.27392121035,False,0.059527601338900005,True,-0.0416132101524,-0.0723405974283,-0.0128129960894,True
5412,270,12,0.165253233689,True,0.05780901042640001,True,-0.0501704270049,-0.0804389157185,-0.0226299052922,True
5413,270,13,8.92931197597e-05,True,0.0574812966924,True,-0.0552622592636,-0.08251159753069999,-0.0250303008383,True
5414,270,14,0.064746927264,True,0.0568800672116,True,-0.0618589170994,-0.0915719052208,-0.0346918380092,True
5415,270,15,0.010525578551100001,True,0.057707343624,True,-0.0632356804043,-0.0930500370049,-0.0353426933809,True
5416,270,16,6.5533863773e-09,True,0.0591446456102,True,-0.0664944884217,-0.09553376092839999,-0.0363891153181,True
5417,270,17,2.6080483517600003e-12,True,0.0566556918989,True,-0.0686507927388,-0.0980547083145,-0.041399016415599996,True
5418,270,18,1.54129355713e-08,True,0.0564821064115,True,-0.06760944358969999,-0.0949486553964,-0.038466548985,True
5419,270,19,4.56474679675e-08,True,0.055536889945300004,True,-0.0678271552531,-0.0957614733683,-0.040224583423000004,True
5420,271,0,32.937880236999995,False,0.136724029168,False,0.0166644322415,-0.052192694633200004,0.084531334535,False
5421,271,1,43.6962826871,False,0.105129680732,False,-0.00879153691974,-0.059885424458499995,0.0452442562736,False
5422,271,2,34.3566950806,False,0.0917748556468,False,-0.021660336926599997,-0.0665600028575,0.0252148527893,False
5423,271,3,30.7817821444,False,0.0796161403961,True,-0.024274620642200002,-0.0649945764029,0.0146215639932,False
5424,271,4,9.094590963029999,False,0.072920551981,True,-0.038255610967199996,-0.0746884892919,-0.0017679373109400001,True
5425,271,5,2.859063043,False,0.07060728130189999,True,-0.04512895753280001,-0.0811269843878,-0.0105197030859,True
5426,271,6,7.62412167637,False,0.065666437683,True,-0.036712522445,-0.06971241781700001,-0.004045980133969999,True
5427,271,7,8.75294552991,False,0.0625158503172,True,-0.0334676154167,-0.0654931486464,-0.0029772983291999995,True
5428,271,8,14.226257313800001,False,0.0638777307034,True,-0.030986663711900002,-0.0624178733394,0.00145985736405,False
5429,271,9,13.420577721099999,False,0.0609572659031,True,-0.030231472825700004,-0.0617035344137,-0.000746268510618,True
5430,271,10,13.2333765808,False,0.061340628325899996,True,-0.030710548585700003,-0.0594779520289,0.00186267629705,False
5431,271,11,11.825646598699999,False,0.0607299590155,True,-0.0310789786168,-0.0603615101015,0.000368448914016,False
5432,271,12,4.5971649786,False,0.061508558287000005,True,-0.0374284195718,-0.0686778731139,-0.00716931482688,True
5433,271,13,4.81959775491,False,0.05982365472159999,True,-0.036432403554500004,-0.0673203414759,-0.007496686754260001,True
5434,271,14,9.86597315724,False,0.05878005784799999,True,-0.031465776418599996,-0.0608326010274,-0.00205254317946,True
5435,271,15,2.9625599947099994,False,0.05611234903390001,True,-0.0385167406567,-0.068196495271,-0.012084146237000002,True
5436,271,16,2.45793982553,False,0.0557780313007,True,-0.038717280015,-0.06743223403660001,-0.0116542027358,True
5437,271,17,2.67792895341,False,0.0573709228416,True,-0.0406266974675,-0.069889874836,-0.012518951994399998,True
5438,271,18,0.5371435453360001,False,0.0568356332257,True,-0.04530628141319999,-0.07377356004010001,-0.0169379268144,True
5439,271,19,0.926910241624,False,0.056659155551800004,True,-0.043183493631499995,-0.0705417601335,-0.0138826045817,True
5440,272,0,30.3209340177,False,0.141866730989,False,-0.0110068220678,-0.080947050824,0.060919680165,False
5441,272,1,20.5299000747,False,0.0997937925202,False,-0.0353533628188,-0.08469688189369999,0.0150969106265,False
5442,272,2,14.181920443,False,0.08703421762800001,False,-0.0373777142419,-0.0801413170628,0.0068929005652700005,False
5443,272,3,5.12064139849,False,0.07879853037260001,True,-0.047418800124199995,-0.08536214271739999,-0.006563612344749999,True
5444,272,4,2.54356204213,False,0.07631472222889998,True,-0.04945389061890001,-0.090450962519,-0.0141362402901,True
5445,272,5,0.140009782869,True,0.0705814177376,True,-0.0598694864187,-0.0943299743153,-0.0237485565777,True
5446,272,6,0.193792464813,True,0.07003509245110001,True,-0.059706591884199994,-0.09314581113510001,-0.023110718684099998,True
5447,272,7,0.00770649803768,True,0.0659930121986,True,-0.0668454071627,-0.100069395143,-0.0340763829439,True
5448,272,8,2.68256468873e-05,True,0.06083141099909999,True,-0.0729824181724,-0.10290873003499999,-0.042077319035800004,True
5449,272,9,0.00412149178413,True,0.061578878621800004,True,-0.063197666338,-0.0938125591584,-0.032233680536599994,True
5450,272,10,0.0278839369856,True,0.0588782007952,True,-0.0567306728188,-0.0875883576764,-0.0287101568812,True
5451,272,11,2.84230729254e-09,True,0.0600206965166,True,-0.0718066496792,-0.10122750371200001,-0.0412068071951,True
5452,272,12,3.52981926703e-18,True,0.0594648232629,True,-0.0740158449377,-0.10508457612500001,-0.04561975286230001,True
5453,272,13,1.80834250335e-17,True,0.060770343842900004,True,-0.07395178024980001,-0.105144081347,-0.0443737375036,True
5454,272,14,7.723755154630001e-26,True,0.057046647613399996,True,-0.0799248392048,-0.10819537019400001,-0.0511487225805,True
5455,272,15,5.001975095469999e-24,True,0.057341937243099994,True,-0.0792202378067,-0.107316606817,-0.0499746695741,True
5456,272,16,7.06930219121e-21,True,0.05384311517609999,True,-0.0761393693206,-0.102327352575,-0.0484842373988,True
5457,272,17,1.3602026808899997e-24,True,0.057022607046099995,True,-0.0775411064157,-0.10633840591,-0.0493157988634,True
5458,272,18,2.51381515474e-22,True,0.056999533609300004,True,-0.0784390513599,-0.10681192648499999,-0.049812392875499996,True
5459,272,19,7.322446070129999e-18,True,0.056669973749400006,True,-0.0766382941266,-0.105628140921,-0.0489581671714,True
5460,273,0,12.014447386199999,False,0.141475529102,False,-0.0545060797683,-0.121897443189,0.019578085913099997,False
5461,273,1,14.8551201552,False,0.10339282757200001,False,-0.039563710681199994,-0.0905048788226,0.0128879487491,False
5462,273,2,3.49458353865,False,0.08750564575519999,False,-0.05479753226430001,-0.101182160996,-0.013676515241100001,True
5463,273,3,20.5927659759,False,0.0810427836797,False,-0.029731649186599998,-0.0688786380695,0.012164145610200001,False
5464,273,4,44.6422546156,False,0.073837473195,True,-0.017165394239299997,-0.0546331444843,0.0192043287108,False
5465,273,5,63.6650999974,False,0.0710462544523,True,-0.004420824884569999,-0.037217331806199995,0.033828922646,False
5466,273,6,68.8139880777,False,0.06856453246159999,True,-0.00207128769207,-0.036343839948,0.0322206925136,False
5467,273,7,66.48689219090001,False,0.0631617290117,True,-0.00569685452362,-0.0380367251378,0.025125003873900004,False
5468,273,8,40.962843460500004,False,0.0640944527032,True,-0.019376552938400002,-0.050288806848,0.0138056458552,False
5469,273,9,28.975016635,False,0.0595024780456,True,-0.0222922240285,-0.0526228352836,0.00687964276199,False
5470,273,10,11.187663428399999,False,0.061763506688,True,-0.03103868193,-0.06204615332380001,-0.000282646635814,True
5471,273,11,4.1691764098699995,False,0.0602745601248,True,-0.037412607696,-0.0659482414826,-0.00567368135781,True
5472,273,12,5.74668080944,False,0.060138903749,True,-0.0366075437333,-0.0661819315136,-0.00604302776463,True
5473,273,13,13.5664798644,False,0.0600989800531,True,-0.029956180800799998,-0.059337170858699995,0.0007618091943239998,False
5474,273,14,8.77741341062,False,0.05783658747269999,True,-0.0323528904678,-0.060455985043900005,-0.0026193975712,True
5475,273,15,1.3134303040100002,False,0.057360927752900005,True,-0.043048115922300005,-0.07198668759060001,-0.014625759837799998,True
5476,273,16,2.31251052261,False,0.05596830298830001,True,-0.0387132128997,-0.0678884750013,-0.011920172013,True
5477,273,17,7.13200588742,False,0.0600743347575,True,-0.0349527961922,-0.0642924686759,-0.00421813391839,True
5478,273,18,3.5092069569300004,False,0.0563440606258,True,-0.037912343863800005,-0.0670696019725,-0.010725541346799998,True
5479,273,19,4.7040357327599995,False,0.0576510681752,True,-0.037139429270199996,-0.0660451804465,-0.00839411227132,True
5480,274,0,15.6305209959,False,0.138269825699,False,-0.0474624354362,-0.11507627016699999,0.0231935555317,False
5481,274,1,9.456004688330001,False,0.10268744439,False,-0.0471416592414,-0.09535470831399999,0.00733273607616,False
5482,274,2,14.0850237745,False,0.0865377468058,False,-0.0364089218863,-0.0819706378621,0.0045671089437,False
5483,274,3,15.6389702454,False,0.081933441271,False,-0.0328432241785,-0.0724049691006,0.00952847217044,False
5484,274,4,21.790945866399998,False,0.0737831572293,True,-0.028527189836800002,-0.066733169062,0.00704998816732,False
5485,274,5,2.4905795408799998,False,0.0702736801358,True,-0.0460864250206,-0.0831240175106,-0.0128503373747,True
5486,274,6,3.50453512643,False,0.0683758056673,True,-0.045034652396400005,-0.08027447359039999,-0.0118986679231,True
5487,274,7,0.600340245535,False,0.062191042471000005,True,-0.0507025141529,-0.0808981934134,-0.018707150942400004,True
5488,274,8,0.413107751614,False,0.061768943053400006,True,-0.0583279401965,-0.08950609974310002,-0.0277371566897,True
5489,274,9,0.0685150622822,True,0.0631826668219,True,-0.0588953492534,-0.09061588462189998,-0.0274332178001,True
5490,274,10,0.152822930688,True,0.06048018618150001,True,-0.0572479578681,-0.0861458551303,-0.0256656689487,True
5491,274,11,0.17592465228,True,0.06102833793430001,True,-0.051631564073,-0.08150198807919999,-0.0204736501449,True
5492,274,12,0.09038898828389999,True,0.060885937215,True,-0.0557274534796,-0.08688015469689998,-0.025994217481900003,True
5493,274,13,0.502693975118,False,0.058016796408400004,True,-0.050920892869800005,-0.08059983480380001,-0.0225830383954,True
5494,274,14,0.44021362523199997,False,0.0576195294262,True,-0.048827572735099994,-0.079406023798,-0.0217864943718,True
5495,274,15,0.204281507478,True,0.057649010799000006,True,-0.0500741641885,-0.07844090754380001,-0.020791896744799997,True
5496,274,16,0.244211245588,True,0.057499228762,True,-0.0548011612923,-0.08300620494960001,-0.0255069761876,True
5497,274,17,0.10558327094100001,True,0.057205760352,True,-0.051485218216900004,-0.0784252364925,-0.021219476140499998,True
5498,274,18,0.34077775660899995,False,0.056848002106300005,True,-0.052681804644800004,-0.0803659180547,-0.0235179159485,True
5499,274,19,0.290585336997,True,0.0558811987436,True,-0.0510068424156,-0.0789030305162,-0.0230218317725,True
5500,275,0,33.6758865654,False,0.142435695364,False,0.00553421444066,-0.0704297614157,0.07200593394839999,False
5501,275,1,40.7746677956,False,0.100284179112,False,-0.0137258045563,-0.0631620900904,0.037122089021600004,False
5502,275,2,48.6808913726,False,0.09097887090710001,False,-0.006314647890109999,-0.0516785589011,0.0393003120061,False
5503,275,3,60.1606834192,False,0.0765278893502,True,-0.00592468525774,-0.0436469720397,0.0328809173105,False
5504,275,4,30.059107681799997,False,0.0743073112804,True,-0.024198130696200002,-0.061762805442500006,0.0125445058379,False
5505,275,5,30.0322501016,False,0.07211052372,True,-0.024803840396099997,-0.06366521265700001,0.00844531106302,False
5506,275,6,13.6659120827,False,0.06506584986399999,True,-0.0311570258048,-0.0626715286006,0.00239432126336,False
5507,275,7,7.913367794510001,False,0.0636741667153,True,-0.0355797729872,-0.06748017871709999,-0.00380601200185,True
5508,275,8,8.63183210609,False,0.0632610693557,True,-0.0339035191295,-0.0662719332937,-0.0030108639379899994,True
5509,275,9,15.512015743800001,False,0.061323002035600004,True,-0.028561775484700003,-0.060898215968800004,0.00042478606678400006,False
5510,275,10,15.0605894096,False,0.0592851223917,True,-0.028932372097,-0.0586192458715,0.000665876520194,False
5511,275,11,8.57258250506,False,0.060432486769900005,True,-0.0331002293075,-0.0648064017841,-0.00437391501426,True
5512,275,12,2.22385637594,False,0.057747675352999996,True,-0.0397755308411,-0.06969355036239999,-0.0119458750094,True
5513,275,13,0.83850972194,False,0.0581893322906,True,-0.0458718581025,-0.07495576942860001,-0.016766437138,True
5514,275,14,0.106625593895,True,0.0589798247814,True,-0.0525422854796,-0.081236684698,-0.022256859916699998,True
5515,275,15,0.0206164540473,True,0.057840150548099996,True,-0.0521925469679,-0.0812979382247,-0.0234577876766,True
5516,275,16,0.047497948513199995,True,0.0582068895384,True,-0.0595965299835,-0.08903511522949999,-0.0308282256911,True
5517,275,17,0.000222082990196,True,0.05778883845430001,True,-0.0632809671592,-0.0912140017247,-0.0334251632704,True
5518,275,18,5.0548900732e-17,True,0.0552811679523,True,-0.06821554542330001,-0.0939012759791,-0.0386201080268,True
5519,275,19,9.43820697593e-11,True,0.0559511394019,True,-0.0675369270425,-0.0974874997322,-0.041536360330300004,True
5520,276,0,3.17568412533,False,0.13997412341600002,False,-0.0785612053033,-0.151931289943,-0.0119571665274,True
5521,276,1,0.5588449638699999,False,0.10972016941500001,False,-0.08667509890419998,-0.141793031431,-0.0320728620166,True
5522,276,2,0.47252758362899994,False,0.08734050795600001,False,-0.0688870614466,-0.11174526857599999,-0.024404760619799997,True
5523,276,3,0.174165231608,True,0.08178416832489999,False,-0.0716047236213,-0.112584296937,-0.0308001286125,True
5524,276,4,1.9245966520400002,False,0.076241884619,True,-0.0550957046958,-0.09405078081110001,-0.0178088961921,True
5525,276,5,0.22559623849899998,True,0.0684345951394,True,-0.060897273966399997,-0.09419142287239998,-0.025756827733,True
5526,276,6,0.49509348431,False,0.066479533545,True,-0.0564577599,-0.08965643690689999,-0.023176903361800002,True
5527,276,7,0.0380696081354,True,0.0671863546987,True,-0.06240954007130001,-0.09487374953230002,-0.0276873948336,True
5528,276,8,0.00856677566192,True,0.0657198016624,True,-0.0615960266579,-0.09346484145749999,-0.0277450397951,True
5529,276,9,0.184336815156,True,0.060180573729800006,True,-0.0630753562634,-0.0933563537169,-0.0331757799871,True
5530,276,10,8.51745433488e-24,True,0.059028618243699996,True,-0.07828652794680001,-0.107879862754,-0.048851244510500005,True
5531,276,11,2.54598566113e-15,True,0.0594188298654,True,-0.0743156466513,-0.101559106479,-0.042140276613300005,True
5532,276,12,6.81304839785e-14,True,0.060609820239500005,True,-0.0714866318805,-0.10127825344699999,-0.0406684332079,True
5533,276,13,8.518384752170001e-13,True,0.058822361562800005,True,-0.0736487006865,-0.104260667674,-0.045438306110699996,True
5534,276,14,3.18593903469e-13,True,0.0565045196551,True,-0.0744606464888,-0.10335233294299999,-0.0468478132883,True
5535,276,15,9.533099198789999e-28,True,0.0578332307835,True,-0.0778784252297,-0.106642123615,-0.0488088928313,True
5536,276,16,1.09657608598e-19,True,0.05918332437919999,True,-0.080017359348,-0.110052070694,-0.050868746315000005,True
5537,276,17,1.77503268743e-24,True,0.0565531022692,True,-0.07485056887139999,-0.103288243892,-0.0467351416232,True
5538,276,18,4.10783331288e-22,True,0.0554865919035,True,-0.069530880921,-0.0956739037749,-0.0401873118714,True
5539,276,19,5.71829774875e-18,True,0.0589207554619,True,-0.0743050759818,-0.104152285847,-0.04523153038509999,True
5540,277,0,4.19645436071,False,0.14206305429000002,False,-0.07943578624860001,-0.14658085114,-0.00451779684966,True
5541,277,1,17.856767899999998,False,0.108043724426,False,-0.037430737982,-0.0896436143794,0.0184001100465,False
5542,277,2,21.3200600965,False,0.0864410445287,False,-0.0329754827662,-0.07664671391769999,0.009794330611030001,False
5543,277,3,1.8136933528099999,False,0.0810513666692,False,-0.0543136850004,-0.096857462099,-0.0158060954298,True
5544,277,4,2.14675443099,False,0.0751897260269,True,-0.05283532041680001,-0.09043088394639999,-0.0152411579195,True
5545,277,5,0.758869560007,False,0.0698310705733,True,-0.0540650709746,-0.0904260316877,-0.020594961114400002,True
5546,277,6,0.0915675587317,True,0.0664126788572,True,-0.06251783181340001,-0.09571807735639999,-0.0293053984993,True
5547,277,7,0.086397960775,True,0.0653091749625,True,-0.05795318580080001,-0.0905111310676,-0.025201956105200003,True
5548,277,8,1.16433970088,False,0.0647104907486,True,-0.04793478376069999,-0.0815251075523,-0.016814616803700003,True
5549,277,9,0.104801573849,True,0.061669916092999995,True,-0.06359725523059999,-0.0947635007013,-0.033093584608299996,True
5550,277,10,5.00100804373e-05,True,0.0607667182268,True,-0.062494262507699995,-0.09182183366520001,-0.031055115438399998,True
5551,277,11,0.0891647471558,True,0.060157953831699994,True,-0.052434814731099996,-0.081822824397,-0.021664870565299997,True
5552,277,12,0.10930413234000001,True,0.05871619496169999,True,-0.06036832794890001,-0.0900018478456,-0.031285652883799996,True
5553,277,13,5.622666955680001e-07,True,0.056379525033400005,True,-0.060161897041699997,-0.0886707748217,-0.032291249788299996,True
5554,277,14,9.54093842249e-05,True,0.06063474392109999,True,-0.0640665655842,-0.09314546010819999,-0.0325107161871,True
5555,277,15,0.00043582440352,True,0.056782744186500006,True,-0.063843367453,-0.0904901576111,-0.033707413424499996,True
5556,277,16,0.0032182434568,True,0.0555269193954,True,-0.065124896773,-0.0937173284943,-0.0381904090989,True
5557,277,17,1.46238669471e-07,True,0.05834526636469999,True,-0.0644939546404,-0.0930393278347,-0.034694061469999996,True
5558,277,18,1.5489263057e-06,True,0.058049297912599995,True,-0.0652098953185,-0.0937966530004,-0.035747355087800005,True
5559,277,19,2.13961264917e-08,True,0.0561745936475,True,-0.0656665192997,-0.0951156715903,-0.03894107794269999,True
5560,278,0,0.926665631491,False,0.137426353698,False,-0.09783066123579999,-0.167502841539,-0.0300764878406,True
5561,278,1,0.147773948767,True,0.106585480319,False,-0.0913198369995,-0.145617426774,-0.0390319464547,True
5562,278,2,2.0714355808200002,False,0.0899890404977,False,-0.0605892414336,-0.108056807278,-0.0180677667805,True
5563,278,3,1.10497289561,False,0.0816114982473,False,-0.0617499324913,-0.10153383662799999,-0.0199223383804,True
5564,278,4,0.22366231668699998,True,0.0746861372655,True,-0.061907888389499996,-0.0988648504552,-0.0241787131896,True
5565,278,5,6.613741137980001e-10,True,0.0709036714584,True,-0.0747011314143,-0.11049170974000001,-0.0395880382813,True
5566,278,6,0.00971399222764,True,0.06700538975510001,True,-0.0713940223663,-0.104313177687,-0.0373077879322,True
5567,278,7,5.4381922770200006e-11,True,0.06732914536090001,True,-0.07739991485310001,-0.110516627954,-0.0431874825931,True
5568,278,8,1.11130688429e-17,True,0.0644533567635,True,-0.0784412007975,-0.11094801221799999,-0.046494655454,True
5569,278,9,6.605399925470001e-11,True,0.0618695536209,True,-0.07593443635210001,-0.107303419318,-0.0454338656975,True
5570,278,10,3.0365066949e-13,True,0.058984731649000005,True,-0.072623998197,-0.10163156538999998,-0.04264683374080001,True
5571,278,11,0.00113065451601,True,0.059718823521600004,True,-0.0694291757379,-0.0997001871559,-0.0399813636343,True
5572,278,12,9.51401894975e-08,True,0.0609728070426,True,-0.0691599916728,-0.0985143859099,-0.0375415788673,True
5573,278,13,0.00422411878057,True,0.059630346163599995,True,-0.0631537120901,-0.09115977317110001,-0.0315294270075,True
5574,278,14,0.008313309061549999,True,0.06019560003880001,True,-0.06704495406949999,-0.0962380517092,-0.0360424516704,True
5575,278,15,2.5929070886200002e-06,True,0.0577720632469,True,-0.0645776562811,-0.0917347943804,-0.033962731133599995,True
5576,278,16,9.43779276538e-05,True,0.05794827446769999,True,-0.063113306844,-0.09253802379119999,-0.034589749323400004,True
5577,278,17,0.0007428776594480001,True,0.055969744517800006,True,-0.0656178038941,-0.0926576912252,-0.0366879467075,True
5578,278,18,6.46695070625e-09,True,0.0576801552477,True,-0.0644204229525,-0.0930005644302,-0.0353204091825,True
5579,278,19,0.0104420054176,True,0.0570586299895,True,-0.0577357401872,-0.0844863142334,-0.0274276842439,True
5580,279,0,26.1843078054,False,0.139872971277,False,-0.025009141291400003,-0.0950500600805,0.044822911196,False
5581,279,1,41.1387448052,False,0.10704770441099999,False,-0.013169394094,-0.0653271308273,0.0417205735833,False
5582,279,2,30.4215674298,False,0.0884858001323,False,-0.0244775988853,-0.0678042459819,0.020681554150400003,False
5583,279,3,20.2301925957,False,0.0807467931238,False,-0.030812641638700004,-0.0710097411994,0.00973705192433,False
5584,279,4,10.8151725711,False,0.0738810193572,True,-0.0368509381991,-0.0733637107709,0.000517308586297,False
5585,279,5,0.503694273987,False,0.0699264716219,True,-0.055456594299999995,-0.08974130793929999,-0.0198148363175,True
5586,279,6,0.000199807211702,True,0.0658992028145,True,-0.07008879503010002,-0.10362990943499999,-0.037730706620800004,True
5587,279,7,0.00035148725610100004,True,0.0666928304586,True,-0.0710584027431,-0.105991809601,-0.0392989791428,True
5588,279,8,0.0820605846368,True,0.0626040422567,True,-0.058359159540599996,-0.089483970272,-0.026879928015400005,True
5589,279,9,1.4671992900700002e-06,True,0.060965977951,True,-0.0672247922129,-0.0961276768806,-0.0351616989296,True
5590,279,10,0.09961959516869999,True,0.060170680999,True,-0.0583335032773,-0.0874234927454,-0.027252811746400003,True
5591,279,11,0.217319121341,True,0.0582596017783,True,-0.05465053505319999,-0.08531227573660001,-0.027052673958299998,True
5592,279,12,5.04053669848e-05,True,0.0609828680155,True,-0.0633697321717,-0.0951294049427,-0.0341465369272,True
5593,279,13,2.70332345324e-05,True,0.0610093430966,True,-0.062972394781,-0.0933977279575,-0.0323883848609,True
5594,279,14,1.68279476952e-11,True,0.0551341216825,True,-0.0670849176206,-0.0948680073731,-0.0397338856906,True
5595,279,15,6.87825088447e-05,True,0.059158841990199995,True,-0.06759577871150001,-0.09649132187550001,-0.0373324798853,True
5596,279,16,1.54461416155e-12,True,0.056975917930500004,True,-0.0664674594733,-0.0955265183364,-0.038550600405900005,True
5597,279,17,1.28988360197e-11,True,0.0571142179399,True,-0.0731705453193,-0.10310107083100001,-0.045986852891600004,True
5598,279,18,6.822946838409999e-18,True,0.05777424461019999,True,-0.0746910161746,-0.10437396498299999,-0.04659972037290001,True
5599,279,19,2.39102524517e-24,True,0.0577317183653,True,-0.0801088967455,-0.10895519245799999,-0.051223474093199994,True
5600,280,0,10.451404556,False,0.135704649066,False,-0.055497078531400006,-0.122706655712,0.0129979933547,False
5601,280,1,4.50902007751,False,0.10143120871200001,False,-0.059193902049400005,-0.108130623217,-0.00669941450518,True
5602,280,2,2.77592771373,False,0.08821987735919999,False,-0.055295114537699995,-0.100107108145,-0.011887230785299999,True
5603,280,3,0.535826467089,False,0.0762492971115,True,-0.0615099941803,-0.0984014731026,-0.022152175991099997,True
5604,280,4,5.69325618437e-06,True,0.0715886986521,True,-0.0808724046915,-0.119106734179,-0.04751803552659999,True
5605,280,5,2.95168993084e-12,True,0.0708247674785,True,-0.08051114193589999,-0.11543863113500001,-0.04461386365669999,True
5606,280,6,6.969840607030001e-18,True,0.0660614898558,True,-0.0901161518798,-0.123513945043,-0.057452455187400005,True
5607,280,7,0.0235489819907,True,0.0646914045343,True,-0.0738405807509,-0.105749434837,-0.04105803030269999,True
5608,280,8,1.6821071908699996e-11,True,0.0635479279675,True,-0.0761995015162,-0.10852747997500001,-0.0449795520079,True
5609,280,9,0.00510148095711,True,0.0632643839205,True,-0.0704168566147,-0.102532699094,-0.0392683151736,True
5610,280,10,6.2931866257799995e-15,True,0.0604681455747,True,-0.0719889497541,-0.10078835781300001,-0.0403202122379,True
5611,280,11,7.67491833505e-11,True,0.060646014570500006,True,-0.0730088320657,-0.10395633889900001,-0.0433103243284,True
5612,280,12,0.00693623061104,True,0.059813777813499995,True,-0.066286639673,-0.0954208520785,-0.035607074265000004,True
5613,280,13,0.008982949646750001,True,0.0570640070533,True,-0.0619293040124,-0.0907164279012,-0.0336524208478,True
5614,280,14,0.0417129895579,True,0.0570835071358,True,-0.0615018651289,-0.09208422625839999,-0.0350007191226,True
5615,280,15,0.00200447157865,True,0.0576429788906,True,-0.06247510524159999,-0.0919528417029,-0.034309862812200005,True
5616,280,16,0.00537846877736,True,0.057042047833500004,True,-0.0603662826791,-0.0888241536576,-0.031782105824099995,True
5617,280,17,0.0307104959098,True,0.0562866463131,True,-0.0555490304344,-0.0838761448503,-0.0275894985372,True
5618,280,18,2.46983852438e-07,True,0.0568874169993,True,-0.0608286092344,-0.0879190259185,-0.0310316089193,True
5619,280,19,2.48039170756e-05,True,0.057424429933900005,True,-0.06985472772960001,-0.09684673750360001,-0.03942230756969999,True
5620,281,0,33.1007902229,False,0.13850696749299998,False,-0.0145335142603,-0.08668165705330001,0.05182531043980001,False
5621,281,1,17.3638864322,False,0.104461496675,False,-0.0378767936348,-0.0941964177815,0.0102650788935,False
5622,281,2,7.35955731856,False,0.08618614158539999,False,-0.045029787873499996,-0.08580363404920001,0.000382507536254,False
5623,281,3,14.6805916305,False,0.07930700648460001,True,-0.034996170021,-0.0727423258132,0.00656468067138,False
5624,281,4,30.7080821212,False,0.07577238042569999,True,-0.0248402930772,-0.0637985097903,0.0119738706354,False
5625,281,5,19.7995461158,False,0.0715466324787,True,-0.028800118364400003,-0.06396346212330001,0.007583170355390001,False
5626,281,6,6.402330345299999,False,0.0672734452244,True,-0.0381501093483,-0.0717025228012,-0.0044290775767899995,True
5627,281,7,5.97808885473,False,0.065424771522,True,-0.0383589183904,-0.069487430269,-0.00406265874696,True
5628,281,8,3.3551639738800003,False,0.0613616104421,True,-0.040200986685900005,-0.0691817695732,-0.00782015913101,True
5629,281,9,0.154429060234,True,0.0609929591816,True,-0.0576946245831,-0.08794043952860002,-0.026947480347,True
5630,281,10,1.49035082724e-05,True,0.061341673205500005,True,-0.06375247398230001,-0.09341450435569999,-0.0320728311502,True
5631,281,11,2.0533642271400003e-08,True,0.0582262928421,True,-0.06332403609380001,-0.09193971078739999,-0.0337134179452,True
5632,281,12,1.27288264233e-05,True,0.059564860802800004,True,-0.06312403821859999,-0.094387759057,-0.0348228982542,True
5633,281,13,0.45735167747100003,False,0.05655398957359999,True,-0.0480641924316,-0.0755365701976,-0.018982580624,True
5634,281,14,0.104830815655,True,0.056530423294599993,True,-0.055345653913900006,-0.0843151525066,-0.027784729212000002,True
5635,281,15,0.017141070196400002,True,0.057500191588900004,True,-0.061545597868499995,-0.0897089844696,-0.0322087928807,True
5636,281,16,0.00972608509749,True,0.056133260944300004,True,-0.0603169984418,-0.0894229368367,-0.0332896758923,True
5637,281,17,3.8756124358899996e-08,True,0.057082992737999994,True,-0.0640953364924,-0.09143629842810001,-0.0343533056901,True
5638,281,18,5.50982366594e-10,True,0.0552324552545,True,-0.061733340164,-0.08950998207260001,-0.0342775268181,True
5639,281,19,0.0019324872532200002,True,0.053832741739199996,True,-0.0655972846445,-0.0911919876396,-0.037359245900400004,True
5640,282,0,20.0195415819,False,0.141398917466,False,-0.0382509508005,-0.10697470404,0.0344242134259,False
5641,282,1,20.5555659402,False,0.104258424751,False,-0.0369891054692,-0.09106548373710001,0.0131929410136,False
5642,282,2,24.7382837279,False,0.08803448962410002,False,-0.0284072238396,-0.0702302205813,0.0178042690428,False
5643,282,3,5.456780509930001,False,0.0815913486558,False,-0.047140030676499994,-0.09052072760220001,-0.00892937894632,True
5644,282,4,6.37677367457,False,0.07285532581519999,True,-0.041042665935699996,-0.07874597248239999,-0.00589064666723,True
5645,282,5,3.98368319241,False,0.068871931091,True,-0.044713574436099995,-0.0795708271148,-0.0106988960237,True
5646,282,6,1.26486222225,False,0.0677851694044,True,-0.048446467042300004,-0.08241705380410001,-0.014631884399600002,True
5647,282,7,0.8018482340440001,False,0.0633953419229,True,-0.0528855029644,-0.08595329636939998,-0.022557954446400002,True
5648,282,8,0.47010606711,False,0.0614627342234,True,-0.051278777911599994,-0.0822209891333,-0.0207582549099,True
5649,282,9,0.597364530486,False,0.062441086397,True,-0.050913601490199994,-0.0838131666163,-0.021372080219299996,True
5650,282,10,0.358992080895,False,0.062211208174800005,True,-0.0549660392545,-0.08536025511989999,-0.023149046945099998,True
5651,282,11,0.440002063603,False,0.0602682500689,True,-0.0527703586587,-0.0815227099812,-0.0212544599123,True
5652,282,12,0.24361608690900002,True,0.058634429810000006,True,-0.054084994436999996,-0.0846652103001,-0.0260307804901,True
5653,282,13,0.128893369081,True,0.059474775768999996,True,-0.055656298171,-0.0861863170218,-0.026711541252799998,True
5654,282,14,0.00832340229184,True,0.0580380559769,True,-0.0538875304468,-0.0828808399078,-0.024842783930900003,True
5655,282,15,1.31874239444e-07,True,0.0587708986061,True,-0.05955633691869999,-0.0900998547031,-0.0313289560971,True
5656,282,16,0.405721710897,False,0.058827359430599996,True,-0.05321295791280001,-0.0820954214289,-0.023268061998299998,True
5657,282,17,0.00106612442904,True,0.055945454703599996,True,-0.0568411112665,-0.0850024011716,-0.029056946468000003,True
5658,282,18,0.00476324031137,True,0.057390994005199994,True,-0.05522032043859999,-0.08417674064030001,-0.0267857466351,True
5659,282,19,0.12527842763699998,True,0.055728047629300004,True,-0.0499535680515,-0.08036545713650001,-0.0246374095072,True
5660,283,0,20.941824452,False,0.141506092576,False,-0.0351207752709,-0.103590453958,0.03791563861780001,False
5661,283,1,20.7997962688,False,0.102504458085,False,-0.0342817355975,-0.0880152192507,0.0144892388341,False
5662,283,2,25.890393563099998,False,0.0885452370703,False,-0.0276045563675,-0.07329962744730001,0.015245609623,False
5663,283,3,6.267578758049999,False,0.0782367448967,True,-0.043162858054400004,-0.08105766833189999,-0.00282092343519,True
5664,283,4,5.01235233196,False,0.074778824947,True,-0.0445899772338,-0.083418632741,-0.00863980779402,True
5665,283,5,0.8612452048739999,False,0.07239963607439999,True,-0.053305791404800004,-0.08783814072019999,-0.015438504645799999,True
5666,283,6,0.168217937587,True,0.0647495391098,True,-0.060377964269,-0.0930652479507,-0.028315708841,True
5667,283,7,0.295707162547,True,0.0648079170763,True,-0.055470651503099995,-0.08820043130039999,-0.023392514224099995,True
5668,283,8,0.0967344122306,True,0.0632088555546,True,-0.058731946469099995,-0.09098583190860002,-0.027776976354099998,True
5669,283,9,0.022853323831700002,True,0.0595445869348,True,-0.060159470643699996,-0.0915544506872,-0.0320098637524,True
5670,283,10,0.300970016949,True,0.06107783629769999,True,-0.052722319512,-0.08287857681630001,-0.0218007405185,True
5671,283,11,0.126257602717,True,0.0608691205086,True,-0.054442078254699995,-0.0835349314235,-0.0226658109148,True
5672,283,12,0.296741452643,True,0.058317744576,True,-0.05185022368890001,-0.08093436041739999,-0.022616615841399998,True
5673,283,13,0.0589814947505,True,0.0597382025397,True,-0.0626777987824,-0.09201342093960001,-0.0322752184,True
5674,283,14,5.19057778634e-09,True,0.0569302412011,True,-0.06531095783390001,-0.0927558759467,-0.0358256347456,True
5675,283,15,0.000125211104,True,0.0560082670099,True,-0.0624821520041,-0.0902201786881,-0.0342119116782,True
5676,283,16,0.0323443915134,True,0.0559246796234,True,-0.0537750359119,-0.08201949736389999,-0.0260948177405,True
5677,283,17,0.302898190456,True,0.05371197804740001,True,-0.04909471539469999,-0.0757463319248,-0.0220343538773,True
5678,283,18,0.0412462087579,True,0.055419871652499994,True,-0.05146089113749999,-0.0799812213913,-0.0245613497388,True
5679,283,19,0.20738668716400002,True,0.0557861215257,True,-0.053800517776499995,-0.0821463844599,-0.0263602629342,True
5680,284,0,18.732107953499998,False,0.141814604742,False,-0.0401471442965,-0.108899934227,0.0329146705152,False
5681,284,1,0.968302262023,False,0.105178704644,False,-0.0743927729583,-0.12787929175100002,-0.0227005871078,True
5682,284,2,0.19860080672699998,True,0.08725366298000001,False,-0.07542487728410001,-0.11917055796800001,-0.0319168949885,True
5683,284,3,0.6733185652120001,False,0.0798537369895,True,-0.065310482236,-0.106669736503,-0.0268159995133,True
5684,284,4,0.0736375854006,True,0.0740949320722,True,-0.06471936639630001,-0.103098534098,-0.0290036020255,True
5685,284,5,0.194412821737,True,0.0719605370523,True,-0.0661873771615,-0.102254464243,-0.030293927190700003,True
5686,284,6,0.06914023088889999,True,0.067439160192,True,-0.07013465856619999,-0.10367897990199999,-0.0362398197101,True
5687,284,7,0.0209695128368,True,0.0670662392743,True,-0.0652525734724,-0.0981563359545,-0.031090096680299998,True
5688,284,8,0.0003144913793,True,0.061569764553,True,-0.06522578112380001,-0.09625954784320001,-0.0346897832902,True
5689,284,9,0.0026235644243200002,True,0.06292905591440001,True,-0.0665337021015,-0.09702051083789999,-0.0340914549235,True
5690,284,10,5.231200966560001e-07,True,0.0573052812918,True,-0.0659828923527,-0.095246102776,-0.0379408214843,True
5691,284,11,0.00873641701536,True,0.060789421414599996,True,-0.0659128285219,-0.0974328125473,-0.036643391132699994,True
5692,284,12,1.74623502293e-21,True,0.0577200183699,True,-0.077045032986,-0.106826731594,-0.04910671322380001,True
5693,284,13,0.0451962717535,True,0.057859929084800005,True,-0.0683442229202,-0.0974220029707,-0.0395620738859,True
5694,284,14,8.22370128412e-17,True,0.0603362563112,True,-0.07935761182,-0.109442005423,-0.0491057491116,True
5695,284,15,8.08291072121e-25,True,0.05525740045369999,True,-0.0749792619029,-0.10209293024,-0.0468355297861,True
5696,284,16,4.81908808685e-12,True,0.0572743355363,True,-0.0702987047921,-0.0992408646493,-0.041966529113,True
5697,284,17,1.7266192220599998e-06,True,0.0562271544202,True,-0.07863801195600001,-0.107021878714,-0.05079472429330001,True
5698,284,18,3.18770980456e-26,True,0.0571073551671,True,-0.0799872675992,-0.110491189562,-0.05338383439450001,True
5699,284,19,2.06845541565e-17,True,0.0556419526574,True,-0.0721912385848,-0.0989470935836,-0.0433051409263,True
5700,285,0,24.242049385999998,False,0.137338542128,False,0.031350380839800004,-0.0352629108247,0.102075631304,False
5701,285,1,45.0738510276,False,0.104127413003,False,0.00126132773374,-0.0503392444288,0.0537881685738,False
5702,285,2,54.7813809363,False,0.08927706039969999,False,-0.00162246288846,-0.0480545996501,0.041222460749599996,False
5703,285,3,33.975414431,False,0.0805971130303,False,-0.021673680998200003,-0.0629894211049,0.0176076919254,False
5704,285,4,22.968763014,False,0.073379332115,True,-0.0286383294318,-0.0663877742622,0.00699155785283,False
5705,285,5,25.9913451414,False,0.07029552271180001,True,-0.0253217347291,-0.059747690404099996,0.010547832307700001,False
5706,285,6,18.380542266400003,False,0.0684376802381,True,-0.028358903780099996,-0.0645557654692,0.0038819147688800002,False
5707,285,7,10.8258260906,False,0.0658344448976,True,-0.033090375999099995,-0.06708959040609999,-0.0012551455084900002,True
5708,285,8,9.473208725610002,False,0.0636628470827,True,-0.032987928036,-0.06354716132730001,0.00011568575536,False
5709,285,9,4.611652314340001,False,0.0603595544189,True,-0.036549576647300006,-0.066556309454,-0.00619675503505,True
5710,285,10,17.1439137776,False,0.059473347658400004,True,-0.0273425265657,-0.057809089687400006,0.00166425797099,False
5711,285,11,13.140733803,False,0.060983822713099996,True,-0.031000569592,-0.0597173302895,0.0012664924236099999,False
5712,285,12,16.0321252191,False,0.0573575553416,True,-0.0280050642564,-0.0556557886594,0.00170176668213,False
5713,285,13,26.399411310300003,False,0.058441181689099994,True,-0.023153240449500002,-0.0504911309458,0.00795005074335,False
5714,285,14,33.6858895411,False,0.058321272158,True,-0.0199611549208,-0.0474686300236,0.010852642134399999,False
5715,285,15,30.453014409,False,0.0580779733061,True,-0.021125581677299998,-0.0495530849988,0.00852488830734,False
5716,285,16,31.1877257608,False,0.058155643816999995,True,-0.021061322593,-0.0515164154421,0.0066392283748999996,False
5717,285,17,22.610220234899998,False,0.057064958746999996,True,-0.0252163299933,-0.05363741406280001,0.0034275446842399995,False
5718,285,18,9.029619403169999,False,0.055266019114199996,True,-0.031202050976400005,-0.059659604139999996,-0.00439358502574,True
5719,285,19,5.8528494635,False,0.056918991518299995,True,-0.0353902771166,-0.0647189068085,-0.0077999152901599995,True
5720,286,0,0.567949226999,False,0.137709558703,False,-0.10407490048000001,-0.17098595920499998,-0.0332764005021,True
5721,286,1,0.054383807352400004,True,0.10711434506300001,False,-0.0995914905415,-0.151176545125,-0.0440622000619,True
5722,286,2,3.0178286657300004e-20,True,0.0866524781539,False,-0.10716424388399999,-0.149611098181,-0.0629586200274,True
5723,286,3,0.000496904052906,True,0.07881893913060001,True,-0.0876940200595,-0.12922430549699998,-0.0504053663661,True
5724,286,4,0.196562376099,True,0.07422799205580001,True,-0.06305578742290001,-0.101307885551,-0.027079893495099996,True
5725,286,5,0.000468698694535,True,0.06798213732990001,True,-0.0714573072913,-0.10669051128799999,-0.0387083739584,True
5726,286,6,1.68413014926e-05,True,0.0669564364629,True,-0.0738569595301,-0.105012258815,-0.0380558223524,True
5727,286,7,0.0009227973947839999,True,0.0641999039621,True,-0.0660711550545,-0.09758252603939999,-0.033382622077200004,True
5728,286,8,0.483880112216,False,0.0629890374774,True,-0.0575993649684,-0.0878559771676,-0.024866939690099996,True
5729,286,9,0.0843416707779,True,0.061214398484500006,True,-0.053852747471500005,-0.08417821033330002,-0.0229638118488,True
5730,286,10,0.15249604207,True,0.059977667329699995,True,-0.0532797725084,-0.0828130004664,-0.0228353331366,True
5731,286,11,0.798465287631,False,0.0591299983031,True,-0.047264143651800004,-0.0765516231679,-0.0174216248648,True
5732,286,12,0.12354760121200001,True,0.0574688811551,True,-0.05270432163430001,-0.08114022020489998,-0.0236713390498,True
5733,286,13,0.339164210587,False,0.0577923810386,True,-0.0506420501116,-0.07887345298580001,-0.0210810719471,True
5734,286,14,0.459538792616,False,0.0591505567681,True,-0.047540143730800004,-0.07714652682860001,-0.0179959700605,True
5735,286,15,0.228192486002,True,0.0583646442774,True,-0.0490401146805,-0.0783216482379,-0.0199570039605,True
5736,286,16,0.143816907376,True,0.056168019666800004,True,-0.051613346191600004,-0.07954747267519999,-0.0233794530084,True
5737,286,17,0.547402802087,False,0.0572873931571,True,-0.049768416672,-0.0789027244258,-0.021615331268599998,True
5738,286,18,0.11165584726700001,True,0.0549828851992,True,-0.04855307782269999,-0.0773033996676,-0.022320514468400002,True
5739,286,19,0.5378468755210001,False,0.0584137055523,True,-0.046349202804800003,-0.076586984468,-0.0181732789156,True
5740,287,0,33.0477518053,False,0.14512916602700002,False,-0.0020172399542300002,-0.07457329210699999,0.0705558739204,False
5741,287,1,23.561657983299998,False,0.10294599574100001,False,-0.0301638381879,-0.0793178702615,0.023628125479599995,False
5742,287,2,6.795139819319999,False,0.09000187534489999,False,-0.0479830285725,-0.0920737939202,-0.00207191857523,True
5743,287,3,4.470481241,False,0.08004679302680001,False,-0.0472181764448,-0.0891562107275,-0.009109417700709999,True
5744,287,4,3.3278235423,False,0.0745930806402,True,-0.0471532831946,-0.0838124630498,-0.00921938240965,True
5745,287,5,0.392055892427,False,0.0691261291963,True,-0.0598571026145,-0.0944287050752,-0.025302575878900002,True
5746,287,6,0.677855273298,False,0.0675664093234,True,-0.0535613249897,-0.08623140764789998,-0.018664998324400002,True
5747,287,7,0.0266404240757,True,0.0635257576281,True,-0.05554507034969999,-0.08830943890519999,-0.024783681277099998,True
5748,287,8,1.40516944616,False,0.06562843782200001,True,-0.0456239558076,-0.0806095837775,-0.0149811459556,True
5749,287,9,1.0448147871100002,False,0.0616875948139,True,-0.0472623882632,-0.078483429533,-0.0167958347191,True
5750,287,10,0.636338435224,False,0.062265663930699995,True,-0.0489235528328,-0.0817438066727,-0.019478142742,True
5751,287,11,1.5531033802,False,0.061218741626500005,True,-0.04416304184219999,-0.0769902964697,-0.0157715548432,True
5752,287,12,0.857275501163,False,0.056472846249,True,-0.044762278976800005,-0.07203869322869999,-0.0155658469798,True
5753,287,13,1.8418187908900001,False,0.0578885100999,True,-0.040500263035800003,-0.06880050652160001,-0.010911996421700002,True
5754,287,14,0.15402831353,True,0.058007829583099996,True,-0.0500797892028,-0.0793974931563,-0.0213896635732,True
5755,287,15,0.202120851465,True,0.0556228182935,True,-0.0491780374069,-0.07863959475389999,-0.0230167764604,True
5756,287,16,0.0385572303167,True,0.0572106065109,True,-0.0518210315946,-0.0805910802775,-0.0233804737666,True
5757,287,17,0.548950979906,False,0.0586087896433,True,-0.0517319080937,-0.0792194365137,-0.020610646870400002,True
5758,287,18,0.00208713823875,True,0.0558962926234,True,-0.0565796981465,-0.08599634286689999,-0.030100050243599998,True
5759,287,19,0.00915789248993,True,0.0571999709023,True,-0.0637900235395,-0.09390135711410001,-0.036701386211800004,True
5760,288,0,14.2830652752,False,0.142280675848,False,-0.048831302579100004,-0.125783837846,0.0164968380026,False
5761,288,1,15.5442314733,False,0.10286878756899999,False,-0.0397295971987,-0.09017148090539999,0.0126973066635,False
5762,288,2,4.71909662106,False,0.08695256635460001,False,-0.051251128027800005,-0.0950468000076,-0.00809423365299,True
5763,288,3,0.7394647676710001,False,0.07793316948710001,True,-0.059320121442300006,-0.0970739537032,-0.0191407842161,True
5764,288,4,1.8868476984,False,0.0721943389885,True,-0.052072954987699996,-0.08749147620009999,-0.0152971372116,True
5765,288,5,0.615528158368,False,0.0703134005691,True,-0.0550784624862,-0.0889007753024,-0.0185873747333,True
5766,288,6,0.046414557485,True,0.0657837938908,True,-0.063011985595,-0.09527236324869999,-0.0294885693579,True
5767,288,7,0.791550273391,False,0.065812666587,True,-0.050923770996699994,-0.08205123342189999,-0.0162385668348,True
5768,288,8,0.428693173219,False,0.0635556078012,True,-0.051116360873,-0.08298796059380001,-0.019432352792599996,True
5769,288,9,0.47477479059100003,False,0.0627532864881,True,-0.05050769680390001,-0.0838658427338,-0.0211125562456,True
5770,288,10,0.5578512981679999,False,0.0598872358506,True,-0.049607009259599995,-0.079527245089,-0.0196400092384,True
5771,288,11,0.43006348265699995,False,0.0579311371131,True,-0.050713026003400004,-0.0793270666092,-0.021395929496200002,True
5772,288,12,2.12301639058,False,0.058846472231,True,-0.0428601314704,-0.07350877844060001,-0.0146623062096,True
5773,288,13,1.17332899883,False,0.0580002238132,True,-0.0436647507603,-0.0731918176673,-0.0151915938541,True
5774,288,14,2.7290050352499997,False,0.057957117871599996,True,-0.0397035901996,-0.0683017276597,-0.0103446097881,True
5775,288,15,1.47173724477,False,0.056782118026800006,True,-0.0423456269551,-0.0702467996011,-0.013464681574299999,True
5776,288,16,2.4877044635099996,False,0.057915283000800004,True,-0.0395749730875,-0.0685401430629,-0.0106248600622,True
5777,288,17,3.19039931223,False,0.0572238591051,True,-0.039039462445400006,-0.06769745970390001,-0.010473600598899999,True
5778,288,18,0.7531952298729999,False,0.0572170196142,True,-0.0467942150405,-0.0765912010601,-0.0193741814459,True
5779,288,19,0.0043941897270600005,True,0.05536805099619999,True,-0.0525981118078,-0.0809192370016,-0.0255511860054,True
5780,289,0,19.6250146921,False,0.141577093328,False,-0.040140007788,-0.113851735807,0.0277253575208,False
5781,289,1,17.0860378456,False,0.104002106054,False,-0.0384749402558,-0.09070328790339999,0.013298818151,False
5782,289,2,18.5836155212,False,0.0876384006389,False,-0.0332430597633,-0.0759905660487,0.011647834590200001,False
5783,289,3,9.24779658112,False,0.0809096785658,False,-0.0402386255486,-0.0785158447697,0.00239383379609,False
5784,289,4,9.15179789928,False,0.07362732058910001,True,-0.0381391661455,-0.0758825029423,-0.0022551823532600004,True
5785,289,5,16.1006585098,False,0.0694832158107,True,-0.031793241654699995,-0.0661817783335,0.0033014374771399998,False
5786,289,6,2.1148247645400002,False,0.0663108075393,True,-0.04540811874890001,-0.0797180096854,-0.0134072021462,True
5787,289,7,1.4968749970700002,False,0.0635049128241,True,-0.0460377144687,-0.0788659258345,-0.0153610130104,True
5788,289,8,0.5268055990070001,False,0.06427835667949999,True,-0.04950271545,-0.0838756593525,-0.019597302673,True
5789,289,9,0.558305922524,False,0.0609734936351,True,-0.0533557703595,-0.0843563074333,-0.023382813798199998,True
5790,289,10,3.50984850806,False,0.0629245012028,True,-0.0404157490773,-0.07086032659130001,-0.00793582538843,True
5791,289,11,2.1651146923400004,False,0.06042699471480001,True,-0.0438527190055,-0.075121979341,-0.0146949846263,True
5792,289,12,0.340328639439,False,0.058222396605799996,True,-0.0465328206556,-0.0769372655241,-0.018714868918299998,True
5793,289,13,1.4445160197100002,False,0.057282028437,True,-0.0435855357556,-0.0730380322654,-0.0157560038284,True
5794,289,14,2.20613830477,False,0.0582188820175,True,-0.043285727216600005,-0.07362912872999999,-0.015410246712499999,True
5795,289,15,3.7560935286,False,0.05846056493290001,True,-0.038502310501,-0.06751686681710001,-0.00905630188421,True
5796,289,16,1.1595553865200001,False,0.05838346425980001,True,-0.043387940104199996,-0.0721371845857,-0.013753720325799999,True
5797,289,17,0.9155575844499999,False,0.0565309713246,True,-0.042938684547499995,-0.0699827549952,-0.013451783670700001,True
5798,289,18,0.244271107288,True,0.05578740608990001,True,-0.0484802090931,-0.0779611478122,-0.0221737417223,True
5799,289,19,0.465168782842,False,0.0558763416127,True,-0.045753911661400005,-0.0730877200704,-0.0172113784577,True
5800,290,0,32.7307349397,False,0.136171569505,False,-0.009307891891450001,-0.07832023405960001,0.0578513354453,False
5801,290,1,33.6559547837,False,0.101982984087,False,-0.019825810399200002,-0.0707246917648,0.031258292322,False
5802,290,2,42.4212831968,False,0.08806191345139999,False,-0.0153042955254,-0.0571913529775,0.0308705604739,False
5803,290,3,30.325690086399998,False,0.0771317948823,True,-0.024366296658400004,-0.0606133722712,0.016518422611100002,False
5804,290,4,7.9756378099,False,0.07415953968399999,True,-0.0394402001264,-0.0778334588231,-0.0036739191391,True
5805,290,5,11.396031128499999,False,0.070018217981,True,-0.033917086854500005,-0.070942585503,-0.0009243675220399999,True
5806,290,6,17.034068174,False,0.0672806619665,True,-0.0303892125141,-0.06465432488339999,0.0026263370831499998,False
5807,290,7,19.282711964,False,0.0634913022727,True,-0.0278896656041,-0.061951272300800005,0.0015400299718399998,False
5808,290,8,10.3378428913,False,0.0628381933279,True,-0.032520770315,-0.0632845471978,-0.0004463538699180001,True
5809,290,9,9.085479003189999,False,0.06267858199569999,True,-0.0343227666663,-0.06389490694830001,-0.00121632495259,True
5810,290,10,1.99997819787,False,0.061176402504699995,True,-0.0421740443336,-0.0720671467149,-0.0108907442102,True
5811,290,11,2.84203283204,False,0.061821259158699994,True,-0.0423167465374,-0.07179659877,-0.00997533961132,True
5812,290,12,1.75745108542,False,0.0592874417456,True,-0.0437577709257,-0.0722970963592,-0.013009654613700001,True
5813,290,13,0.275110322782,True,0.0573900656061,True,-0.0531284075647,-0.0817294212449,-0.0243393556388,True
5814,290,14,0.006635574937270001,True,0.0565422924919,True,-0.0558831900818,-0.08508850807,-0.028546215578099998,True
5815,290,15,0.004810995563810001,True,0.0556446738717,True,-0.0523049241981,-0.0812097325908,-0.025565058719099996,True
5816,290,16,0.0351914444082,True,0.0567210915862,True,-0.0535399432932,-0.08145441936839999,-0.024733327782200002,True
5817,290,17,0.07228880186219999,True,0.0557536314716,True,-0.051040339311899996,-0.0797499226429,-0.0239962911713,True
5818,290,18,0.00011072341510899999,True,0.05670265017000001,True,-0.0616608391627,-0.089080314882,-0.032377664712,True
5819,290,19,3.50916335274e-08,True,0.0561193090042,True,-0.06410978279849999,-0.0923805168364,-0.03626120783219999,True
5820,291,0,34.9768909454,False,0.136769770794,False,0.000629615038048,-0.0676460481198,0.06912372267460001,False
5821,291,1,7.77903214839,False,0.10699331004899999,False,-0.051935224927,-0.10499064806700001,0.00200266198219,False
5822,291,2,5.62751876329,False,0.0893497951688,False,-0.0497751949577,-0.09304636284980002,-0.003696567681,True
5823,291,3,1.54444386857,False,0.0788600850391,True,-0.05554003353609999,-0.0943186282683,-0.015458543229100001,True
5824,291,4,2.68667091619,False,0.0738568467849,True,-0.0481715831537,-0.0870352816163,-0.013178434831399998,True
5825,291,5,4.26455579449,False,0.0706126646553,True,-0.04179300575580001,-0.07400299283539999,-0.0033903281801399994,True
5826,291,6,4.15117010455,False,0.06811261796,True,-0.0434195154117,-0.0768585607395,-0.00874594277957,True
5827,291,7,0.32158926384500003,True,0.0647174119763,True,-0.054593021310199996,-0.08671503743589999,-0.021997625459599997,True
5828,291,8,6.888112349060001e-10,True,0.06292561902430001,True,-0.07109010562469999,-0.103427613877,-0.0405019948523,True
5829,291,9,7.673031199580001e-10,True,0.0625763624133,True,-0.0810603157871,-0.11293706205999998,-0.0503606996465,True
5830,291,10,4.1166383651199993e-22,True,0.0607927839131,True,-0.0860197756209,-0.117532921282,-0.0567401373692,True
5831,291,11,2.3584956986199998e-29,True,0.0593962349292,True,-0.0910997458203,-0.122508164833,-0.0631119299034,True
5832,291,12,3.8999308341799995e-27,True,0.060298432388699995,True,-0.0835301113937,-0.114267546597,-0.0539691142079,True
5833,291,13,4.04777046452e-45,True,0.0577763028163,True,-0.0913274925217,-0.121364099254,-0.0635877964379,True
5834,291,14,8.54379810857e-38,True,0.0575874727145,True,-0.0938958893829,-0.123658690989,-0.0660712182741,True
5835,291,15,5.482223268849999e-25,True,0.0579459684081,True,-0.0942880135246,-0.12418440908600001,-0.06623844067739999,True
5836,291,16,3.4938299806900006e-20,True,0.0553715647382,True,-0.09118113948110002,-0.11802287535299999,-0.06265131061530001,True
5837,291,17,2.0871265643499998e-47,True,0.05446576526790001,True,-0.087449304828,-0.11520858997000001,-0.060742824702,True
5838,291,18,8.2625137994199995e-50,True,0.056206692325300005,True,-0.0906080181524,-0.119244840052,-0.0630381477267,True
5839,291,19,1.77049318164e-52,True,0.0563602976655,True,-0.0916261937277,-0.119328798114,-0.06296850044800001,True
5840,292,0,0.914552772065,False,0.140511625933,False,-0.0998677900235,-0.17056646742800002,-0.0300548414953,True
5841,292,1,3.0537109825499997,False,0.10727328166899999,False,-0.0633293338021,-0.119161319501,-0.011888037831800001,True
5842,292,2,10.875751759000002,False,0.0876158456705,False,-0.0411436561396,-0.08696823384580002,0.000647611824665,False
5843,292,3,0.622634058372,False,0.0786582673548,True,-0.06503570587930001,-0.103586998606,-0.024928731250999998,True
5844,292,4,1.23119010873,False,0.07542547272969999,True,-0.0556292786651,-0.0951629050529,-0.0197374323232,True
5845,292,5,0.230222773602,True,0.07049930406760001,True,-0.0615337942736,-0.09558218327330001,-0.0250828792057,True
5846,292,6,0.23967690590500002,True,0.0698425758505,True,-0.0627819011791,-0.0982899175867,-0.0284473417362,True
5847,292,7,5.28829256963e-05,True,0.0668971429134,True,-0.0716019764968,-0.105332535921,-0.038435393008,True
5848,292,8,0.000378146606231,True,0.0624703297292,True,-0.065858530337,-0.0986550859787,-0.0361847562495,True
5849,292,9,9.68800815125e-06,True,0.061671706427600004,True,-0.0669319380314,-0.096969150918,-0.0352974444904,True
5850,292,10,7.00414532201e-10,True,0.060186982771699996,True,-0.0701680913761,-0.100357446208,-0.0401704634364,True
5851,292,11,0.00350222570792,True,0.060132568823499995,True,-0.072770800884,-0.102357671908,-0.0422251030849,True
5852,292,12,1.75438634431e-10,True,0.0602518453778,True,-0.0655674352604,-0.09730414810890001,-0.0370523027312,True
5853,292,13,0.00812820751009,True,0.0578686978909,True,-0.0676046865464,-0.09716162695160002,-0.0392929290607,True
5854,292,14,0.00017399475752500002,True,0.0570149648899,True,-0.0639199887787,-0.0925284501154,-0.0355134852255,True
5855,292,15,0.000475724014836,True,0.0584339594613,True,-0.0629228465296,-0.09166859374780001,-0.0332346342865,True
5856,292,16,0.000836052585525,True,0.056525184259500004,True,-0.0630760083466,-0.09201104036180001,-0.035485856102300005,True
5857,292,17,2.03427888403e-07,True,0.053986687191000006,True,-0.0618642014434,-0.0897099941276,-0.0357233069365,True
5858,292,18,0.104159535375,True,0.056025563178599996,True,-0.054813762464699996,-0.08171690840580001,-0.025691345227200003,True
5859,292,19,0.107854818312,True,0.057879351191999995,True,-0.05382880789890001,-0.08357675597999999,-0.025697404788000002,True
5860,293,0,27.692591149499997,False,0.14472803109899998,False,0.0227125115923,-0.052407518441300004,0.09232051265730001,False
5861,293,1,46.215680227,False,0.10888231306099999,False,0.00451574601718,-0.0501897197733,0.058692593287300004,False
5862,293,2,33.436344814099996,False,0.0870197290915,False,-0.022280562044799997,-0.0636257040512,0.0233940250403,False
5863,293,3,19.521790961199997,False,0.08000171415400001,False,-0.031116249403400003,-0.0716476680222,0.00835404613184,False
5864,293,4,2.18867375574,False,0.0753594194988,True,-0.050793830614900004,-0.0894444567475,-0.0140850372488,True
5865,293,5,1.12061565305,False,0.0692263383126,True,-0.0543166209986,-0.09118605924720001,-0.021959720934700003,True
5866,293,6,0.0781971577754,True,0.0698610607492,True,-0.0630806358246,-0.0966251868231,-0.0267641260738,True
5867,293,7,0.0817549229511,True,0.0644066544634,True,-0.0588525385267,-0.08989139654200001,-0.0254847420785,True
5868,293,8,0.0312975406365,True,0.0643155586752,True,-0.0657509207305,-0.098517565624,-0.0342020069488,True
5869,293,9,1.8594242203900001e-06,True,0.0618259808837,True,-0.071533372057,-0.10208647782500001,-0.0402604969416,True
5870,293,10,0.00159988673773,True,0.060008320308400004,True,-0.071394003037,-0.101848118694,-0.0418397983858,True
5871,293,11,2.51063556998e-07,True,0.0598433664126,True,-0.07321542266230001,-0.104063447789,-0.04422008137619999,True
5872,293,12,8.473392601910002e-08,True,0.0584039508337,True,-0.0712345251635,-0.101412729132,-0.0430087782979,True
5873,293,13,3.75921650721e-11,True,0.05923504206209999,True,-0.074482236283,-0.105304148296,-0.04606910623430001,True
5874,293,14,2.97010395728e-13,True,0.05642001414080001,True,-0.07452776062189999,-0.10315297181600001,-0.046732957675099995,True
5875,293,15,5.468399180729999e-23,True,0.055826583066999995,True,-0.0758602177644,-0.102341905472,-0.0465153224051,True
5876,293,16,7.189633446760001e-12,True,0.0582674131876,True,-0.0676885668551,-0.0961493077412,-0.0378818945536,True
5877,293,17,0.005435863788109999,True,0.0550259611646,True,-0.060651581019099995,-0.08886453470410001,-0.0338385735395,True
5878,293,18,3.63851022795e-09,True,0.0570732590596,True,-0.0655297039986,-0.0930165718981,-0.0359433128385,True
5879,293,19,0.0143009659301,True,0.0573930553203,True,-0.0609446997603,-0.0899278914356,-0.032534836115299996,True
5880,294,0,0.255474497679,True,0.143693802323,False,-0.11427131866399999,-0.184302261849,-0.040608459525599994,True
5881,294,1,0.067292566771,True,0.101121828181,False,-0.1031539512,-0.15082989213300002,-0.0497080639516,True
5882,294,2,0.234704489553,True,0.0901069038069,False,-0.08654258373849999,-0.13284929511600002,-0.0427423913094,True
5883,294,3,0.141932996621,True,0.0799740606368,True,-0.07244427747269999,-0.112265657511,-0.0322915968744,True
5884,294,4,0.0861615564539,True,0.0742395980979,True,-0.07179236785450001,-0.10798258298900001,-0.0337429848916,True
5885,294,5,0.000322387863468,True,0.0701585924934,True,-0.07592851091569999,-0.112571182525,-0.0424125900316,True
5886,294,6,0.214134861082,True,0.0679567910581,True,-0.062725479006,-0.0972806625172,-0.0293238714591,True
5887,294,7,0.286356090691,True,0.0664560600493,True,-0.060724173891199995,-0.0940891701137,-0.0276331100644,True
5888,294,8,0.0032091308736999996,True,0.0636292973055,True,-0.059763434988,-0.0920986087605,-0.0284693114549,True
5889,294,9,0.0694358001716,True,0.0608160074748,True,-0.0651645836706,-0.09492497673010002,-0.0341089692553,True
5890,294,10,0.36068068428000005,False,0.05899237797,True,-0.053908235772799996,-0.0845914392748,-0.025599061304900004,True
5891,294,11,0.00415027119414,True,0.06006976334419999,True,-0.0633004294539,-0.09356514145189998,-0.0334953781077,True
5892,294,12,0.010268690986,True,0.0579257877049,True,-0.0624304233897,-0.09172311568569999,-0.0337973279808,True
5893,294,13,4.07452713051e-05,True,0.0567744043936,True,-0.058041191257999995,-0.0863409812335,-0.029566576839900004,True
5894,294,14,1.17541653934e-06,True,0.0570232594235,True,-0.06052082817419999,-0.08951167392869999,-0.0324884145052,True
5895,294,15,2.1208434219e-06,True,0.0579965054562,True,-0.06076311902840001,-0.08982999271929999,-0.031833487263000004,True
5896,294,16,3.7777450683e-10,True,0.0558525614132,True,-0.0640563869771,-0.09213279463469999,-0.0362802332216,True
5897,294,17,3.71903931857e-05,True,0.0566869891704,True,-0.06590598242859999,-0.09475552335950001,-0.0380685341891,True
5898,294,18,3.06709672462e-22,True,0.0570239648863,True,-0.07033172829699999,-0.0984045652303,-0.041380600344,True
5899,294,19,0.00124972928233,True,0.055533451290100004,True,-0.06607142991090001,-0.0944307332259,-0.0388972819359,True
5900,295,0,2.54968988597,False,0.141454003871,False,-0.0850185551905,-0.15477650380000002,-0.013322499929200001,True
5901,295,1,1.5491376429799997,False,0.10067923864900001,False,-0.068134869318,-0.119697240183,-0.0190180015342,True
5902,295,2,1.23684282713,False,0.089909553515,False,-0.0638928214156,-0.111580452786,-0.0216708992715,True
5903,295,3,5.62912360263,False,0.0819619256149,False,-0.0461020319898,-0.0881158632228,-0.006153937607859999,True
5904,295,4,4.83796814715,False,0.07264099375300001,True,-0.0443074222943,-0.081634419605,-0.00899342585198,True
5905,295,5,2.08303580333,False,0.0737775043681,True,-0.049172023470800005,-0.0868427841658,-0.0130652797977,True
5906,295,6,4.24299035365,False,0.0685492188424,True,-0.0415641011474,-0.075086713823,-0.00653749498055,True
5907,295,7,2.32929418691,False,0.0639179900629,True,-0.0447329219386,-0.0774834037447,-0.0135654136818,True
5908,295,8,1.0883272796799999,False,0.063944155414,True,-0.053344000199800005,-0.08676255666430001,-0.022818401250299998,True
5909,295,9,0.668700880466,False,0.06198523352999999,True,-0.0486427213298,-0.0793503605962,-0.0173651270662,True
5910,295,10,0.19163990462699998,True,0.0602008648268,True,-0.0580353676099,-0.0876103186863,-0.0274094538595,True
5911,295,11,7.08338680499e-09,True,0.0582566054839,True,-0.0641939310343,-0.0933839321874,-0.035127326703499995,True
5912,295,12,0.307629494745,True,0.05974900635890001,True,-0.0525249820232,-0.08274598440219999,-0.022996978043299997,True
5913,295,13,0.652798304426,False,0.06043517958840001,True,-0.048972988200000005,-0.07852303465419999,-0.018087855065799997,True
5914,295,14,2.9063234093,False,0.0582137575551,True,-0.03910042060169999,-0.0705910962092,-0.012377338654100001,True
5915,295,15,20.5164964425,False,0.0565325517889,True,-0.0244721453337,-0.0513679371005,0.00516461468832,False
5916,295,16,19.4270912304,False,0.0566121600021,True,-0.0247815077198,-0.052117632012599995,0.00449452798955,False
5917,295,17,28.2751129668,False,0.0592906201471,True,-0.0224823762278,-0.050429793544,0.00886082660315,False
5918,295,18,30.5492562575,False,0.056279366267999995,True,-0.021484399397,-0.049091411030900006,0.00718795523708,False
5919,295,19,35.9032561511,False,0.056091634224699996,True,-0.0198125420605,-0.0485095144409,0.0075821197838,False
5920,296,0,23.445299268299998,False,0.141975029556,False,-0.0343507419054,-0.10401982522299999,0.0379552043334,False
5921,296,1,15.9939582626,False,0.104894581679,False,-0.039430587204100004,-0.09256667173939999,0.012327909939600002,False
5922,296,2,4.97441396869,False,0.088188050395,False,-0.0510875097291,-0.09522397974269999,-0.00703592934774,True
5923,296,3,3.1711501088200005,False,0.0788735050575,True,-0.0497887500029,-0.08986749496410001,-0.0109939899066,True
5924,296,4,1.9382141697400002,False,0.07657951136010001,True,-0.053093191188500005,-0.091709153827,-0.0151296424669,True
5925,296,5,1.5147486986200003,False,0.0677144823742,True,-0.0509584228643,-0.08565800838910001,-0.017943526014900003,True
5926,296,6,1.7480921190599998,False,0.0684885246011,True,-0.046974926154100004,-0.0816671101204,-0.013178585519399998,True
5927,296,7,5.37809763207,False,0.0636659983118,True,-0.0376720800209,-0.0701496982675,-0.00648369995575,True
5928,296,8,0.589329358031,False,0.060969553571,True,-0.048889254424199995,-0.0793919144633,-0.018422360892299997,True
5929,296,9,1.05451943799,False,0.062084578730499995,True,-0.0486241467083,-0.0786177888234,-0.0165332100929,True
5930,296,10,1.5197899464700002,False,0.060477634262300003,True,-0.0444975474379,-0.0748800623725,-0.0144024281101,True
5931,296,11,1.48612523748,False,0.059718186731599995,True,-0.045529587060199994,-0.0748444531246,-0.015126266393,True
5932,296,12,1.0133388838700002,False,0.0609619211556,True,-0.0461874481135,-0.07785440694199999,-0.0168924857865,True
5933,296,13,0.886654237674,False,0.058926226333699996,True,-0.04743275235759999,-0.0775170175999,-0.0185907912662,True
5934,296,14,0.0023532938753700002,True,0.0602116976348,True,-0.0556209263444,-0.0840563205642,-0.0238446229294,True
5935,296,15,0.127062786477,True,0.056261179291900006,True,-0.0514653516144,-0.0789197830685,-0.0226586037766,True
5936,296,16,0.556784504372,False,0.05730633521919999,True,-0.0447909799424,-0.07367762395210001,-0.0163712887329,True
5937,296,17,0.114763889756,True,0.0572312897364,True,-0.0497827851667,-0.077205181101,-0.0199738913646,True
5938,296,18,0.410261764536,False,0.0571733508457,True,-0.046845852802,-0.076550768283,-0.0193774174373,True
5939,296,19,0.126651364365,True,0.0594386204636,True,-0.049397154340699995,-0.07675294013289999,-0.0173143196693,True
5940,297,0,33.9380349016,False,0.143677510363,False,0.0037531952248499997,-0.0703181248664,0.07335938549639999,False
5941,297,1,21.1972797114,False,0.10153347982699999,False,-0.0335998061131,-0.0839668537455,0.0175666260812,False
5942,297,2,4.29920054401,False,0.08862259640270001,False,-0.05273587031219999,-0.0981277778938,-0.00950518149111,True
5943,297,3,0.68546356502,False,0.0790038350079,True,-0.0614040371091,-0.10314000982,-0.0241361748125,True
5944,297,4,0.366238438606,False,0.07317026003560001,True,-0.0623372765596,-0.100036920502,-0.026866660466400002,True
5945,297,5,0.0107988747422,True,0.07240909298260001,True,-0.0730464832,-0.10851949603700001,-0.0361104030545,True
5946,297,6,0.30633460334,True,0.0676567744491,True,-0.058493008327599995,-0.09082351479760001,-0.023166740348400005,True
5947,297,7,0.15214725837,True,0.0647382292247,True,-0.062092318475400005,-0.09310695289899999,-0.0283687236743,True
5948,297,8,0.00215636043742,True,0.0642480499836,True,-0.06691033614969999,-0.10086522294,-0.0366171729561,True
5949,297,9,4.339655699669999e-06,True,0.0607185010912,True,-0.0673983947667,-0.0967444301143,-0.0360259290231,True
5950,297,10,8.5950112636e-06,True,0.0596965592698,True,-0.0685411245607,-0.09762735154480001,-0.037930792275,True
5951,297,11,1.0622770469899999e-11,True,0.0599075095173,True,-0.0715024804101,-0.101880971525,-0.0419734620077,True
5952,297,12,1.2800368402899999e-23,True,0.0596749438495,True,-0.0788012539849,-0.107926328879,-0.0482513850297,True
5953,297,13,3.59488926434e-18,True,0.0575659751586,True,-0.0789638334867,-0.109864660635,-0.052298685476,True
5954,297,14,2.68271540436e-23,True,0.058184040929199994,True,-0.0743738782831,-0.10317827624800001,-0.044994235318900004,True
5955,297,15,9.62985619506e-14,True,0.0575136986051,True,-0.07633673874310001,-0.103795775781,-0.046282077176099994,True
5956,297,16,2.6467522365e-28,True,0.0554477410563,True,-0.0815444017772,-0.110379314022,-0.0549315729661,True
5957,297,17,2.05464740277e-24,True,0.0569191124681,True,-0.08314836346580001,-0.11252443718699999,-0.0556053247191,True
5958,297,18,1.0166312189799999e-42,True,0.0544289200096,True,-0.0828368391682,-0.10801238780099999,-0.0535834677916,True
5959,297,19,7.553494909260001e-34,True,0.05615141150380001,True,-0.08362269504230001,-0.109829271395,-0.0536778598912,True
5960,298,0,23.709177001500002,False,0.139761130472,False,-0.0308396079039,-0.103067207534,0.0366939229382,False
5961,298,1,17.4225463812,False,0.107737662388,False,-0.0371574146328,-0.09305902309589999,0.0146786392925,False
5962,298,2,13.5974798028,False,0.0890558722445,False,-0.0388474571174,-0.0838119441265,0.00524392811797,False
5963,298,3,17.0019632919,False,0.0801205813631,False,-0.033001084152199996,-0.07147374165539999,0.00864683970767,False
5964,298,4,11.499990193,False,0.0752672758625,True,-0.036891097493800006,-0.0740065280077,0.0012607478547400001,False
5965,298,5,15.9718405129,False,0.0693494967195,True,-0.030235789628099998,-0.06419977395,0.00514972276959,False
5966,298,6,33.271673286799995,False,0.0670272156517,True,-0.022004905656,-0.05354884468190001,0.013478370969799999,False
5967,298,7,21.0366982444,False,0.06512022321119999,True,-0.0276228485097,-0.06132833995209999,0.0037918832590500004,False
5968,298,8,14.465292601,False,0.0638037060609,True,-0.0314925736317,-0.0640444677566,-0.000240761695632,True
5969,298,9,13.354343076,False,0.061202149942300006,True,-0.0300965507296,-0.05984721573,0.00135493421232,False
5970,298,10,12.193828218800002,False,0.0611501248759,True,-0.0316967859562,-0.061281767198800005,-0.00013164232280399999,True
5971,298,11,4.4754528138,False,0.0595768916456,True,-0.0377150002328,-0.0663357768346,-0.00675888518899,True
5972,298,12,0.745733305301,False,0.0573189140481,True,-0.044475195185900006,-0.072499306478,-0.0151803924299,True
5973,298,13,0.112690424482,True,0.0593389785661,True,-0.0521276185172,-0.081588091035,-0.0222491124689,True
5974,298,14,0.0266758749104,True,0.057198475829099996,True,-0.056268270624,-0.0861208560451,-0.028922380216,True
5975,298,15,1.4183018645299998e-08,True,0.0578672667424,True,-0.0615291894427,-0.08965890472020001,-0.0317916379778,True
5976,298,16,0.046756889832,True,0.056929114132599996,True,-0.059079076746800005,-0.08788083590060002,-0.030951721768000002,True
5977,298,17,0.000161402096436,True,0.056138814366300006,True,-0.0623578543906,-0.08952762825260001,-0.0333888138863,True
5978,298,18,8.11845500023e-06,True,0.0577418821746,True,-0.0667509200839,-0.0957677557154,-0.0380258735409,True
5979,298,19,1.39329141871e-06,True,0.0551104456702,True,-0.0663119396451,-0.0935195180975,-0.0384090724273,True
5980,299,0,1.8898232776599997,False,0.143176775091,False,-0.09094935440199998,-0.16211879325200002,-0.0189420181605,True
5981,299,1,0.0010820491309300002,True,0.10375939251599998,False,-0.105799554792,-0.155607397642,-0.051848005126099994,True
5982,299,2,0.28693522326,True,0.0899903211022,False,-0.0742122346857,-0.118554199561,-0.0285638784584,True
5983,299,3,0.12682424505,True,0.0792938677579,True,-0.07236253243850001,-0.111373482146,-0.0320796143882,True
5984,299,4,0.0007011616663250001,True,0.072871892722,True,-0.071333942495,-0.106968048708,-0.034096155985900004,True
5985,299,5,0.44997574599,False,0.0723558906885,True,-0.059292228339999996,-0.0960541320084,-0.0236982413199,True
5986,299,6,0.26768275697599997,True,0.06735325629569999,True,-0.0567357728352,-0.0899447644771,-0.022591508181400002,True
5987,299,7,0.09475641860169999,True,0.0624070639428,True,-0.06470367733009999,-0.0942411977319,-0.0318341337891,True
5988,299,8,6.0973051946e-11,True,0.0618071845684,True,-0.0775146779068,-0.10961938969799999,-0.0478122051298,True
5989,299,9,1.91009149888e-13,True,0.0625251061925,True,-0.0786207442375,-0.110360774985,-0.0478356687925,True
5990,299,10,1.20413605826e-16,True,0.0592373696694,True,-0.0748836347186,-0.10456205831399999,-0.0453246886448,True
5991,299,11,1.4204645169699998e-16,True,0.0596828648185,True,-0.0764835829126,-0.106166725842,-0.0464838610234,True
5992,299,12,1.91906543572e-06,True,0.0575754853703,True,-0.07125966191239999,-0.0983308034121,-0.04075531804180001,True
5993,299,13,5.0071021537100004e-17,True,0.058693656062000006,True,-0.0766493964587,-0.107218011867,-0.0485243558054,True
5994,299,14,2.5365216811199996e-27,True,0.05900073820730001,True,-0.08490310846139999,-0.11326717551400001,-0.0542664373071,True
5995,299,15,9.11418746009e-31,True,0.058916695089699996,True,-0.0829245571418,-0.11235734355699999,-0.0534406484677,True
5996,299,16,8.090051410539999e-20,True,0.0577192269644,True,-0.08049725422710001,-0.108206965748,-0.050487738783900005,True
5997,299,17,5.33668563495e-16,True,0.0577312663127,True,-0.0768519357349,-0.10802255205999998,-0.0502912857477,True
5998,299,18,1.2420593878899997e-24,True,0.054103198935400006,True,-0.07588555658410001,-0.1046603375,-0.05055713856480001,True
5999,299,19,3.8539015940699994e-14,True,0.0560782415585,True,-0.0776261491473,-0.106458832397,-0.0503805908386,True
6000,300,0,34.5542600804,False,0.135626747362,False,0.006749699960060001,-0.0596064731384,0.0760202742235,False
6001,300,1,28.6370771204,False,0.10587210101500001,False,-0.0255109629152,-0.0776534794514,0.028218621563300003,False
6002,300,2,10.6273710442,False,0.0906057914604,False,-0.041268460201,-0.0893477903634,0.00125800109695,False
6003,300,3,4.147596302169999,False,0.0798762858503,True,-0.0478766228173,-0.0832918156734,-0.00341552982312,True
6004,300,4,6.349723104400001,False,0.0748006962359,True,-0.0418655849499,-0.0808669568184,-0.00606626058249,True
6005,300,5,12.5255860876,False,0.0695040066699,True,-0.034931044028099996,-0.06843783207330001,0.00106617459658,False
6006,300,6,10.7495136677,False,0.0649805908025,True,-0.032598669734900006,-0.0649145603983,6.60304042243e-05,False
6007,300,7,1.6338369029,False,0.0647428443144,True,-0.0451134954679,-0.07785765756589999,-0.013114813251499999,True
6008,300,8,1.02772558169,False,0.0624793536161,True,-0.0482340677207,-0.0772826470832,-0.0148032934671,True
6009,300,9,0.265606902231,True,0.06241128818799999,True,-0.054872045717900005,-0.08644522768369998,-0.0240339394958,True
6010,300,10,0.7056956760969999,False,0.0610427426846,True,-0.0497759569039,-0.0800555544975,-0.019012811812900002,True
6011,300,11,0.230825453814,True,0.058185268357600003,True,-0.0549554201955,-0.0854328659031,-0.0272475975455,True
6012,300,12,6.81431539697e-06,True,0.0580197055494,True,-0.059693818611199996,-0.0875611344328,-0.0295414288835,True
6013,300,13,4.80835442533e-07,True,0.05916806506519999,True,-0.0604346546863,-0.09058045836650001,-0.0314123933013,True
6014,300,14,2.58421620305e-08,True,0.0579575247517,True,-0.0655022119742,-0.0950085659832,-0.0370510412314,True
6015,300,15,6.09135067442e-13,True,0.0553411952881,True,-0.0684523151592,-0.09411127449760001,-0.0387700792095,True
6016,300,16,3.7359864341999993e-34,True,0.055937526710099994,True,-0.0764122861987,-0.104453762449,-0.04851623573890001,True
6017,300,17,3.36412949249e-32,True,0.0573572365312,True,-0.08424322398530001,-0.112495460733,-0.0551382242014,True
6018,300,18,6.243517155479999e-31,True,0.0560330906891,True,-0.0791509813164,-0.10689957890900001,-0.0508664882199,True
6019,300,19,2.88611674992e-20,True,0.058191752651,True,-0.0781927525515,-0.10619058919800001,-0.04799883654730001,True
6020,301,0,1.3641095176499998,False,0.140219397216,False,-0.0947620204256,-0.164400968481,-0.0241815712648,True
6021,301,1,4.2594558736699994,False,0.10610150021800001,False,-0.0612257693611,-0.111448274474,-0.005346774255539999,True
6022,301,2,0.033093030775799996,True,0.0903826387793,False,-0.0802145653269,-0.12486852308900001,-0.0344858843099,True
6023,301,3,0.25551345228100003,True,0.08001473106160001,False,-0.0664117712334,-0.107854308995,-0.0278395779336,True
6024,301,4,1.15484218562,False,0.07267107614269999,True,-0.055612767640699994,-0.09153089385780001,-0.018859817715099998,True
6025,301,5,0.0478105805921,True,0.07004306178339999,True,-0.0653569975957,-0.102588170982,-0.032545109198500004,True
6026,301,6,0.316518595069,True,0.0689817440695,True,-0.0590338490575,-0.09452645755439999,-0.025544713484900002,True
6027,301,7,6.42049954329e-05,True,0.0656253428867,True,-0.0621439467888,-0.0937932392561,-0.0281678963694,True
6028,301,8,0.6957721079870001,False,0.0637043373653,True,-0.0523745100688,-0.0838911736977,-0.0201868363324,True
6029,301,9,0.22738086570799998,True,0.058390138640099995,True,-0.0580023844068,-0.08822272878380001,-0.0298325901437,True
6030,301,10,0.0356838903802,True,0.06158450240090001,True,-0.0541861226401,-0.08627329142750001,-0.024688789026599996,True
6031,301,11,0.0010089956114999999,True,0.059884077100599994,True,-0.0633662851828,-0.09330334664750001,-0.0334192695469,True
6032,301,12,0.000465266375382,True,0.0580395403744,True,-0.0665959315571,-0.0935873569244,-0.03554781655,True
6033,301,13,8.57929450593e-07,True,0.059667018679099994,True,-0.0665254047873,-0.09612717644999999,-0.0364601577709,True
6034,301,14,0.00364112543392,True,0.057572072582099995,True,-0.06923721662269999,-0.0982346790473,-0.0406626064651,True
6035,301,15,1.0360682862e-08,True,0.0553018272226,True,-0.06626072864469999,-0.09331411268060001,-0.038012285458,True
6036,301,16,1.4003062970700001e-16,True,0.057748267419,True,-0.07530147567010001,-0.10380854662000001,-0.046060279201,True
6037,301,17,4.76002788658e-09,True,0.056519701019900004,True,-0.0674197807719,-0.09611975525260001,-0.039600054232699994,True
6038,301,18,9.79882096886e-09,True,0.056483158832599994,True,-0.06397892849669999,-0.09097762891460001,-0.034494470082,True
6039,301,19,0.000559370086458,True,0.057393306851000005,True,-0.06285743431839999,-0.0910275489095,-0.0336342420585,True
6040,302,0,32.9882606908,False,0.139748133294,False,-0.00920950228389,-0.0741278924208,0.0656202408732,False
6041,302,1,20.9810249121,False,0.102587418628,False,-0.0325143208205,-0.0824381434508,0.020149275176900003,False
6042,302,2,6.21951878226,False,0.08674618614849999,False,-0.0496057393451,-0.09172861597210001,-0.004982429823560001,True
6043,302,3,8.11437849153,False,0.0759231393646,True,-0.040368330427,-0.0776885260738,-0.0017653867092199999,True
6044,302,4,0.646905005434,False,0.072414708425,True,-0.0550644066454,-0.09192494549619999,-0.0195102370712,True
6045,302,5,0.235328348281,True,0.0722269861414,True,-0.0640472369588,-0.0988713501904,-0.026644364049,True
6046,302,6,0.204921442323,True,0.06739571745209999,True,-0.0566555589779,-0.09339405202430001,-0.0259983345722,True
6047,302,7,0.0121366193915,True,0.0643977614352,True,-0.0605122018207,-0.09353992843469999,-0.029142166999499997,True
6048,302,8,0.08605894559689999,True,0.0629492611847,True,-0.0654167932764,-0.0981346439511,-0.0351853827664,True
6049,302,9,0.112799790028,True,0.06201988399,True,-0.0630953474382,-0.0945945553434,-0.0325746713534,True
6050,302,10,0.127940457874,True,0.060774733928500003,True,-0.0544057070803,-0.084405263817,-0.0236305298885,True
6051,302,11,0.143950569501,True,0.0600076268337,True,-0.05127664372600001,-0.08057548349230001,-0.0205678566587,True
6052,302,12,1.0269784120899998,False,0.0607309296151,True,-0.0481939089121,-0.0782079687517,-0.0174770391366,True
6053,302,13,0.295911706331,True,0.05831089837259999,True,-0.0489888243001,-0.0785636975514,-0.0202527991789,True
6054,302,14,0.157654343378,True,0.05639916672280001,True,-0.047300507642,-0.0750603464625,-0.018661179739700003,True
6055,302,15,0.042208221381699995,True,0.0558934261053,True,-0.055103984055000006,-0.08296810204,-0.027074675934599998,True
6056,302,16,0.124329983889,True,0.0570309012912,True,-0.053702975553299996,-0.0830541274404,-0.0260232261491,True
6057,302,17,0.143306810551,True,0.056952573367499995,True,-0.053965872673899996,-0.0816586302256,-0.024706056858099998,True
6058,302,18,0.353304319524,False,0.0564581638203,True,-0.050777778656099996,-0.0812985130466,-0.0248403492263,True
6059,302,19,0.00363821363611,True,0.055921802204599996,True,-0.0540693884698,-0.08177597840989999,-0.0258541762053,True
6060,303,0,32.6697087943,False,0.139158308471,False,-0.0082013964163,-0.07565310137299999,0.0635052070977,False
6061,303,1,18.7548896895,False,0.10213790406300001,False,-0.0373455614616,-0.0864542737067,0.015683630355799998,False
6062,303,2,4.77606749814,False,0.0895432157261,False,-0.051446825528800005,-0.0961026134154,-0.0065593976893000006,True
6063,303,3,3.1082851259400006,False,0.0815036697139,False,-0.051895829016000004,-0.0934494271079,-0.0119457573939,True
6064,303,4,0.55167254544,False,0.07442665836960001,True,-0.0586158323006,-0.0944608892701,-0.0200342309005,True
6065,303,5,0.396866747149,False,0.0709136665079,True,-0.0654416973288,-0.101321761425,-0.030408094916599997,True
6066,303,6,2.34330927145,False,0.0665865974943,True,-0.0448939147352,-0.0807596386098,-0.014173041115500001,True
6067,303,7,4.05391749128,False,0.06650355382619999,True,-0.0406321260701,-0.0714342198559,-0.00493066602962,True
6068,303,8,13.6263679876,False,0.0619662691407,True,-0.0308419854493,-0.0627440590054,-0.000777789864701,True
6069,303,9,6.48126317711,False,0.0645922044299,True,-0.0364963484005,-0.069061263591,-0.00446905916108,True
6070,303,10,5.05713458181,False,0.0624094495486,True,-0.038844060809400005,-0.0688614805987,-0.0064520310500800005,True
6071,303,11,0.7386855899529999,False,0.057872449946499996,True,-0.046942401118800006,-0.07637073569319999,-0.0184982857467,True
6072,303,12,0.432187121419,False,0.060474530656599995,True,-0.0517275643016,-0.0813057081355,-0.020831177479000002,True
6073,303,13,0.0313355638547,True,0.0595300302809,True,-0.054866137214800006,-0.0829229237558,-0.0233928934749,True
6074,303,14,0.0162467569262,True,0.057088537489900004,True,-0.0615252960712,-0.0882594016213,-0.0311708641314,True
6075,303,15,0.28571265880999996,True,0.05796339345649999,True,-0.053459371787,-0.0817760518677,-0.0238126584112,True
6076,303,16,0.59474047806,False,0.0573233413411,True,-0.0479551312509,-0.0742714810573,-0.0169481397162,True
6077,303,17,0.9434040327490001,False,0.057265437214699996,True,-0.046563059097100006,-0.0751753427447,-0.01790990553,True
6078,303,18,0.323400324287,True,0.05748564892659999,True,-0.0475264864353,-0.0766361928078,-0.0191505438812,True
6079,303,19,0.0648402322019,True,0.057509073279,True,-0.0516657855031,-0.0828549307406,-0.025345857461599997,True
6080,304,0,34.4450237362,False,0.14151646914000002,False,-0.00915772647491,-0.08089818400510002,0.0606182851352,False
6081,304,1,24.502319969400002,False,0.10267974700600001,False,-0.0301432152403,-0.0837538350852,0.0189259119208,False
6082,304,2,23.8226763349,False,0.0884821023157,False,-0.0302903150203,-0.07355031856710001,0.0149317837486,False
6083,304,3,6.42032421822,False,0.0798913888504,True,-0.0426633076736,-0.0839023736816,-0.0040109848311700004,True
6084,304,4,2.81663939392,False,0.07478174559760001,True,-0.048686642513800005,-0.0878413660094,-0.0130596204118,True
6085,304,5,1.17249873156,False,0.07101551879689999,True,-0.053401780235599994,-0.09015060946480001,-0.0191350906679,True
6086,304,6,0.170830159167,True,0.06524879731380001,True,-0.0586819286547,-0.0909083032052,-0.0256595058914,True
6087,304,7,0.00019361550789599998,True,0.0644161996466,True,-0.07470659528139999,-0.105665040537,-0.041248840890699995,True
6088,304,8,9.03745525275e-08,True,0.06367307071600001,True,-0.07200941829810001,-0.10384765701,-0.0401745862938,True
6089,304,9,7.806153049419998e-24,True,0.06042523972680001,True,-0.08563665907569999,-0.116609921488,-0.05618468176080001,True
6090,304,10,3.81386296824e-22,True,0.0609937906331,True,-0.0844554587333,-0.114535270642,-0.0535414800091,True
6091,304,11,4.86860234344e-21,True,0.061714016397699994,True,-0.08305691310669999,-0.111607476294,-0.049893459896200004,True
6092,304,12,7.45167539388e-07,True,0.0614782527355,True,-0.0767966061055,-0.104749023625,-0.0432707708897,True
6093,304,13,5.331342657369999e-06,True,0.05833065395380001,True,-0.0687784690105,-0.09619716457210001,-0.03786651061830001,True
6094,304,14,1.63304153819e-05,True,0.05783856245130001,True,-0.07379645173999999,-0.10312740832,-0.0452888458683,True
6095,304,15,4.83477134978e-13,True,0.0573664201754,True,-0.0708426162541,-0.0989392210362,-0.041572800860900004,True
6096,304,16,1.03186935863e-17,True,0.0560222895493,True,-0.0680917777184,-0.0959094893575,-0.0398871998082,True
6097,304,17,6.04052084909e-06,True,0.054955848585700004,True,-0.06640422095930001,-0.09477018258889999,-0.039814334003199996,True
6098,304,18,1.74766953357e-18,True,0.0572525231092,True,-0.0686813403305,-0.09918172402589999,-0.041929200916699993,True
6099,304,19,0.000336013698925,True,0.0557464992379,True,-0.07094655513169999,-0.0989460619497,-0.043199562711800005,True
6100,305,0,30.556608848299998,False,0.138344003174,False,-0.014927425344400001,-0.0819895036967,0.0563544994775,False
6101,305,1,15.2628097494,False,0.10480815091199999,False,-0.0396403464482,-0.0915951242737,0.013213026638299999,False
6102,305,2,13.2141190174,False,0.08711629122020001,False,-0.038919684899199995,-0.0814568173018,0.00565947391839,False
6103,305,3,8.46945600155,False,0.0797612426849,True,-0.0417730743211,-0.07914578238789999,0.0006154602970080001,False
6104,305,4,13.6998406827,False,0.07071089629810001,True,-0.0337624184396,-0.0699660787227,0.0007448175754139999,False
6105,305,5,19.8599194954,False,0.0694253885164,True,-0.028914663735599998,-0.0619632929936,0.00746209552281,False
6106,305,6,31.0045651975,False,0.06792475521409999,True,-0.022429402182400002,-0.057879165062499995,0.0100455901516,False
6107,305,7,13.327167803599998,False,0.0645446598263,True,-0.031565709339400005,-0.061903401823800004,0.00264125800252,False
6108,305,8,15.421011248800001,False,0.0629110866212,True,-0.0302053600318,-0.06068309019569999,0.00222799642552,False
6109,305,9,7.69214812102,False,0.060584373743000006,True,-0.0342937101799,-0.0656166705648,-0.00503229682179,True
6110,305,10,1.7818431911099997,False,0.0617109470281,True,-0.045297415511600006,-0.0756066173097,-0.0138956702815,True
6111,305,11,1.1547244385700002,False,0.0578821834221,True,-0.0431630397879,-0.071741193194,-0.0138590097719,True
6112,305,12,0.52443964575,False,0.0612117737725,True,-0.0494457425401,-0.0781986504808,-0.0169868767083,True
6113,305,13,0.982392147347,False,0.0572374400685,True,-0.0442968698777,-0.0736939927752,-0.0164565527067,True
6114,305,14,1.29610494796,False,0.059716087681800006,True,-0.046164354948199995,-0.0767372029131,-0.0170211152313,True
6115,305,15,1.80407385245,False,0.0593327384561,True,-0.041885232412,-0.0712141569437,-0.0118814184876,True
6116,305,16,2.60451539947,False,0.056860835345800005,True,-0.03894076971,-0.06703844046709999,-0.0101776051212,True
6117,305,17,1.10415131885,False,0.0567935281541,True,-0.0437380240486,-0.07001445984389999,-0.013220931689799998,True
6118,305,18,1.0696357968899999,False,0.0573960246196,True,-0.048211219074800006,-0.076548785617,-0.0191527609974,True
6119,305,19,0.118039126457,True,0.055945666301699996,True,-0.0548748886056,-0.0842620285877,-0.028316362286,True
6120,306,0,28.2844230656,False,0.141835878019,False,-0.022269748657299998,-0.08872541919669999,0.053110458821900006,False
6121,306,1,15.1909737747,False,0.10246783635199999,False,-0.040352339263,-0.0896994128568,0.0127684234953,False
6122,306,2,14.555980503299999,False,0.08653596287810002,False,-0.0366877040453,-0.0801349061112,0.006401056766869999,False
6123,306,3,1.1638417339799998,False,0.07802431151769999,True,-0.056127521191499996,-0.0943058360599,-0.0162815245423,True
6124,306,4,0.19758535344300002,True,0.07174568707449999,True,-0.0657215520466,-0.101944443969,-0.030198756894999998,True
6125,306,5,0.00278696439952,True,0.0707447383738,True,-0.07392819498610001,-0.10774664374399999,-0.0370019053703,True
6126,306,6,1.46173980395e-08,True,0.0663788684576,True,-0.07562762272410001,-0.109501672161,-0.0431228037032,True
6127,306,7,0.015483315941700002,True,0.0668699656023,True,-0.0684878629662,-0.10040316078299999,-0.0335331951805,True
6128,306,8,1.93395193322e-12,True,0.062015145671699995,True,-0.06994653886,-0.102325497794,-0.0403103521227,True
6129,306,9,2.89205847266e-10,True,0.061132626791599996,True,-0.0726003347793,-0.10284385917500001,-0.04171123238319999,True
6130,306,10,5.14479583165e-07,True,0.060487219073199996,True,-0.0685587283273,-0.09607703185350001,-0.035589812780300004,True
6131,306,11,1.29207883802e-07,True,0.0611302614403,True,-0.0638798718287,-0.09440819613649999,-0.0332779346962,True
6132,306,12,0.00117783055647,True,0.0598181055515,True,-0.0659300061351,-0.09609539304169999,-0.0362772874901,True
6133,306,13,0.10240164958999999,True,0.0571009896609,True,-0.0681350850211,-0.09773824660599999,-0.040637256945099995,True
6134,306,14,0.29288182291,True,0.05589577120519999,True,-0.0609364010838,-0.08927866970899999,-0.0333828985039,True
6135,306,15,7.906307086200001e-08,True,0.0568937502057,True,-0.0633114823158,-0.09207370002399999,-0.035179949818199996,True
6136,306,16,0.00029397420624400003,True,0.0547774048133,True,-0.0713289250606,-0.09795991099239999,-0.043182506179200005,True
6137,306,17,9.25406200178e-12,True,0.0583392024581,True,-0.0684528800062,-0.0982778648377,-0.039938662379600004,True
6138,306,18,4.51280046985e-25,True,0.054106230396999994,True,-0.07429782910010001,-0.101333932514,-0.0472277021169,True
6139,306,19,1.23907920147e-23,True,0.0565725262414,True,-0.0734032564024,-0.10239789927699999,-0.0458253730354,True
6140,307,0,34.8891942804,False,0.13933080799,False,-0.0008420919548069998,-0.072281354503,0.06704945348680001,False
6141,307,1,43.4774295988,False,0.103446431457,False,-0.010532784894700001,-0.058723085508000004,0.0447233459485,False
6142,307,2,19.6125484338,False,0.0877144563081,False,-0.033405010105,-0.07664960727789999,0.0110648490302,False
6143,307,3,21.7282091892,False,0.08074774784010001,False,-0.0287108207503,-0.0691239413352,0.011623806504899999,False
6144,307,4,8.44441029481,False,0.07389720078169999,True,-0.039590695619800005,-0.0763213509632,-0.00242415018152,True
6145,307,5,11.0390113666,False,0.0672982024812,True,-0.0343539460697,-0.0662653967123,0.0010328057689099998,False
6146,307,6,4.2855082503699995,False,0.0651080000383,True,-0.0408601368461,-0.0742991371758,-0.009191137137540002,True
6147,307,7,9.802600557749999,False,0.0635194855203,True,-0.0344091346058,-0.0675859542146,-0.00406646869426,True
6148,307,8,7.793288699910001,False,0.060931090004500005,True,-0.035103250469199994,-0.067718945992,-0.00678785598745,True
6149,307,9,3.40854963945,False,0.0635861853212,True,-0.040655829754,-0.07106472990610001,-0.00747854458481,True
6150,307,10,1.6002879932,False,0.0608996920703,True,-0.0447596693081,-0.07532599315550001,-0.014426301085099999,True
6151,307,11,0.745916764941,False,0.0582557874899,True,-0.048019238915,-0.07614800860710001,-0.017892221117200003,True
6152,307,12,0.5096496729550001,False,0.057765082202500005,True,-0.0496829669833,-0.07819631153760001,-0.0204312293351,True
6153,307,13,1.18480546189,False,0.0589787294826,True,-0.0458230804678,-0.07793363422010001,-0.0189549047375,True
6154,307,14,0.215611883679,True,0.056463162467,True,-0.0533334929789,-0.0818740100376,-0.0254108475707,True
6155,307,15,0.0871716840176,True,0.0582238516091,True,-0.058221328101199996,-0.08602876705,-0.0278049154409,True
6156,307,16,0.0986283321161,True,0.0547990319441,True,-0.0606470731083,-0.08958447535219999,-0.0347854434081,True
6157,307,17,1.34284571453e-11,True,0.05554509352000001,True,-0.0660977649158,-0.0935205555782,-0.037975462058199995,True
6158,307,18,0.00281284440072,True,0.0558236277666,True,-0.06693604841749999,-0.0950429114944,-0.0392192837278,True
6159,307,19,4.10764100612e-15,True,0.0571830381644,True,-0.0686553355916,-0.09733234031189998,-0.040149302147499996,True
6160,308,0,3.9974557985500003,False,0.139141211825,False,-0.0728605184799,-0.140548135833,-0.0014069240083499999,True
6161,308,1,13.573164378800001,False,0.099531093291,False,-0.0422227181367,-0.0937935520293,0.00573754126176,False
6162,308,2,9.855671932789999,False,0.089152173753,False,-0.0426055529531,-0.087970024395,0.00118214935799,False
6163,308,3,6.48498371676,False,0.0795837927843,True,-0.0437904187524,-0.08528130591769999,-0.00569751313338,True
6164,308,4,13.732542343099999,False,0.0751889159585,True,-0.0349640123063,-0.0747084433477,0.000480472610746,False
6165,308,5,4.681685228409999,False,0.06975921832399999,True,-0.0417210158415,-0.07621307711360001,-0.00645385878959,True
6166,308,6,9.271642144269999,False,0.0696063899457,True,-0.0358949523127,-0.071232815924,-0.00162642597831,True
6167,308,7,23.2350065036,False,0.0628018967513,True,-0.0264777994759,-0.0563316706735,0.0064702260778,False
6168,308,8,10.1873505336,False,0.062459306920000006,True,-0.0325389896746,-0.0628779122107,-0.00041860529068300003,True
6169,308,9,3.48643642575,False,0.0604296619218,True,-0.0392295745434,-0.06796237457320001,-0.0075327126513999995,True
6170,308,10,2.67781983942,False,0.05964365668959999,True,-0.041438469543,-0.07128516152089999,-0.011641504831299998,True
6171,308,11,2.86944210737,False,0.057986051104499996,True,-0.039986917097199995,-0.0692060778682,-0.011220026763799998,True
6172,308,12,2.46228542049,False,0.0580678584965,True,-0.040067726028900005,-0.06935426425630001,-0.0112864057598,True
6173,308,13,0.36958525965899997,False,0.0566704790302,True,-0.048369341307499994,-0.076605367482,-0.019934888451799998,True
6174,308,14,3.66086512101,False,0.059297032683199996,True,-0.039671431242999995,-0.0693969138489,-0.0100998811657,True
6175,308,15,3.5190935943,False,0.0586048086046,True,-0.0377976644404,-0.0662222001217,-0.007617391517060001,True
6176,308,16,3.6838360480800003,False,0.05763893808119999,True,-0.0384193631856,-0.06768291917449999,-0.010043981093299998,True
6177,308,17,1.33064241817,False,0.0569531806045,True,-0.0419004318743,-0.0710352832878,-0.014082102683299999,True
6178,308,18,0.409924197691,False,0.0578626640806,True,-0.046522521981100004,-0.0751681632513,-0.0173054991707,True
6179,308,19,0.31029590004,True,0.056435778242199995,True,-0.0487553824272,-0.0787806751237,-0.022344896881499998,True
6180,309,0,6.947930116239999,False,0.137775076087,False,-0.0648982511466,-0.131873816091,0.005901259995779999,False
6181,309,1,10.1964024395,False,0.103496969178,False,-0.0475849586905,-0.09824007820419998,0.0052568909742,False
6182,309,2,5.56015793271,False,0.0873755772273,False,-0.0492929934458,-0.09495375168749999,-0.0075781744602000005,True
6183,309,3,2.29675905854,False,0.0812360045636,False,-0.0573500351431,-0.10105904697999998,-0.0198230424167,True
6184,309,4,0.663929199071,False,0.07650761324699999,True,-0.05846923254,-0.0969099663482,-0.020402353101099998,True
6185,309,5,1.9931908783,False,0.06810239937280001,True,-0.0463120704072,-0.0805765752436,-0.0124741758708,True
6186,309,6,1.7528687612,False,0.0660402738452,True,-0.04825521178230001,-0.0823718882537,-0.0163316144085,True
6187,309,7,1.96739002181,False,0.06621146207930001,True,-0.046188972915,-0.0783120430916,-0.0121005810122,True
6188,309,8,0.15280719707999998,True,0.0623093551375,True,-0.0578735003753,-0.08967740177349999,-0.027368046636,True
6189,309,9,0.057313770757999996,True,0.0599236754665,True,-0.0558771971394,-0.08764739811660001,-0.027723722650099997,True
6190,309,10,0.45475963576800005,False,0.0589699764817,True,-0.0503780768415,-0.0805880451188,-0.0216180686371,True
6191,309,11,0.0027496755442499997,True,0.059893211171,True,-0.0585938722957,-0.08951921856869999,-0.029626007397699997,True
6192,309,12,0.00021428434769799997,True,0.0590201370053,True,-0.057921174393699995,-0.0867884639141,-0.0277683269088,True
6193,309,13,0.007120792112199999,True,0.0568869003986,True,-0.062417856799,-0.0896549931222,-0.0327680927236,True
6194,309,14,0.0253628939421,True,0.058763405539100005,True,-0.06057929271240001,-0.0902881840185,-0.0315247784794,True
6195,309,15,1.24972310241e-05,True,0.0554560128317,True,-0.060968557143299996,-0.0886903009539,-0.0332342881222,True
6196,309,16,0.000491887072809,True,0.0570651927778,True,-0.0603786328309,-0.0891551896697,-0.0320899968919,True
6197,309,17,0.000245048957472,True,0.0592289916909,True,-0.0691615675452,-0.09875538210370001,-0.0395263904129,True
6198,309,18,0.0959946782426,True,0.0559515817521,True,-0.0641091859228,-0.09276638523289998,-0.036814803480800004,True
6199,309,19,0.10076889600700001,True,0.056605312461699996,True,-0.0591757838828,-0.08627274643310001,-0.0296674339713,True
6200,310,0,35.552136035,False,0.140463152638,False,-5.18902590078e-05,-0.0671574778972,0.0733056747411,False
6201,310,1,32.7972046453,False,0.10165060885800001,False,-0.0217613183247,-0.07344841117439999,0.028202197683799998,False
6202,310,2,21.1021040295,False,0.0877197049192,False,-0.030972777317400002,-0.0745367068106,0.0131829981086,False
6203,310,3,29.5896784163,False,0.07817492046789999,True,-0.0251844929552,-0.0628339554007,0.015340965067200002,False
6204,310,4,25.005774697899998,False,0.0742869600199,True,-0.025650963706099997,-0.0626993764277,0.0115875835922,False
6205,310,5,21.5435539864,False,0.072243190275,True,-0.026830107204200003,-0.0643772207632,0.00786596951188,False
6206,310,6,5.37974076258,False,0.0681661045759,True,-0.040002440624000005,-0.0745170320675,-0.00635092749159,True
6207,310,7,0.5120869824409999,False,0.0636737468933,True,-0.0508214770773,-0.0822801891241,-0.0186064422307,True
6208,310,8,0.0377760733893,True,0.0618154355349,True,-0.05480147953719999,-0.08449102643880001,-0.0226755909039,True
6209,310,9,1.25984488034,False,0.061489799911199995,True,-0.0450250644101,-0.07596305495950001,-0.0144732550483,True
6210,310,10,1.51606352871,False,0.060840502279900004,True,-0.04810088605499999,-0.07900931728569999,-0.0181688150058,True
6211,310,11,0.48526499654,False,0.058253339370200004,True,-0.0507841336426,-0.0791397603993,-0.0208864210292,True
6212,310,12,0.230375538511,True,0.0604393066129,True,-0.053853686109100005,-0.0832286840877,-0.022789377474799997,True
6213,310,13,0.235183361345,True,0.0581107947336,True,-0.0522808398915,-0.0820828933095,-0.023972098575900002,True
6214,310,14,0.00437698872757,True,0.058229837572300006,True,-0.0574507078577,-0.0880430937832,-0.0298132562109,True
6215,310,15,0.0017051203562599999,True,0.05652502179269999,True,-0.054316029005199995,-0.08311371620680001,-0.026588694414,True
6216,310,16,0.11883976690999999,True,0.0564335273333,True,-0.0615910984251,-0.08930352852630001,-0.032870001192900004,True
6217,310,17,3.63175959343e-09,True,0.0552542355464,True,-0.0671445337986,-0.09477884696000001,-0.039524611413599996,True
6218,310,18,8.96743564206e-06,True,0.056918093617599995,True,-0.06255878551199999,-0.09170079623839998,-0.0347827026208,True
6219,310,19,0.0017593872965500001,True,0.055845879407599996,True,-0.06087796975740001,-0.0878750463301,-0.0320291669226,True
6220,311,0,1.68664661873,False,0.146395762312,False,-0.0928538904545,-0.16354244678899998,-0.017146684476999997,True
6221,311,1,1.21603032401,False,0.104928717526,False,-0.0728910818474,-0.12468314435000001,-0.0197544268244,True
6222,311,2,7.026062971880001,False,0.08893981651010001,False,-0.0471046519694,-0.0889262232464,1.35932637777e-05,False
6223,311,3,10.1439239775,False,0.0783860561236,True,-0.0377260200811,-0.0780768691761,0.000309186947485,False
6224,311,4,7.605231431699999,False,0.0734871729478,True,-0.0388630458571,-0.0749044263304,-0.00141725338266,True
6225,311,5,7.37515435648,False,0.0695196892293,True,-0.0388835194547,-0.0720447296648,-0.00252504043551,True
6226,311,6,13.186732420799999,False,0.0673013240085,True,-0.0311769050751,-0.0648272627611,0.00247406124733,False
6227,311,7,13.2641440269,False,0.0663048264327,True,-0.030770458479800002,-0.0653051581963,0.00099966823636,False
6228,311,8,12.706784818900001,False,0.06225949840390001,True,-0.031806423232900005,-0.0621133289008,0.000146169503085,False
6229,311,9,8.510894669039999,False,0.0606312002603,True,-0.0334652253764,-0.06338605765869999,-0.0027548573983800003,True
6230,311,10,4.06145306478,False,0.0619291792136,True,-0.03915874645259999,-0.0704053415739,-0.008476162360280001,True
6231,311,11,4.38607382907,False,0.059296051321,True,-0.0371661083059,-0.0666753179962,-0.00737926667519,True
6232,311,12,8.34580590905,False,0.0607676169269,True,-0.0337018523869,-0.0630400918705,-0.0022724749435599997,True
6233,311,13,3.6274209604300003,False,0.0586219770913,True,-0.038556921595900004,-0.0681384127931,-0.00951643570172,True
6234,311,14,0.691897549209,False,0.057286327250600004,True,-0.045923336591300004,-0.0742175748668,-0.0169312476162,True
6235,311,15,1.03548749039,False,0.0594537629256,True,-0.048880720269,-0.0788859435791,-0.019432180653599997,True
6236,311,16,0.40030877912100005,False,0.057552420055800003,True,-0.051233930585900006,-0.0806347406962,-0.0230823206404,True
6237,311,17,0.667378155296,False,0.0564888095627,True,-0.044629840487800006,-0.07236657347400001,-0.0158777639113,True
6238,311,18,0.23401744003000002,True,0.0564907462523,True,-0.05060428365109999,-0.08003711840260001,-0.0235463721503,True
6239,311,19,0.120155944719,True,0.055171002883,True,-0.048793686166,-0.0769677836528,-0.0217967807698,True
6240,312,0,0.5816564487929999,False,0.133133701889,False,-0.10140607918099999,-0.170660523517,-0.037526821628199994,True
6241,312,1,0.5533181239180001,False,0.10349499583999999,False,-0.07660900213489999,-0.127611143773,-0.024116147933099998,True
6242,312,2,1.0962608294399998,False,0.0878244219902,False,-0.0647946266045,-0.109813220933,-0.0219887989426,True
6243,312,3,1.0185280698499999,False,0.0795705198568,True,-0.0592633110673,-0.09809455245960001,-0.0185240326029,True
6244,312,4,6.19955258197,False,0.0717369616378,True,-0.0405981200964,-0.0773790453252,-0.005642083687430001,True
6245,312,5,6.19764585971,False,0.0681607645975,True,-0.0392208742239,-0.0744629426574,-0.006302178059810001,True
6246,312,6,1.8334697529700001,False,0.0658794711593,True,-0.04687241786230001,-0.0802477362895,-0.0143682651303,True
6247,312,7,1.44178039467,False,0.06490391754,True,-0.047384291180300006,-0.0796107571005,-0.0147068395605,True
6248,312,8,0.356299616727,False,0.0642173170794,True,-0.0526946064108,-0.08645018332019999,-0.0222328662408,True
6249,312,9,0.350659016183,False,0.06318542785009999,True,-0.0535786824305,-0.0847043144778,-0.021518886627700004,True
6250,312,10,0.396519856216,False,0.06094742525769999,True,-0.0504509290301,-0.07890020092910001,-0.0179527756715,True
6251,312,11,0.155668878673,True,0.0598582624047,True,-0.057365012388100003,-0.0873591726651,-0.027500910260400004,True
6252,312,12,0.192475574776,True,0.061436413343400005,True,-0.0561526598979,-0.0871399015773,-0.0257034882339,True
6253,312,13,2.81996871053e-05,True,0.059814921629800004,True,-0.0601711639587,-0.091400337478,-0.0315854158482,True
6254,312,14,1.88815631705e-11,True,0.0593546271297,True,-0.0632186235111,-0.0934772297016,-0.0341226025719,True
6255,312,15,3.94886522667e-07,True,0.05671991817000001,True,-0.0657991853459,-0.0940301250264,-0.037310206856400005,True
6256,312,16,1.9418771312299998e-22,True,0.0555616981406,True,-0.07942413553010001,-0.106890484242,-0.0513287861011,True
6257,312,17,2.68448198831e-37,True,0.0554056334305,True,-0.08226065364389999,-0.108449338445,-0.0530437050141,True
6258,312,18,3.921970196919999e-61,True,0.054866574835199994,True,-0.08843354474659999,-0.115975245318,-0.0611086704832,True
6259,312,19,1.94266739202e-34,True,0.0573798217234,True,-0.0868546354308,-0.115332660034,-0.057952838310799996,True
6260,313,0,10.823387755299999,False,0.142199286153,False,-0.0571631059999,-0.128415188934,0.013784097219,False
6261,313,1,3.88330364507,False,0.103646979178,False,-0.0597217716687,-0.112881148546,-0.009234169368110001,True
6262,313,2,0.35967143321999995,False,0.08906121694420001,False,-0.0730940468273,-0.115481904804,-0.026420687859900004,True
6263,313,3,0.36849445351,False,0.0805394692165,False,-0.0704110666754,-0.112748699169,-0.0322092299529,True
6264,313,4,0.240952950083,True,0.0715774652491,True,-0.0602415168676,-0.097487690643,-0.0259102253939,True
6265,313,5,0.166907598389,True,0.06964324836180001,True,-0.0591315588691,-0.0944344583853,-0.0247912100235,True
6266,313,6,1.05703720642,False,0.0671232480517,True,-0.0502145150999,-0.0831222955216,-0.0159990474699,True
6267,313,7,0.693413765593,False,0.0659789344113,True,-0.048699387419499994,-0.081692029463,-0.015713095051700002,True
6268,313,8,0.103149635844,True,0.0625412798046,True,-0.0554027287577,-0.0854580962547,-0.022916816450099995,True
6269,313,9,0.114740054605,True,0.06112816583,True,-0.057660299791400006,-0.08857661625,-0.02744845042,True
6270,313,10,3.1492364697000006e-12,True,0.0576085910056,True,-0.0747154382527,-0.104384972011,-0.0467763810059,True
6271,313,11,2.06912806696e-27,True,0.0567153775808,True,-0.0759622164833,-0.105138483609,-0.048423106027699996,True
6272,313,12,0.060194530581700004,True,0.057160348557900004,True,-0.0761525460385,-0.10390048626599999,-0.04674013770819999,True
6273,313,13,7.32280685463e-14,True,0.05838174707259999,True,-0.0789957719445,-0.108150735404,-0.0497689883313,True
6274,313,14,5.319250033769999e-30,True,0.058913624980199995,True,-0.09103586395199999,-0.120451444762,-0.06153781978180001,True
6275,313,15,7.126896725129999e-44,True,0.0564514940322,True,-0.09402398753039999,-0.12324733540100001,-0.066795841369,True
6276,313,16,2.7891519160799997e-40,True,0.058689475465199994,True,-0.0923944365782,-0.122134633082,-0.0634451576169,True
6277,313,17,7.385368079309999e-27,True,0.0600257640594,True,-0.0892026561187,-0.12009593687799999,-0.060070172818800005,True
6278,313,18,1.0704056375799998e-24,True,0.0572739776908,True,-0.08352255705089999,-0.11263091515200001,-0.0553569374611,True
6279,313,19,5.41126318487e-42,True,0.0551117730784,True,-0.0812435919746,-0.109776603473,-0.05466483039469999,True
6280,314,0,10.2770308577,False,0.137595955952,False,-0.0553328623415,-0.124452169268,0.013143786683200001,False
6281,314,1,46.0273988252,False,0.10235706757000002,False,-0.0033144226092700004,-0.0521252998515,0.050231767718900006,False
6282,314,2,24.5268452267,False,0.0872532724475,False,-0.0297450183409,-0.0743678596973,0.0128854127502,False
6283,314,3,27.760786177600004,False,0.07812692957089999,True,-0.0258476634078,-0.0653991922056,0.012727737365299998,False
6284,314,4,7.386900549260001,False,0.0715801389918,True,-0.03855282559630001,-0.0746595149569,-0.0030793759650899998,True
6285,314,5,2.66824338717,False,0.0704265047214,True,-0.0477195868985,-0.08464471352,-0.0142182087986,True
6286,314,6,1.4109379151399999,False,0.06302758705780001,True,-0.044801070271699994,-0.07809583798389999,-0.015068250926099999,True
6287,314,7,3.3296926749799995,False,0.06483772255480001,True,-0.0422750046626,-0.0748311674028,-0.009993444847930001,True
6288,314,8,2.7011860777499996,False,0.0639069747668,True,-0.0433959498233,-0.0765690676477,-0.012662092880899999,True
6289,314,9,6.2234717521,False,0.0631116134724,True,-0.0373565901369,-0.06810757367869999,-0.00499596020637,True
6290,314,10,2.63534039577,False,0.06218851800419999,True,-0.04325442871719999,-0.07446414313860002,-0.012275625134399998,True
6291,314,11,1.00614631745,False,0.06285422336680001,True,-0.0467923076232,-0.0794956406752,-0.0166414173084,True
6292,314,12,0.485841310762,False,0.058201765738599996,True,-0.0508595159569,-0.078226254119,-0.0200244883804,True
6293,314,13,0.854687706467,False,0.0577151365035,True,-0.0429475241175,-0.0715936203312,-0.0138784838276,True
6294,314,14,0.3414857804,False,0.0582563863925,True,-0.0504121286211,-0.07906208151,-0.020805695117500002,True
6295,314,15,0.0566542573877,True,0.0560613140623,True,-0.056030488267,-0.08395124452960001,-0.0278899304673,True
6296,314,16,0.000607884305528,True,0.05725198978900001,True,-0.059426061629499996,-0.088556384863,-0.0313043950741,True
6297,314,17,6.36085697606e-10,True,0.05543852326169999,True,-0.0643915167588,-0.0921947277324,-0.0367562044707,True
6298,314,18,5.14257644932e-11,True,0.0584024682061,True,-0.06671596821010001,-0.0967668152971,-0.038364347091,True
6299,314,19,1.47803382017e-09,True,0.056082986702199994,True,-0.0653032258574,-0.0930040962191,-0.036921109517,True
6300,315,0,30.7418527141,False,0.14213212814099999,False,0.00968338374654,-0.061749534464,0.0803825936774,False
6301,315,1,46.1437332984,False,0.10269759364900001,False,-0.00897568147754,-0.056727526801199996,0.045970066848300004,False
6302,315,2,36.1597463679,False,0.0883529583093,False,-0.0223454985468,-0.0645646449632,0.023788313346099998,False
6303,315,3,44.2656992266,False,0.0798387957343,True,-0.0173722407345,-0.058201998976699997,0.0216367967576,False
6304,315,4,1.2758925347799999,False,0.0745690869046,True,-0.052710055259,-0.0898846800848,-0.015315593180200001,True
6305,315,5,1.5827630427300001,False,0.0714436548097,True,-0.0522439245299,-0.089353880759,-0.017910225949299998,True
6306,315,6,0.00823240902042,True,0.0663932290379,True,-0.06494552306160001,-0.0983931132092,-0.0319998841713,True
6307,315,7,0.0886364372498,True,0.06674347836040001,True,-0.06549864949850001,-0.0981252952367,-0.0313818168763,True
6308,315,8,8.12868869132e-06,True,0.0621039975318,True,-0.06351883437490001,-0.09389912472650001,-0.031795127194599995,True
6309,315,9,1.56825877487e-10,True,0.059990717681800004,True,-0.0675373647759,-0.0986685885829,-0.038677870901,True
6310,315,10,0.00016091056364,True,0.059716222109599995,True,-0.0683812788499,-0.0983942462697,-0.0386780241601,True
6311,315,11,0.0205891734272,True,0.05696378357000001,True,-0.0632290261864,-0.0913942842928,-0.0344305007228,True
6312,315,12,7.038279807110001e-06,True,0.058962679040800006,True,-0.062403256451699994,-0.092387323927,-0.0334246448862,True
6313,315,13,4.60935874297e-06,True,0.0594165485757,True,-0.0671743839974,-0.09576567887489999,-0.0363491302991,True
6314,315,14,1.58645200481e-09,True,0.058450777877599995,True,-0.0747321247528,-0.10602092161900001,-0.0475701437414,True
6315,315,15,8.680489403979998e-31,True,0.056715084558800005,True,-0.07525230785060001,-0.10227819697599999,-0.04556311241719999,True
6316,315,16,2.00649728176e-08,True,0.0567401691844,True,-0.0753491028947,-0.10368729331399999,-0.0469471241299,True
6317,315,17,1.61323954155e-17,True,0.0574540435523,True,-0.075784634049,-0.104193906866,-0.0467398633141,True
6318,315,18,6.74015745235e-30,True,0.0558314061168,True,-0.0795722281652,-0.108160999953,-0.05232959383619999,True
6319,315,19,1.88016476622e-10,True,0.054807972024,True,-0.0840278687163,-0.110768675028,-0.055960703003900006,True
6320,316,0,16.3139663453,False,0.138863101909,False,-0.046308183227800004,-0.11930142049100001,0.0195616814188,False
6321,316,1,13.1173390152,False,0.103192365743,False,-0.0426252576836,-0.09545451505380001,0.00773785068948,False
6322,316,2,37.8546217063,False,0.08697772598480001,False,-0.019563448456,-0.0612658693479,0.025711856637,False
6323,316,3,64.7874953876,False,0.07916132910960001,True,-0.00194567421818,-0.04311224012519999,0.0360490889844,False
6324,316,4,25.210217357399998,False,0.0741719723095,True,-0.0264775129968,-0.063815177057,0.0103567952526,False
6325,316,5,6.31524784452,False,0.0689662482637,True,-0.0400685345587,-0.0736074246082,-0.00464117634445,True
6326,316,6,17.803624098,False,0.06723869030349999,True,-0.0287335431459,-0.06168299519780001,0.005555695105710001,False
6327,316,7,5.06660494433,False,0.0648453895403,True,-0.0384118092677,-0.0710139190515,-0.0061685295112,True
6328,316,8,14.7528141185,False,0.060088024883199996,True,-0.029289153302500003,-0.0590435750798,0.00104444980344,False
6329,316,9,24.1096489139,False,0.0631279967931,True,-0.024023503614699997,-0.0551618500425,0.00796614675061,False
6330,316,10,10.1048582277,False,0.0605602209449,True,-0.0324166758206,-0.0628358323286,-0.0022756113836999996,True
6331,316,11,11.5532506844,False,0.058515330440800005,True,-0.029842832121799997,-0.0614987844335,-0.0029834539927199996,True
6332,316,12,6.7787984774800005,False,0.058494526552,True,-0.033557909204700004,-0.0625614891259,-0.00406696257387,True
6333,316,13,6.496517268019999,False,0.05670439684780001,True,-0.0332714786233,-0.05991389980169999,-0.00320950295389,True
6334,316,14,5.52176148466,False,0.0588120606257,True,-0.03620478259169999,-0.0652373016628,-0.00642524103712,True
6335,316,15,1.9742717030599999,False,0.0584170578272,True,-0.0416572722607,-0.0717593563464,-0.0133422985193,True
6336,316,16,0.245061396335,True,0.0557572356718,True,-0.0493242175727,-0.07770045642989999,-0.0219432207581,True
6337,316,17,0.18618792388900002,True,0.055359768111600004,True,-0.05194486032599999,-0.0805836532699,-0.0252238851583,True
6338,316,18,0.025850687873400002,True,0.0577165308575,True,-0.0519104152477,-0.08088378438739999,-0.0231672535298,True
6339,316,19,0.0446235762944,True,0.0549997584958,True,-0.054555444643599994,-0.08318290946939999,-0.0281831509737,True
6340,317,0,22.8980710802,False,0.14331716771400002,False,-0.0333085981418,-0.10239603093699999,0.0409211367763,False
6341,317,1,25.964358466300002,False,0.105608944124,False,-0.030532583886099997,-0.08499078564210001,0.020618158481599997,False
6342,317,2,43.3351151504,False,0.0854914063779,False,-0.0155290672244,-0.0581001119108,0.027391294467,False
6343,317,3,11.109406655999999,False,0.0793844375147,True,-0.0389628536,-0.07833429659169999,0.00105014092296,False
6344,317,4,3.29154027725,False,0.0721593673621,True,-0.0456971720525,-0.08199633473389999,-0.00983696737181,True
6345,317,5,7.31853501102,False,0.0725862009215,True,-0.038782440781,-0.07519535352819999,-0.00260915260673,True
6346,317,6,9.888003810239999,False,0.0663684531669,True,-0.0350685990937,-0.0663070908749,6.136229199000001e-05,False
6347,317,7,11.0822587712,False,0.063865136674,True,-0.0327023511259,-0.0644128904851,-0.0005477538110730001,True
6348,317,8,7.8127347039199995,False,0.0642120202394,True,-0.0355888643725,-0.0673104204785,-0.0030984002390900003,True
6349,317,9,3.7770649332199997,False,0.059948535648,True,-0.0397409479288,-0.0683767523963,-0.00842821674833,True
6350,317,10,3.6057075859699994,False,0.0612153686605,True,-0.0405084969261,-0.0708726574544,-0.0096572887939,True
6351,317,11,1.9691712382799997,False,0.0602280395606,True,-0.043331978276,-0.07425369482869999,-0.0140256552681,True
6352,317,12,1.2378923925,False,0.0595356131387,True,-0.0482329345351,-0.07823879292880001,-0.0187031797901,True
6353,317,13,0.9316817868880001,False,0.0585410613451,True,-0.0466661381597,-0.0760248571805,-0.017483795835400003,True
6354,317,14,1.03889445803,False,0.059346498437199996,True,-0.0462546535551,-0.0758687701848,-0.0165222717476,True
6355,317,15,0.564485380032,False,0.0571168487129,True,-0.0471827575634,-0.07634175133510002,-0.019224902622200002,True
6356,317,16,0.127671154638,True,0.056550125567300005,True,-0.0545920472415,-0.081908269617,-0.0253581440497,True
6357,317,17,0.131190492807,True,0.05851305065230001,True,-0.054157391010099996,-0.08238492012519999,-0.0238718694728,True
6358,317,18,0.000786624437053,True,0.0548821246674,True,-0.05250026321430001,-0.0793522683722,-0.0244701437048,True
6359,317,19,0.7886181265369999,False,0.0561949790692,True,-0.0444554746152,-0.07249776518539999,-0.0163027861162,True
6360,318,0,0.9499562324680001,False,0.13953515282600001,False,-0.0945280603878,-0.164031475734,-0.0244963229077,True
6361,318,1,1.3903310015700001,False,0.10240631933199999,False,-0.06871518408959999,-0.11664530440500001,-0.0142389850725,True
6362,318,2,0.6417446116009999,False,0.08830665409569999,False,-0.0695194400829,-0.11344678950999999,-0.0251401354147,True
6363,318,3,1.07253651132,False,0.080002131421,False,-0.0591231626846,-0.0996325170634,-0.0196303856425,True
6364,318,4,4.03995830176,False,0.0748288337087,True,-0.0447843506734,-0.08184135852680001,-0.00701252481807,True
6365,318,5,1.94042902403,False,0.0696444336973,True,-0.0481987317492,-0.0817777536785,-0.012133319981200002,True
6366,318,6,1.47513430724,False,0.066750480462,True,-0.0480332567774,-0.081685186641,-0.014934706179,True
6367,318,7,1.8345602985099998,False,0.062203694916,True,-0.0424907113462,-0.0740645308208,-0.011860835904700003,True
6368,318,8,1.92813643908,False,0.0629786677218,True,-0.0437961141194,-0.0746930722535,-0.011714404531700001,True
6369,318,9,0.00333142672465,True,0.060232073128199996,True,-0.0584061645946,-0.0879185003142,-0.027686427185999996,True
6370,318,10,0.0871838767871,True,0.0606148277159,True,-0.0547603534683,-0.08435469462430001,-0.023739866908400003,True
6371,318,11,7.10279872266e-11,True,0.059970848729099996,True,-0.06426506460880001,-0.0935720120545,-0.0336011633254,True
6372,318,12,1.58779476479e-10,True,0.060544316082499994,True,-0.0705379607683,-0.101311789274,-0.0407674731912,True
6373,318,13,1.41068850131e-09,True,0.0598475717215,True,-0.07865256095989999,-0.108679983117,-0.0488324113956,True
6374,318,14,3.27659390076e-18,True,0.0571046286933,True,-0.0789911673435,-0.10924759116499999,-0.052142962472,True
6375,318,15,5.79797603607e-12,True,0.057760664795699995,True,-0.07883353024669999,-0.107385807166,-0.049625142370499996,True
6376,318,16,2.14291397559e-24,True,0.0576239519686,True,-0.0803470069435,-0.109585670275,-0.051961718306499996,True
6377,318,17,4.66748372037e-09,True,0.059945608086900005,True,-0.0767589411575,-0.108098622129,-0.048153014041999995,True
6378,318,18,2.3010023727299997e-29,True,0.0566001241904,True,-0.0783012340331,-0.10868213349099999,-0.052082009300100006,True
6379,318,19,5.80545120689e-11,True,0.0542049400779,True,-0.0776641890348,-0.104516791077,-0.050311850999600005,True
6380,319,0,29.6003324196,False,0.139570433942,False,-0.022183261906,-0.09522630425249999,0.0443441296893,False
6381,319,1,0.46957356785300003,False,0.10376563271500001,False,-0.0814398829413,-0.134824094202,-0.031058461487199998,True
6382,319,2,1.02277958405e-07,True,0.0882502434591,False,-0.101084541593,-0.14651492731899998,-0.05826468385959999,True
6383,319,3,9.594292963500001e-18,True,0.07783194500080001,True,-0.106532169609,-0.14741413197699998,-0.0695821869763,True
6384,319,4,3.20094604369e-13,True,0.0741233116693,True,-0.10752340571699999,-0.147154160595,-0.0730308489258,True
6385,319,5,1.2473556101e-45,True,0.0705459214792,True,-0.111084214356,-0.14588712065099999,-0.0753411991718,True
6386,319,6,3.27598257766e-19,True,0.065938091435,True,-0.0993495977664,-0.13225433520500002,-0.0663162437696,True
6387,319,7,9.171152038349998e-64,True,0.0663791908055,True,-0.108274219607,-0.141521738543,-0.0751425477379,True
6388,319,8,1.8580248120700002e-33,True,0.0624794176408,True,-0.0946555932369,-0.12457522224999999,-0.0620958046091,True
6389,319,9,4.73265516664e-27,True,0.061907375473899996,True,-0.0886073399695,-0.119782102369,-0.0578747268954,True
6390,319,10,3.89473117492e-31,True,0.0600486384696,True,-0.08795320830319998,-0.119220089976,-0.059171451506000006,True
6391,319,11,5.72713409265e-26,True,0.0571018325703,True,-0.0908545692519,-0.119233333379,-0.062131500808800005,True
6392,319,12,3.3885097889099992e-40,True,0.058603727220400005,True,-0.09342494184070001,-0.122610132496,-0.0640064052755,True
6393,319,13,1.09606326611e-38,True,0.057909425018,True,-0.08851292395339999,-0.11683106568499999,-0.0589216406666,True
6394,319,14,1.47196758252e-49,True,0.055279139926399996,True,-0.08488922235179999,-0.112794673793,-0.057515533866900004,True
6395,319,15,1.1291203945499998e-33,True,0.0591509330232,True,-0.08314404165019999,-0.113090428149,-0.053939495125699996,True
6396,319,16,1.3271212884e-28,True,0.0563717753383,True,-0.0865146228083,-0.114326428829,-0.057954653491,True
6397,319,17,9.61864507167e-46,True,0.055649126367699996,True,-0.08421794057849999,-0.11134969781099999,-0.0557005714438,True
6398,319,18,8.964404950910001e-12,True,0.0567719562127,True,-0.07570617992539999,-0.103722189332,-0.046950233119400005,True
6399,319,19,1.2459716188799999e-17,True,0.0571794663202,True,-0.0755055371007,-0.103717784374,-0.0465383180542,True
6400,320,0,30.4893169299,False,0.144848136679,False,-0.0169845540279,-0.08693121258780001,0.057916924091699996,False
6401,320,1,20.840742648699997,False,0.10328036248500001,False,-0.03369135309,-0.08403072908289999,0.019249633402499997,False
6402,320,2,17.854510820599998,False,0.0903442797292,False,-0.034305328523300004,-0.07828899739350001,0.0120552823358,False
6403,320,3,9.41676790668,False,0.07903124100980001,True,-0.04071341046469999,-0.0771833626233,0.0018478783865699998,False
6404,320,4,1.6661756751499999,False,0.074530877808,True,-0.052036959284,-0.0912933417667,-0.0167624639587,True
6405,320,5,0.588610091703,False,0.07130045026460001,True,-0.0560755925935,-0.0906496078348,-0.0193491575702,True
6406,320,6,0.0378545018324,True,0.0638719365395,True,-0.0599646197715,-0.09280125789049999,-0.0289293213509,True
6407,320,7,0.0707580897592,True,0.0656089214322,True,-0.0660032364798,-0.09825538957519998,-0.032646468143,True
6408,320,8,0.0409741887927,True,0.0637076161634,True,-0.0594814413217,-0.0896994385894,-0.025991822426,True
6409,320,9,0.100420238462,True,0.05968024413530001,True,-0.0645645885186,-0.0945013109947,-0.0348210668594,True
6410,320,10,0.0477083657895,True,0.0612439196596,True,-0.060229268918699994,-0.0909074072315,-0.0296634875718,True
6411,320,11,0.049065268004900006,True,0.058539431326199994,True,-0.062439259166199995,-0.09207453626180001,-0.033535104935599996,True
6412,320,12,9.071144001889999e-06,True,0.059203012776699995,True,-0.0627916158055,-0.0913009156006,-0.0320979028239,True
6413,320,13,0.000757452328535,True,0.0609267733914,True,-0.0585098594529,-0.0888340111139,-0.0279072377225,True
6414,320,14,0.0751769672266,True,0.0574240591617,True,-0.0559558898568,-0.0852234521071,-0.0277993929453,True
6415,320,15,4.58181315288e-05,True,0.05802104479069999,True,-0.0608014399082,-0.0898934800591,-0.0318724352684,True
6416,320,16,7.04260320929e-05,True,0.056052301048099995,True,-0.058010937098900005,-0.0864965295943,-0.0304442285461,True
6417,320,17,0.00592690628651,True,0.0571786094337,True,-0.059323788081199993,-0.08778866924350001,-0.0306100598098,True
6418,320,18,0.0149080695471,True,0.0575200331391,True,-0.0585890177621,-0.0882599837761,-0.030739950637,True
6419,320,19,3.4688895390900006e-11,True,0.055901655106100005,True,-0.0651049821233,-0.0927205514934,-0.0368188963873,True
6420,321,0,28.1444592971,False,0.140062888107,False,-0.021216777435400003,-0.089650517363,0.050412370743899995,False
6421,321,1,13.680650999400001,False,0.106698057082,False,-0.0415880299698,-0.09682280436039999,0.009875252721889998,False
6422,321,2,4.653105645209999,False,0.08884098914699999,False,-0.0505835119425,-0.0957436118763,-0.00690262272925,True
6423,321,3,8.92945957108,False,0.07989088857000001,True,-0.0416400915691,-0.0799302031237,-3.93145537078e-05,True
6424,321,4,23.1688436404,False,0.07532711515689999,True,-0.0271210771913,-0.0647306218581,0.010596493298899999,False
6425,321,5,43.5945766142,False,0.0716550681543,True,-0.017298380911400003,-0.053210570967800006,0.0184444971865,False
6426,321,6,49.5001007687,False,0.06529459120009999,True,-0.014018367807400001,-0.0466211025201,0.01867348868,False
6427,321,7,51.4400017509,False,0.0642083667031,True,-0.013401463942799998,-0.047175749945099994,0.017032616758,False
6428,321,8,42.007511751500004,False,0.0635166178481,True,-0.0178235608797,-0.0488395447673,0.0146770730808,False
6429,321,9,30.647793902600004,False,0.0590722987027,True,-0.021382541239000002,-0.0524108506708,0.00666144803184,False
6430,321,10,14.013474798299999,False,0.05896793454609999,True,-0.029559076322,-0.05875352388999999,0.00021441065610400002,False
6431,321,11,15.4956442228,False,0.059712567100900005,True,-0.027712004882400002,-0.057627039669000006,0.00208552743192,False
6432,321,12,13.989361925299999,False,0.060344639659099995,True,-0.0291883337693,-0.0613693481064,-0.00102470844727,True
6433,321,13,5.450440191569999,False,0.0579243506694,True,-0.035624132841,-0.06496100280259999,-0.0070366521332,True
6434,321,14,3.5395525434300006,False,0.056810073544899996,True,-0.0377058644404,-0.06558577944459999,-0.0087757058997,True
6435,321,15,5.07951770592,False,0.054887124813599995,True,-0.0341983038365,-0.0620383079307,-0.00715118311717,True
6436,321,16,1.8348687313299998,False,0.0574261618358,True,-0.0414256684604,-0.0704872152918,-0.013061053456,True
6437,321,17,0.779630106271,False,0.05511112259169999,True,-0.0451029895457,-0.07171687947960001,-0.016605756888,True
6438,321,18,0.411893276188,False,0.0564150136085,True,-0.0460836462111,-0.07414759490669999,-0.0177325812982,True
6439,321,19,0.16429396216199998,True,0.055967513258,True,-0.0518650761185,-0.0803082686825,-0.0243407554245,True
6440,322,0,12.569052833299999,False,0.143179034304,False,-0.0531029157431,-0.119372182301,0.023806852003700002,False
6441,322,1,14.6536245008,False,0.10663133840500001,False,-0.043409987717000005,-0.09859782607239999,0.0080335123328,False
6442,322,2,30.3350337583,False,0.08674508171330002,False,-0.0254175665158,-0.065842438488,0.0209026432253,False
6443,322,3,22.051868200900003,False,0.0774296738079,True,-0.0299907151683,-0.070105712342,0.00732396146587,False
6444,322,4,32.716414729099995,False,0.07396059578530001,True,-0.022920211303400002,-0.060749359078400005,0.0132112367069,False
6445,322,5,60.40649678850001,False,0.0701816055595,True,-0.00950347240633,-0.04445834082859999,0.0257232647309,False
6446,322,6,63.155902526700004,False,0.0673339796761,True,-0.00901440827907,-0.04462215173740001,0.0227118279387,False
6447,322,7,36.696040881799995,False,0.0648611436797,True,-0.0204604735453,-0.05438337539680001,0.010477768282799999,False
6448,322,8,35.3903308643,False,0.0644672112989,True,-0.020308878963099998,-0.0519699979729,0.012497213326000001,False
6449,322,9,35.4988337788,False,0.0626492128403,True,-0.020065782845,-0.0508293744589,0.0118198383814,False
6450,322,10,26.6523152375,False,0.0621675708089,True,-0.0231092165893,-0.0539200407987,0.00824753001027,False
6451,322,11,9.86033196328,False,0.0598235000865,True,-0.0312867423202,-0.061761796778800004,-0.00193829669223,True
6452,322,12,3.64436743316,False,0.0590101300275,True,-0.038433309389999996,-0.0691375806965,-0.010127450669,True
6453,322,13,3.6571704271900005,False,0.0592677885843,True,-0.038052096710000004,-0.0665088506472,-0.00724106206293,True
6454,322,14,1.2921390256999998,False,0.0578250490472,True,-0.04414181597019999,-0.07253974816089999,-0.0147146991138,True
6455,322,15,0.793061020848,False,0.0569683140854,True,-0.0436898060721,-0.0735860938913,-0.016617779805900002,True
6456,322,16,0.00784142773365,True,0.05725199068530001,True,-0.051889978214300005,-0.07947984210360001,-0.022227851418300002,True
6457,322,17,0.0155186290802,True,0.0579206456653,True,-0.054206297147,-0.08546903313519999,-0.027548387469799998,True
6458,322,18,0.153175581181,True,0.0564850758703,True,-0.0527118828794,-0.0810354181943,-0.024550342324,True
6459,322,19,0.279335065422,True,0.0568339367225,True,-0.0505692070402,-0.0800795652475,-0.023245628525,True
6460,323,0,33.1457742287,False,0.147619040282,False,-0.00376941373089,-0.07601652674760001,0.07160251353460001,False
6461,323,1,28.2376090418,False,0.102745615934,False,-0.026327670671,-0.07951821059339999,0.023227405340400003,False
6462,323,2,37.7861889834,False,0.085749333633,False,-0.0200413325692,-0.0626679931683,0.0230813404646,False
6463,323,3,3.3378106189200003,False,0.079648165519,True,-0.0494489186107,-0.08955444080060002,-0.00990627528154,True
6464,323,4,2.88407973016,False,0.0743128263927,True,-0.0486770384827,-0.08616621542410001,-0.0118533890315,True
6465,323,5,3.20454925317,False,0.0711396202244,True,-0.045417201206800005,-0.08075942366710001,-0.00961980344274,True
6466,323,6,2.59238878512,False,0.0651545344868,True,-0.0454966295352,-0.0770623986195,-0.011907864132700001,True
6467,323,7,7.854282586869999,False,0.0641521110513,True,-0.0365077174012,-0.0694965478723,-0.00534443682101,True
6468,323,8,3.0167303636500002,False,0.0632248574637,True,-0.0414462993313,-0.07260886169400001,-0.00938400423029,True
6469,323,9,1.4412835001299997,False,0.0624075557247,True,-0.0476047370873,-0.07930484579699999,-0.016897290072299998,True
6470,323,10,0.294941535569,True,0.0596472805789,True,-0.05313544809330001,-0.08221772936989999,-0.022570448791,True
6471,323,11,0.147407584893,True,0.0612855121271,True,-0.05563026329080001,-0.0861925939535,-0.024907081826299998,True
6472,323,12,0.00297816812158,True,0.060779345305399995,True,-0.0561909358684,-0.0859709585044,-0.025191613199,True
6473,323,13,0.0996729486311,True,0.0575840019264,True,-0.054786647132,-0.0849992348672,-0.027415232940799998,True
6474,323,14,0.0030602479399699997,True,0.0588802349158,True,-0.0593359639159,-0.08831191180749999,-0.029431676891700002,True
6475,323,15,1.9987869147e-05,True,0.0571292301764,True,-0.0663365643983,-0.0949320593913,-0.03780282921480001,True
6476,323,16,7.4517553013e-05,True,0.0543700843612,True,-0.0673432147077,-0.09386134128990001,-0.0394912569287,True
6477,323,17,2.88922840503e-13,True,0.0570878988052,True,-0.0735260654732,-0.102284012751,-0.0451961139459,True
6478,323,18,0.000122065305486,True,0.057164585971,True,-0.07465424951510001,-0.10334024769899999,-0.046175661728,True
6479,323,19,1.56025338725e-05,True,0.055505800376900005,True,-0.0704968133224,-0.09635502499710001,-0.04084922462019999,True
6480,324,0,28.8519799921,False,0.14046926578900001,False,0.0205467732452,-0.048006835486399994,0.0924624303023,False
6481,324,1,44.3902036821,False,0.102612394462,False,-0.00612235223257,-0.0580633010136,0.044549093448900005,False
6482,324,2,18.8696040387,False,0.08687186466460001,False,-0.0332664447554,-0.0746036101148,0.0122682545498,False
6483,324,3,12.718734663,False,0.07582570832930001,True,-0.0369136038025,-0.0747166993817,0.0011090089476400002,False
6484,324,4,8.33006065357,False,0.0738621404358,True,-0.0390033162062,-0.0757364096182,-0.00187426918233,True
6485,324,5,8.23421430937,False,0.06818260078480001,True,-0.0381273543824,-0.07141771700069999,-0.00323511621597,True
6486,324,6,4.40908732402,False,0.0654289040685,True,-0.0394170380418,-0.073207087312,-0.00777818324352,True
6487,324,7,0.789757597608,False,0.065625478275,True,-0.0505641452893,-0.0833287279923,-0.017703249717299998,True
6488,324,8,0.00171187334321,True,0.0605627581097,True,-0.0601796066347,-0.089398294921,-0.0288355368114,True
6489,324,9,2.2201910204099997e-08,True,0.0631978653428,True,-0.06781478168630001,-0.0992264344143,-0.0360285690715,True
6490,324,10,7.68641847303e-08,True,0.0582898803383,True,-0.07269519148789999,-0.10091708371,-0.042627203371900006,True
6491,324,11,6.85968451704e-13,True,0.0599028164631,True,-0.0729505506712,-0.103173886186,-0.0432710697228,True
6492,324,12,2.51765845555e-05,True,0.0599741612963,True,-0.0701929371222,-0.0999293137855,-0.0399551524891,True
6493,324,13,1.55779534812e-06,True,0.0575116321233,True,-0.0706393111272,-0.10019059840700001,-0.04267896628409999,True
6494,324,14,1.8230680650399999e-07,True,0.0576805359414,True,-0.0672439172179,-0.09589138109829999,-0.0382108451569,True
6495,324,15,0.000122405716725,True,0.058361922147000006,True,-0.06372298105140001,-0.0921886221731,-0.0338267000261,True
6496,324,16,0.00051648929915,True,0.05683147611819999,True,-0.0643657755529,-0.0927660275718,-0.0359345514536,True
6497,324,17,2.0805872391099998e-10,True,0.0573091606944,True,-0.0686889476992,-0.09897703000710001,-0.041667869312800004,True
6498,324,18,7.15708558337e-08,True,0.058195885773400007,True,-0.0735693941755,-0.103250170265,-0.045054284491600004,True
6499,324,19,6.346740469430001e-16,True,0.055504616144699995,True,-0.072163309415,-0.09991556838469999,-0.0444109522399,True
6500,325,0,10.6031658385,False,0.147730571672,False,-0.0567789780846,-0.132254431444,0.015476140227999998,False
6501,325,1,9.89009731648,False,0.105905638321,False,-0.0479805701701,-0.100706300722,0.00519933759886,False
6502,325,2,35.2149199598,False,0.0907810189886,False,-0.0207117096695,-0.0693174378123,0.021463581176400005,False
6503,325,3,35.0819320757,False,0.07938685278239999,True,-0.0214930604785,-0.0603341537125,0.019052699069900002,False
6504,325,4,28.1371484789,False,0.073226605735,True,-0.025312345338300003,-0.061850816709699996,0.011375789025399999,False
6505,325,5,12.182083721300001,False,0.0723447418891,True,-0.033863399408,-0.0688952012351,0.0034495406539899994,False
6506,325,6,28.435585692600004,False,0.0688758964771,True,-0.0237817355333,-0.0586210768982,0.0102548195788,False
6507,325,7,13.548527633299999,False,0.06474398468880001,True,-0.030837142101699997,-0.06374648438019999,0.0009975003086439998,False
6508,325,8,15.886558742,False,0.0620967190685,True,-0.0287533965726,-0.061562957812,0.0005337612565430001,False
6509,325,9,11.915606583499999,False,0.061350650845800006,True,-0.0313009193004,-0.062268167455199995,-0.0009175166094269999,True
6510,325,10,15.4270060077,False,0.0609447819797,True,-0.029020189125399998,-0.059040300701699994,0.00190448127798,False
6511,325,11,14.6825377794,False,0.0634632871912,True,-0.030238605902299997,-0.059632450163699995,0.0038308370274799997,False
6512,325,12,7.235692692020001,False,0.05990057493,True,-0.033439531250700004,-0.0630750587957,-0.0031744838656,True
6513,325,13,6.50867152118,False,0.059215984552,True,-0.0351834473121,-0.062842516381,-0.00362653182897,True
6514,325,14,2.324032709,False,0.0568740898821,True,-0.0385793651432,-0.0662406733127,-0.00936658343053,True
6515,325,15,0.5391176659920001,False,0.057422674094500005,True,-0.0483583819406,-0.077103583205,-0.0196809091105,True
6516,325,16,0.21415943090700001,True,0.056955319144599996,True,-0.0541548089396,-0.0825330629027,-0.025577743758,True
6517,325,17,0.028410014387400002,True,0.0551075796796,True,-0.05478514312030001,-0.0821900802531,-0.0270825005735,True
6518,325,18,0.125916920266,True,0.0559623177434,True,-0.05872738883769999,-0.08563332457489999,-0.0296710068315,True
6519,325,19,0.018668770892400002,True,0.0575215701739,True,-0.058395783232399995,-0.08718994102260001,-0.0296683708487,True
6520,326,0,10.2244565203,False,0.14205874475400002,False,-0.0576551193236,-0.130267223023,0.0117915217313,False
6521,326,1,2.16700554408,False,0.102860040107,False,-0.0668915515386,-0.119048169806,-0.0161881296992,True
6522,326,2,0.8744083141329999,False,0.088474729714,False,-0.064453720612,-0.110440616115,-0.0219658864007,True
6523,326,3,0.469011105639,False,0.08152030762839999,False,-0.06398643006969999,-0.105095058982,-0.0235747513534,True
6524,326,4,11.7160085882,False,0.0752729330723,True,-0.0367222560303,-0.07343130635339999,0.00184162671885,False
6525,326,5,6.4445227248000005,False,0.0704063422194,True,-0.0404465227809,-0.0759104363161,-0.00550409409675,True
6526,326,6,15.6995692125,False,0.0673666800334,True,-0.0314030833672,-0.0644305367901,0.00293614324326,False
6527,326,7,52.16990890899999,False,0.0651233852322,True,-0.0152035053608,-0.046972048195400004,0.0181513370368,False
6528,326,8,42.6971365114,False,0.06030656035759999,True,-0.018331268125099998,-0.047917149289999995,0.012389411067600001,False
6529,326,9,29.1631661946,False,0.0608279624168,True,-0.022830070259500002,-0.0531355219399,0.00769244047686,False
6530,326,10,19.1774057971,False,0.06241177937319999,True,-0.0267408587626,-0.057501687428699995,0.004910091944470001,False
6531,326,11,15.8034784279,False,0.0604369923494,True,-0.0291968349895,-0.058652683796699995,0.00178430855271,False
6532,326,12,5.47577218261,False,0.0573327167121,True,-0.034752630716,-0.06363227541119999,-0.00629955869909,True
6533,326,13,1.30122326464,False,0.057714152786,True,-0.0406970057619,-0.0690063886202,-0.0112922358342,True
6534,326,14,0.641015516892,False,0.058272067954,True,-0.045674574912800005,-0.0740654580052,-0.0157933900512,True
6535,326,15,1.5964131488799997,False,0.0581080684533,True,-0.043809803089399996,-0.07418734337949999,-0.016079274926200003,True
6536,326,16,1.1650429979799999,False,0.05632423632399999,True,-0.0441344314511,-0.07194594000969999,-0.015621703685700001,True
6537,326,17,0.934131062193,False,0.0570815035749,True,-0.04647831743559999,-0.0759224095601,-0.0188409059851,True
6538,326,18,1.33242491678,False,0.0596810469692,True,-0.044351134874800004,-0.07483806236339999,-0.015157015394299998,True
6539,326,19,1.38026674905,False,0.05641131619,True,-0.0421264920151,-0.07048171359680001,-0.014070397406799998,True
6540,327,0,16.3441382482,False,0.139641559814,False,-0.04348662712640001,-0.112923170293,0.0267183895218,False
6541,327,1,11.4805690552,False,0.10662566886199999,False,-0.044444862619400005,-0.09791411175489999,0.00871155710747,False
6542,327,2,0.716459568178,False,0.0900206652787,False,-0.07058213210360001,-0.11618583810000001,-0.026165172821299997,True
6543,327,3,3.2854028199400003,False,0.07983434467060001,True,-0.0489476383731,-0.08969573611510001,-0.009861391444540001,True
6544,327,4,4.20902430046,False,0.07203854094789999,True,-0.0452355568154,-0.0800536764454,-0.00801513549746,True
6545,327,5,17.3645417084,False,0.07086460682960001,True,-0.0310940961675,-0.0669291498265,0.0039354570031300004,False
6546,327,6,10.1285741076,False,0.0657215480129,True,-0.033233483423200004,-0.0659586625286,-0.000237114515694,True
6547,327,7,3.65861172514,False,0.063878807967,True,-0.040813364584400005,-0.0724855331665,-0.00860672519947,True
6548,327,8,3.30325345984,False,0.0603949083815,True,-0.0404785688044,-0.07191143690360001,-0.011516528522099998,True
6549,327,9,1.10852280286,False,0.0615831715415,True,-0.0460193043659,-0.0771594946364,-0.015576323094899999,True
6550,327,10,2.26090701688,False,0.061458789868099994,True,-0.04325202258330001,-0.0747263268959,-0.0132675370278,True
6551,327,11,1.05519385793,False,0.059634905890499995,True,-0.0440700590249,-0.073925414206,-0.0142905083155,True
6552,327,12,1.32526846391,False,0.05900603553230001,True,-0.044175625910900004,-0.07450139974339999,-0.015495364211200001,True
6553,327,13,3.8207614274,False,0.0589934208449,True,-0.0392649436215,-0.0701919302563,-0.0111985094114,True
6554,327,14,1.89535056817,False,0.0580692163779,True,-0.0419720161604,-0.0697257075254,-0.0116564911475,True
6555,327,15,1.9966465349400002,False,0.056931564215500004,True,-0.0416506235007,-0.07031179229460001,-0.0133802280791,True
6556,327,16,0.47546723414700004,False,0.0551661367794,True,-0.0468972007001,-0.0746465235772,-0.0194803867978,True
6557,327,17,0.162012218637,True,0.0542413783513,True,-0.0503300046756,-0.078112295744,-0.023870917392700003,True
6558,327,18,0.507058953742,False,0.0589729387959,True,-0.048608809199299996,-0.078386785932,-0.019413847136099997,True
6559,327,19,0.009107823915040001,True,0.0553080989633,True,-0.0502669676821,-0.0794969296545,-0.0241888306912,True
6560,328,0,7.52502346765,False,0.144053005121,False,-0.0660512012261,-0.138204248804,0.00584875631795,False
6561,328,1,0.358476206842,False,0.10612768638499999,False,-0.089521591298,-0.140370038261,-0.0342423518757,True
6562,328,2,0.346203815026,False,0.09157484365260002,False,-0.076441875302,-0.12437002766899999,-0.032795184016800004,True
6563,328,3,1.31311134411,False,0.0789103945718,True,-0.056015307171099996,-0.0962953667613,-0.017384972189499998,True
6564,328,4,1.03312666222,False,0.07302813199839998,True,-0.0583549211414,-0.0948783478624,-0.021850215864,True
6565,328,5,0.157812876529,True,0.0676762580012,True,-0.0584978403714,-0.09242190828430001,-0.0247456502831,True
6566,328,6,1.40185655345,False,0.06792190687409999,True,-0.0514068782344,-0.08487197869010002,-0.016950071816,True
6567,328,7,3.51824135769,False,0.0638201172635,True,-0.0415731285304,-0.07418696896810001,-0.0103668517046,True
6568,328,8,3.9615988041900003,False,0.0652654324767,True,-0.0409321890905,-0.0723642168395,-0.007098784362720001,True
6569,328,9,1.8182539169799998,False,0.0609650266611,True,-0.04190583349680001,-0.07125246002230001,-0.010287433361100001,True
6570,328,10,1.25267852985,False,0.0595470921751,True,-0.044665437697300005,-0.07474028143980001,-0.0151931892647,True
6571,328,11,3.2098308212099997,False,0.0594541380465,True,-0.0415871479648,-0.0713396035571,-0.0118854655106,True
6572,328,12,1.8040394292299997,False,0.05940945853619999,True,-0.0444546195349,-0.07414956028410001,-0.014740101747999999,True
6573,328,13,2.55207099427,False,0.0584040189065,True,-0.0405054433148,-0.07081014286119999,-0.012406123954700001,True
6574,328,14,3.6332102072800003,False,0.056952651356,True,-0.0362298758406,-0.0644254142202,-0.00747276286421,True
6575,328,15,3.3535822769,False,0.054838066855499995,True,-0.0376303557364,-0.0653715375016,-0.0105334706461,True
6576,328,16,3.3867923231700003,False,0.058062709184,True,-0.0375941602246,-0.0659773541037,-0.00791464491967,True
6577,328,17,3.24154361546,False,0.058042944016699995,True,-0.0396445069539,-0.0671602363517,-0.009117292335040002,True
6578,328,18,0.21238822397799997,True,0.05728537123,True,-0.0534803616445,-0.08129904198030001,-0.0240136707502,True
6579,328,19,0.0073389715223,True,0.05594070089,True,-0.061122630282399996,-0.089684469068,-0.033743768178,True
6580,329,0,9.44375903379,False,0.13938605853299998,False,0.0613614883799,-0.008034580795430001,0.13135147773800002,False
6581,329,1,15.2307663709,False,0.104589230786,False,0.0402852302962,-0.012247620632200001,0.0923416101533,False
6582,329,2,31.896898495300004,False,0.0902949681131,False,0.024251548239799997,-0.020225438791200003,0.0700695293219,False
6583,329,3,60.135432825600006,False,0.0796733026274,True,0.00323581579703,-0.036865192768900004,0.0428081098585,False
6584,329,4,55.5207129123,False,0.0719149344592,True,-0.011212242478499999,-0.046846383830000005,0.0250685506292,False
6585,329,5,47.5635041764,False,0.06797850237700001,True,-0.0162554313284,-0.04997758569230001,0.0180009166847,False
6586,329,6,33.3970738369,False,0.0667622402505,True,-0.0219547145598,-0.0559782305784,0.010784009672100001,False
6587,329,7,33.0485136295,False,0.0643356627104,True,-0.020994101060000003,-0.051984083757499994,0.012351578952899999,False
6588,329,8,11.3933252245,False,0.06271133362800001,True,-0.0320784860867,-0.0628287992325,-0.00011746560450200001,True
6589,329,9,9.137663712939998,False,0.061679246984099996,True,-0.0335580155665,-0.0661367127013,-0.00445746571727,True
6590,329,10,3.8718303943800003,False,0.06251751975309999,True,-0.0392484385776,-0.07256514565330001,-0.0100476259002,True
6591,329,11,1.26425626801,False,0.058222074007599996,True,-0.0443132950412,-0.0728937880486,-0.014671714041,True
6592,329,12,0.950365025142,False,0.05905669811769999,True,-0.05145004420009999,-0.08049812515549999,-0.0214414270378,True
6593,329,13,0.00090035410649,True,0.0576368634906,True,-0.05890905827,-0.08753247098410001,-0.029895607493500002,True
6594,329,14,0.0016888099350399997,True,0.05918011591419999,True,-0.0572812189465,-0.08646382559560001,-0.0272837096814,True
6595,329,15,0.129800545525,True,0.0580158460117,True,-0.0560965467325,-0.08491008658289999,-0.0268942405711,True
6596,329,16,0.00550215786022,True,0.056298017390900006,True,-0.0580217835262,-0.08655452264930001,-0.0302565052585,True
6597,329,17,0.06366166764169999,True,0.0562728862315,True,-0.05585150490349999,-0.08227191337439999,-0.025999027142900002,True
6598,329,18,1.22870021762e-06,True,0.05566822858630001,True,-0.059392147529100006,-0.08622618862789999,-0.0305579600416,True
6599,329,19,2.31357937243e-06,True,0.056182474266999995,True,-0.060700620158699994,-0.088718488592,-0.032536014325,True
6600,330,0,1.91597818533,False,0.142438104684,False,-0.08967952660910002,-0.163147668986,-0.020709564301799998,True
6601,330,1,3.1492024480799996,False,0.10620964072799999,False,-0.0657426146504,-0.117414041222,-0.0112044004941,True
6602,330,2,0.07675476614,True,0.08671226130550001,False,-0.0809672843764,-0.125539485155,-0.0388272238499,True
6603,330,3,0.329167569592,True,0.0816055839289,False,-0.06768042175,-0.107929890406,-0.026324306477200004,True
6604,330,4,0.527121129614,False,0.077397948479,True,-0.0624765219497,-0.09833929871860002,-0.0209413502396,True
6605,330,5,2.64357976527,False,0.0713436707852,True,-0.048866145325499995,-0.0837747433398,-0.012431072554699999,True
6606,330,6,5.61924828991,False,0.0688588946154,True,-0.0409395654402,-0.07362902589510001,-0.00477013127968,True
6607,330,7,1.9526586786900002,False,0.06409526166280001,True,-0.0469059335257,-0.07919965972889999,-0.0151043980661,True
6608,330,8,2.16745816809,False,0.0637280692456,True,-0.045474199601600006,-0.07569576708589999,-0.011967697840299999,True
6609,330,9,2.29576476968,False,0.0614383864216,True,-0.0411933713365,-0.07272776716160001,-0.01128938074,True
6610,330,10,2.07490463091,False,0.060565920020599996,True,-0.04226380792500001,-0.0712490685571,-0.010683148536499999,True
6611,330,11,1.0257807461700001,False,0.0603403822903,True,-0.0458134851698,-0.0763487044997,-0.0160083222094,True
6612,330,12,1.78765718165,False,0.059515129531699996,True,-0.0413972197646,-0.0699476440113,-0.0104325144796,True
6613,330,13,0.0712425061492,True,0.057722877394699994,True,-0.050777125643,-0.0782624751929,-0.0205395977982,True
6614,330,14,0.19705628021899999,True,0.0565369907132,True,-0.05187124544530001,-0.08004483747169999,-0.0235078467585,True
6615,330,15,0.044097065644399996,True,0.057402110977,True,-0.0541212480625,-0.0822739047413,-0.024871793764299998,True
6616,330,16,0.000351149130741,True,0.056312340218,True,-0.0564747888204,-0.0861922953388,-0.029879955120700002,True
6617,330,17,0.08047890696539999,True,0.0577088972914,True,-0.0576558572,-0.08687083333380001,-0.0291619360425,True
6618,330,18,0.00133980467253,True,0.055908565124000005,True,-0.059598390829300005,-0.08729961235349999,-0.031391047229400004,True
6619,330,19,8.43754863613e-05,True,0.055284200175099996,True,-0.0604374238442,-0.0878671050938,-0.032582904918800004,True
6620,331,0,1.71236199349,False,0.143279529617,False,-0.0895635606882,-0.163313400645,-0.0200338710277,True
6621,331,1,5.63330656364,False,0.106133391896,False,-0.0547205173047,-0.108213819517,-0.0020804276216099997,True
6622,331,2,11.5682234745,False,0.08962566760780001,False,-0.040952979327599996,-0.08677113214739998,0.0028545354604,False
6623,331,3,8.3911765512,False,0.0780527900205,True,-0.0401059434159,-0.07918098440969999,-0.00112819438925,True
6624,331,4,14.6486875545,False,0.07368609766539999,True,-0.0340101650847,-0.0691991665529,0.00448693111255,False
6625,331,5,9.19911352286,False,0.0707682114503,True,-0.0368074470767,-0.07349708940760001,-0.0027288779573400005,True
6626,331,6,13.6191516246,False,0.0678560229098,True,-0.0322082765596,-0.0658086264874,0.00204739642231,False
6627,331,7,4.3804986509,False,0.0659446911629,True,-0.0394763895654,-0.0711991972977,-0.00525450613486,True
6628,331,8,1.08633109474,False,0.0632227065706,True,-0.047557739989900004,-0.0786784429355,-0.0154557363649,True
6629,331,9,0.7302801610969999,False,0.060658479699,True,-0.0474394110783,-0.0772122535425,-0.0165537738435,True
6630,331,10,1.26636065585,False,0.059956870696,True,-0.0476470619579,-0.07868565214630001,-0.018728781450200002,True
6631,331,11,0.218016541833,True,0.06049550263180001,True,-0.0502034875225,-0.0802905861747,-0.0197950835429,True
6632,331,12,2.8158155420999997,False,0.06116390318749999,True,-0.040895648325699994,-0.0721919265716,-0.011028023384100001,True
6633,331,13,2.1304563289700003,False,0.0579479577762,True,-0.0407243576591,-0.0695789284738,-0.011630970697600001,True
6634,331,14,0.561585285719,False,0.0569269475265,True,-0.0475910638746,-0.0762015375495,-0.0192745900231,True
6635,331,15,0.154443884234,True,0.0583281879605,True,-0.052982325998,-0.0842726689243,-0.0259444809637,True
6636,331,16,0.020515759226799997,True,0.055597254582900005,True,-0.0529720048168,-0.08053263828269999,-0.0249353836998,True
6637,331,17,0.01255896158,True,0.05720613646980001,True,-0.055084911968800006,-0.08264929123760001,-0.0254431547678,True
6638,331,18,9.91963048996e-06,True,0.05634958245069999,True,-0.058466941212900005,-0.08688490546569999,-0.0305353230149,True
6639,331,19,2.95297376548e-06,True,0.0561587332123,True,-0.0658991245694,-0.09483305847519999,-0.0386743252629,True
6640,332,0,36.1262954618,False,0.136745143935,False,-0.0009186285743180001,-0.0735469609235,0.0631981830116,False
6641,332,1,46.621895005,False,0.106142106235,False,-0.00447404489466,-0.057847661833,0.04829444440169999,False
6642,332,2,26.5345197994,False,0.0876782858082,False,-0.0269685641439,-0.06883567471919999,0.018842611089,False
6643,332,3,5.789013118790001,False,0.0794173527368,True,-0.0443400358412,-0.08439274128049999,-0.00497538854375,True
6644,332,4,6.22418527177,False,0.0703370199448,True,-0.0396471455239,-0.07442165511469999,-0.00408463516988,True
6645,332,5,20.0764345281,False,0.0688951389508,True,-0.0286239496159,-0.0629562467356,0.0059388922152000005,False
6646,332,6,15.3713203031,False,0.0682334446686,True,-0.031328260038900005,-0.0660972868217,0.0021361578469299997,False
6647,332,7,6.84329733252,False,0.0658260222401,True,-0.0375294479212,-0.0701878777627,-0.00436185552257,True
6648,332,8,2.3272757566299997,False,0.0617828059746,True,-0.042476700210199995,-0.07270467238789999,-0.0109218664133,True
6649,332,9,1.6700609694400002,False,0.058605574817500006,True,-0.041589644708300004,-0.0703314453488,-0.011725870531299998,True
6650,332,10,2.2379339357299997,False,0.060046672923,True,-0.0419428454881,-0.0714261931253,-0.011379520202299999,True
6651,332,11,1.5501256063,False,0.06096362463669999,True,-0.045137424055099996,-0.07524982898539999,-0.0142862043487,True
6652,332,12,0.956422649936,False,0.0597806239515,True,-0.0453330367051,-0.0728550948951,-0.0130744709436,True
6653,332,13,1.06871936836,False,0.057905450065599995,True,-0.043701150544,-0.0745400720287,-0.0166346219631,True
6654,332,14,2.5940779635299998,False,0.06149963244059999,True,-0.0410805990784,-0.0738366450599,-0.012337012619399998,True
6655,332,15,0.317072683815,True,0.0564694420032,True,-0.043560434691199995,-0.0709642108842,-0.014494768881,True
6656,332,16,4.66493349715,False,0.0590517303318,True,-0.0363793375155,-0.0677521810188,-0.008700450687049999,True
6657,332,17,3.0419680737199997,False,0.056317533246300004,True,-0.0389856996826,-0.06746961471110001,-0.011152081464799998,True
6658,332,18,3.7719759414599996,False,0.056932611590300004,True,-0.0375660959762,-0.0649694109191,-0.00803679932876,True
6659,332,19,2.5536516371099998,False,0.0559548835965,True,-0.0393820845102,-0.06906002185339999,-0.0131051382568,True
6660,333,0,14.889769313199999,False,0.14530296534700002,False,-0.0472221616113,-0.12222342731899999,0.023079538028599998,False
6661,333,1,5.35989011839,False,0.10386940828199999,False,-0.0559876624524,-0.10849723784399999,-0.0046278295622299995,True
6662,333,2,4.58878328337,False,0.08845155732989998,False,-0.051086319196499995,-0.0945896518087,-0.00613809447879,True
6663,333,3,2.54658420937,False,0.0805532381629,False,-0.05150252332309999,-0.0906010539772,-0.010047815814299999,True
6664,333,4,4.44581139695,False,0.0752602595075,True,-0.0440149824542,-0.08261725966860001,-0.00735700016109,True
6665,333,5,1.83586225645,False,0.07186711819069999,True,-0.049457446710800004,-0.08685011949629999,-0.0149830013056,True
6666,333,6,0.955284000493,False,0.0668164369757,True,-0.057149808641499995,-0.0906436029618,-0.023827165986099998,True
6667,333,7,1.71307491478,False,0.0642708118442,True,-0.0459575868727,-0.0784088362433,-0.0141380243991,True
6668,333,8,0.19628158965,True,0.06279961560689999,True,-0.056022958151,-0.0857511927915,-0.022951577184700003,True
6669,333,9,0.990026538035,False,0.06448025866280001,True,-0.0479747815601,-0.0784741139085,-0.0139938552456,True
6670,333,10,0.5058661557190001,False,0.0594449228565,True,-0.0468549876341,-0.0768386480435,-0.017393725187099997,True
6671,333,11,0.7454172783580001,False,0.05767879106380001,True,-0.046710794889000005,-0.0754132139816,-0.0177344229178,True
6672,333,12,0.33499917525199996,False,0.0593854247482,True,-0.05131397525780001,-0.0812132862517,-0.0218278615035,True
6673,333,13,0.406356555268,False,0.0583216958471,True,-0.04790851217540001,-0.0763302045181,-0.018008508670999998,True
6674,333,14,2.1001516112900003,False,0.059422144868599994,True,-0.044155208402000004,-0.0739185459315,-0.0144964010629,True
6675,333,15,0.8061270444930001,False,0.057270372865900004,True,-0.0426934984925,-0.07262673774060001,-0.0153563648747,True
6676,333,16,0.738969559073,False,0.0562827753161,True,-0.047600616964999995,-0.07743281943739999,-0.0211500441212,True
6677,333,17,0.664483483866,False,0.057510682784400004,True,-0.048299125503,-0.0767531219691,-0.019242439184700002,True
6678,333,18,0.212135696605,True,0.055244272174899994,True,-0.052119747396400004,-0.081835788355,-0.0265915161801,True
6679,333,19,0.19185875227000002,True,0.0559088071046,True,-0.04829480017530001,-0.0759841420756,-0.0200753349711,True
6680,334,0,32.0234198497,False,0.141091661024,False,-0.0162240071804,-0.08590061633439999,0.0551910446892,False
6681,334,1,24.1500144184,False,0.10702000097400001,False,-0.0304845515033,-0.08258205669810001,0.024437944275700004,False
6682,334,2,8.69197071231,False,0.087663063815,False,-0.0437276183039,-0.08801144761839999,-0.000348383803435,True
6683,334,3,27.6788511036,False,0.08126137598189999,False,-0.0272002976504,-0.06673662666159999,0.0145247493203,False
6684,334,4,37.4615417226,False,0.07377349159510001,True,-0.0207005488108,-0.0578401249002,0.0159333666949,False
6685,334,5,7.68312101805,False,0.07391167090680001,True,-0.0398921272386,-0.0781283076146,-0.00421663670777,True
6686,334,6,11.7154436674,False,0.0655738735639,True,-0.0328656040007,-0.0658115921641,-0.00023771860017500002,True
6687,334,7,7.633952100169999,False,0.0644396402697,True,-0.035210651886400005,-0.0676462120307,-0.00320657176103,True
6688,334,8,9.73274689891,False,0.06305954720200001,True,-0.0332079228034,-0.0633299041702,-0.000270356968182,True
6689,334,9,8.40479184939,False,0.060603760156,True,-0.034761181436300005,-0.0642039842442,-0.00360022408821,True
6690,334,10,7.5277611769199995,False,0.05985675411830001,True,-0.034500742103699994,-0.064493651442,-0.00463689732371,True
6691,334,11,2.7557965525099997,False,0.059928452713,True,-0.039252608074199995,-0.0686622924163,-0.00873383970323,True
6692,334,12,0.9129809610330001,False,0.0579858345653,True,-0.045276651261,-0.07318237276860001,-0.0151965382033,True
6693,334,13,0.12168139467599999,True,0.0591125574973,True,-0.0517226723826,-0.0811506063446,-0.022038048847300002,True
6694,334,14,0.008959549554030001,True,0.05816806437390001,True,-0.0562144309789,-0.08592297849189999,-0.027754914117999997,True
6695,334,15,0.0723862613636,True,0.0553337710006,True,-0.057083111593500005,-0.0850739279795,-0.0297401569789,True
6696,334,16,0.15750887869000002,True,0.058141560450999996,True,-0.0511677982666,-0.07967449279239999,-0.021532932341400003,True
6697,334,17,0.27380399226,True,0.057893947577099994,True,-0.049329330964,-0.07822341404199999,-0.0203294664649,True
6698,334,18,0.45347195350100006,False,0.0564826821014,True,-0.04902411297119999,-0.0760957787132,-0.0196130966118,True
6699,334,19,1.04331632047,False,0.0578600334644,True,-0.0455342201062,-0.07547041384219999,-0.017610380377799998,True
6700,335,0,14.6694388239,False,0.14365422664799998,False,-0.0477712248642,-0.120572535314,0.0230816913339,False
6701,335,1,17.1144250848,False,0.105344747422,False,-0.0378983318994,-0.09152438321010001,0.0138203642119,False
6702,335,2,16.5553336397,False,0.0874114061104,False,-0.0356881669,-0.0800815941497,0.00732981196076,False
6703,335,3,3.2557853044,False,0.0784170389474,True,-0.0496324502857,-0.08820073008339999,-0.009783691136040001,True
6704,335,4,4.58030221295,False,0.0711550257018,True,-0.0445328273721,-0.0789599148547,-0.007804889152899999,True
6705,335,5,1.99443374607,False,0.07105156117480001,True,-0.0486279773959,-0.08159449456569999,-0.010542933390899999,True
6706,335,6,1.3892696535,False,0.0691078209145,True,-0.049380687820499994,-0.0842310728918,-0.0151232519774,True
6707,335,7,1.8419756608400002,False,0.0633518609336,True,-0.0456156816028,-0.07810779282380001,-0.014755931890200002,True
6708,335,8,1.14440857096,False,0.0648672102496,True,-0.051488399779,-0.08207681082439999,-0.0172096005748,True
6709,335,9,0.042843349127199996,True,0.062360074295800004,True,-0.0528999960297,-0.0831732923031,-0.0208132180073,True
6710,335,10,0.9846555835009999,False,0.0608834257324,True,-0.0488870850134,-0.078874728283,-0.0179913025506,True
6711,335,11,1.23895366396,False,0.0623780511042,True,-0.047385560023400004,-0.0800957991324,-0.0177177480282,True
6712,335,12,0.199048557098,True,0.0586047901736,True,-0.0496205499536,-0.077627315494,-0.019022525320400004,True
6713,335,13,0.6899986747660001,False,0.057472988534699995,True,-0.0488683862292,-0.07795272273630001,-0.020479734201599997,True
6714,335,14,0.379485324413,False,0.05666761546569999,True,-0.051777524395399996,-0.0797834721469,-0.0231158566812,True
6715,335,15,0.154712037662,True,0.0551840207388,True,-0.0482436618707,-0.07539168654560001,-0.0202076658067,True
6716,335,16,0.0994599225845,True,0.0580524605353,True,-0.0514003928312,-0.0811491236448,-0.023096663109400003,True
6717,335,17,9.30712130451e-06,True,0.056621055131699995,True,-0.0595599611003,-0.0864476631171,-0.0298266079855,True
6718,335,18,3.42064562368e-05,True,0.057178781865,True,-0.062031266448099996,-0.0920323891103,-0.0348536072454,True
6719,335,19,0.058283570827,True,0.0558466689181,True,-0.0551057738426,-0.08290240155669999,-0.0270557326386,True
6720,336,0,34.9893753789,False,0.13976000284700002,False,-0.002501199387,-0.0708202759481,0.06893972689889999,False
6721,336,1,42.5508772265,False,0.10440853190199999,False,0.0140854942931,-0.0349954420069,0.0694130898952,False
6722,336,2,52.877825989499996,False,0.0909241543759,False,-0.00827395491535,-0.052564147524100005,0.03836000685180001,False
6723,336,3,55.6446399898,False,0.08153986064989999,False,0.006294840910979999,-0.0326638568928,0.048876003757,False
6724,336,4,65.4268349682,False,0.0743928858189,True,0.00046921773395699996,-0.0366286420576,0.037764243761300005,False
6725,336,5,49.8162423003,False,0.0701896440382,True,-0.015604316077299998,-0.0518595863949,0.0183300576433,False
6726,336,6,53.5580851339,False,0.0676514425448,True,-0.0136632482627,-0.0449589665192,0.0226924760256,False
6727,336,7,60.8503666514,False,0.0644430600508,True,-0.0100391145043,-0.0414196982384,0.023023361812400004,False
6728,336,8,42.926436422399995,False,0.061527227438,True,-0.0180821381032,-0.0482541197626,0.013273107675399999,False
6729,336,9,32.3702388698,False,0.0623900990439,True,-0.020345529400400002,-0.0524412194618,0.009948879582040002,False
6730,336,10,37.0315742173,False,0.06180856647369999,True,-0.0196574096917,-0.05195848346390001,0.00985008300983,False
6731,336,11,59.020303099399996,False,0.060806729040699996,True,-0.0127799242499,-0.04496707395669999,0.015839655084,False
6732,336,12,42.8723993869,False,0.0611126787737,True,-0.0176853446398,-0.048057598116100005,0.0130550806576,False
6733,336,13,19.3550215923,False,0.059650179152499996,True,-0.026098215930099998,-0.05664327333790001,0.0030069058146300004,False
6734,336,14,25.8343053363,False,0.0597011921818,True,-0.023788149257200002,-0.053796565285499996,0.00590462689632,False
6735,336,15,18.3965421433,False,0.056669954327600004,True,-0.0256088893515,-0.0529278234423,0.0037421308853499997,False
6736,336,16,16.4189191605,False,0.0575505159599,True,-0.0272584411257,-0.0549697936174,0.00258072234256,False
6737,336,17,12.4783088912,False,0.0564470627929,True,-0.029075908035900003,-0.058056092578600005,-0.00160902978576,True
6738,336,18,5.50492466913,False,0.0571189125416,True,-0.0350908341404,-0.0626116462225,-0.005492733680939999,True
6739,336,19,8.718347712389999,False,0.0556376527061,True,-0.031389922573700005,-0.0598006178094,-0.00416296510328,True
6740,337,0,9.11531227945,False,0.136382010299,False,-0.0597091986821,-0.12931975169399998,0.007062258604479999,False
6741,337,1,24.905210253699998,False,0.101756823543,False,-0.029157187816499997,-0.08058689074730001,0.021169932796099997,False
6742,337,2,17.2343979714,False,0.0871094522308,False,-0.0342546186381,-0.0778033298535,0.009306122377219998,False
6743,337,3,46.336177211899994,False,0.08006838648249999,False,-0.0159122523204,-0.0550304288422,0.025037957640299997,False
6744,337,4,62.7065457754,False,0.0742984852545,True,-0.00550541908166,-0.041323214042000005,0.0329752712125,False
6745,337,5,66.51949533850001,False,0.07325108167689999,True,-0.00286630875314,-0.0393108477824,0.0339402338946,False
6746,337,6,66.24265324609999,False,0.069436476956,True,-0.00795484552117,-0.0413710136933,0.0280654632627,False
6747,337,7,56.6975703201,False,0.0656190213229,True,-0.011478304389500002,-0.0434460999046,0.0221729214183,False
6748,337,8,52.798666474099996,False,0.0625436639143,True,-0.014729968554200001,-0.0458215538229,0.0167221100914,False
6749,337,9,70.172676428,False,0.0625248001662,True,-0.008300665941390001,-0.0400101817685,0.0225146183978,False
6750,337,10,47.4214229337,False,0.0604790631489,True,-0.0158631608748,-0.04683864553230001,0.0136404176166,False
6751,337,11,19.6401983665,False,0.0580729341389,True,-0.025704843171099997,-0.0552237864332,0.00284914770563,False
6752,337,12,22.1046963185,False,0.057971484585999995,True,-0.0252499817872,-0.0541232049551,0.00384827963092,False
6753,337,13,7.0901166001,False,0.0579158479182,True,-0.0338510449027,-0.0634292026894,-0.00551335477119,True
6754,337,14,10.6272551761,False,0.0600700726518,True,-0.030668517583099998,-0.059652754423400005,0.000417318228371,False
6755,337,15,12.355589521199999,False,0.0581766294977,True,-0.029952880954499998,-0.0600894216312,-0.0019127921334400001,True
6756,337,16,5.21615177247,False,0.055764633885800004,True,-0.033299389988299996,-0.061328406660500004,-0.00556377277474,True
6757,337,17,5.6498068770300005,False,0.0547855143246,True,-0.033130194465400005,-0.0612206267947,-0.00643511247006,True
6758,337,18,1.0522742230500002,False,0.055017723121499995,True,-0.0428060716232,-0.0722034331057,-0.0171857099842,True
6759,337,19,0.799773963865,False,0.054326129605199995,True,-0.043167877208,-0.0709170594268,-0.0165909298216,True
6760,338,0,0.35410662880599997,False,0.142295395368,False,-0.113232088171,-0.180495866843,-0.038200471475,True
6761,338,1,0.113118448279,True,0.102862924063,False,-0.0923777733985,-0.142245357289,-0.0393824332253,True
6762,338,2,0.0532062276647,True,0.0859720309901,False,-0.0876410888418,-0.130484325675,-0.0445122946844,True
6763,338,3,4.1836119145099994e-09,True,0.08039170941660001,False,-0.0984354389561,-0.138353773455,-0.0579620640381,True
6764,338,4,5.0019003123600004e-17,True,0.07284444084819999,True,-0.0992802527946,-0.135274426058,-0.0624299852096,True
6765,338,5,6.1086891315299996e-24,True,0.0685407774265,True,-0.0930838498505,-0.12631253875700002,-0.0577717613305,True
6766,338,6,3.2815087130499997e-25,True,0.0666861506127,True,-0.09186909993270001,-0.124655685205,-0.0579695345921,True
6767,338,7,1.9469014538700003e-06,True,0.0653118260247,True,-0.0739766600177,-0.106249828576,-0.0409380025514,True
6768,338,8,4.53971430188e-07,True,0.0635284941327,True,-0.0828403979405,-0.114703424351,-0.051174930218699996,True
6769,338,9,0.117156937882,True,0.063148951292,True,-0.0667158406266,-0.0984395341523,-0.0352905828603,True
6770,338,10,0.00020028663207799995,True,0.0588847661541,True,-0.059787862163699995,-0.09012632832910002,-0.031241562174999998,True
6771,338,11,0.010870145282399999,True,0.058839339829400004,True,-0.0628385600469,-0.092343154112,-0.0335038142826,True
6772,338,12,2.04500906755e-05,True,0.060274472666300004,True,-0.0735973415688,-0.104098846292,-0.043824373626100005,True
6773,338,13,5.42328785945e-15,True,0.057856936382,True,-0.0783496382071,-0.108569580225,-0.050712643843400004,True
6774,338,14,1.52961054988e-25,True,0.0589873335861,True,-0.077650348486,-0.10549483373400001,-0.0465075001481,True
6775,338,15,9.074651038419998e-22,True,0.0568039768255,True,-0.07535196408480001,-0.103145974867,-0.046341998041000004,True
6776,338,16,4.437920203319999e-19,True,0.0563900685251,True,-0.0747448842591,-0.10262260102399999,-0.0462325324993,True
6777,338,17,9.33338610293e-26,True,0.054877138546199994,True,-0.0764800469912,-0.105070748684,-0.050193610138099996,True
6778,338,18,9.84475634157e-19,True,0.0568799917906,True,-0.0749339985167,-0.102603626043,-0.0457236342526,True
6779,338,19,2.55650894209e-17,True,0.05680105546519999,True,-0.07837165789480001,-0.105813379791,-0.04901232432569999,True
6780,339,0,7.57834210953,False,0.144083287597,False,-0.0657660702266,-0.137094094913,0.00698919268375,False
6781,339,1,24.4364656925,False,0.102507798883,False,-0.0313992358422,-0.084887427275,0.017620371608400003,False
6782,339,2,6.57514427245,False,0.0890005590769,False,-0.047931002031300005,-0.0919331341964,-0.00293257511957,True
6783,339,3,3.48678094276,False,0.07932193529239999,True,-0.050508675007300004,-0.0908009419348,-0.011479006642400001,True
6784,339,4,1.50417600637,False,0.07333741313360001,True,-0.050368456175699995,-0.08737374673750001,-0.014036333603999999,True
6785,339,5,2.6183126219,False,0.07095643999989999,True,-0.045876975403500005,-0.0810527020335,-0.010096262033600001,True
6786,339,6,3.12863825606,False,0.0698890687678,True,-0.0444637185762,-0.078093200056,-0.0082041312882,True
6787,339,7,4.1341776227,False,0.06391897661530001,True,-0.040275692486099995,-0.0730980687268,-0.00917909211149,True
6788,339,8,2.79156356865,False,0.0619345608968,True,-0.0418560817111,-0.07363063402560001,-0.011696073128799998,True
6789,339,9,5.07456306139,False,0.06275303784280001,True,-0.0392236289554,-0.0698563420708,-0.007103304228010001,True
6790,339,10,1.89560293846,False,0.06016433102990001,True,-0.043045350469300005,-0.0736505779326,-0.013486246902700002,True
6791,339,11,0.446591229655,False,0.0590235610944,True,-0.051510355235699995,-0.081308459973,-0.022284898878599996,True
6792,339,12,0.147351102376,True,0.0596822730334,True,-0.0572164478347,-0.0865488529508,-0.0268665799174,True
6793,339,13,0.00016029850068499999,True,0.057720424256600004,True,-0.058253948945300005,-0.0873368597881,-0.0296164355314,True
6794,339,14,1.59040295004e-06,True,0.0565580153094,True,-0.0631413385633,-0.0910603090794,-0.0345022937699,True
6795,339,15,0.00503509549053,True,0.055351790449900004,True,-0.0591633421091,-0.0865885989218,-0.031236808472000003,True
6796,339,16,0.000154418742984,True,0.0559935926624,True,-0.060141487670499996,-0.08779587458669999,-0.0318022819243,True
6797,339,17,0.169001002973,True,0.056024520338599997,True,-0.0585438591314,-0.0871720813062,-0.031147560967599998,True
6798,339,18,9.36533908021e-06,True,0.0552288353654,True,-0.0612043574524,-0.08904893319900001,-0.0338200978337,True
6799,339,19,0.006169326286350001,True,0.05748300466990001,True,-0.06103720452480001,-0.08993220951030001,-0.0324492048404,True
6800,340,0,28.992358570500002,False,0.137794530822,False,-0.021254425084099998,-0.0903970394962,0.047397491326000005,False
6801,340,1,17.940762588800002,False,0.103438325221,False,-0.037213451920199994,-0.08815300356979999,0.015285321651000001,False
6802,340,2,23.299852245500002,False,0.093013100983,False,-0.030120060795900003,-0.0754082504904,0.017604850492599997,False
6803,340,3,12.2969829898,False,0.0806502955899,False,-0.037395795815499996,-0.0786574521345,0.0019928434553900002,False
6804,340,4,41.164723730300004,False,0.07588081312520001,True,-0.0188178447522,-0.058567035310300004,0.0173137778149,False
6805,340,5,35.5416301849,False,0.07049789914969999,True,-0.0206099307256,-0.0569357551059,0.0135621440439,False
6806,340,6,12.816708157,False,0.0676566932469,True,-0.0333435944967,-0.0672525162135,0.00040417703339,False
6807,340,7,13.602730056199999,False,0.0682578665413,True,-0.030707767554900005,-0.06583514501630001,0.0024227215250100004,False
6808,340,8,5.0638807592,False,0.064489093061,True,-0.0393449817005,-0.07074150795169999,-0.00625241489063,True
6809,340,9,2.9080186466000004,False,0.06217842398580001,True,-0.0422629484069,-0.0747338372986,-0.012555413312799997,True
6810,340,10,0.236264099344,True,0.0584815550885,True,-0.0493944711319,-0.0776906518306,-0.019209096742099998,True
6811,340,11,0.155006876062,True,0.0582972255801,True,-0.0526754958151,-0.082173215976,-0.023875990395999996,True
6812,340,12,0.12038983081599999,True,0.0589024434772,True,-0.0599052344294,-0.0888066515378,-0.0299042080607,True
6813,340,13,0.261798292461,True,0.056724593875,True,-0.0653915143775,-0.0922288005363,-0.035504206661199994,True
6814,340,14,0.0007204039975580001,True,0.0582163806499,True,-0.0630915784743,-0.091030640824,-0.032814260174099996,True
6815,340,15,2.9615653099599998e-09,True,0.057197500459,True,-0.0690338780595,-0.0981470502781,-0.0409495498191,True
6816,340,16,1.3812811299899998e-08,True,0.0599537536522,True,-0.0705283346951,-0.0987248196502,-0.0387710659981,True
6817,340,17,2.9799151445200003e-10,True,0.0572897404284,True,-0.07077130931560001,-0.10005658632000002,-0.042766845891699996,True
6818,340,18,5.3550406229300003e-14,True,0.054676978413500006,True,-0.06990748223519999,-0.09638793444560001,-0.0417109560321,True
6819,340,19,8.31608299075e-09,True,0.0564540871381,True,-0.0696023907516,-0.098095631206,-0.041641544067800004,True
6820,341,0,16.1111785959,False,0.146014513105,False,-0.043566022144300005,-0.11424921010099999,0.0317653030047,False
6821,341,1,1.01660011835,False,0.106655349013,False,-0.0764030663091,-0.12923204720599998,-0.022576698193900003,True
6822,341,2,3.98027674601,False,0.0891766828195,False,-0.053099608708800004,-0.09784281128360002,-0.008666128464159999,True
6823,341,3,0.00293739328686,True,0.0787425602262,True,-0.0747460522752,-0.113498098836,-0.0347555386103,True
6824,341,4,0.064511575956,True,0.0751010205061,True,-0.0696230445382,-0.107606139626,-0.032505119119599996,True
6825,341,5,0.192206222548,True,0.0696505514225,True,-0.0639230823111,-0.0995944344589,-0.029943883036500002,True
6826,341,6,0.301357673108,True,0.0670727409913,True,-0.05676667234780001,-0.0909896896558,-0.0239169486645,True
6827,341,7,0.010807432115200001,True,0.064204383208,True,-0.0605549045806,-0.0936963975292,-0.0294920143212,True
6828,341,8,0.00027056716741900004,True,0.06522816732480001,True,-0.0676286662004,-0.10180183122000001,-0.036573663895,True
6829,341,9,0.007068501523159999,True,0.0601099507263,True,-0.0632530204163,-0.093298300541,-0.0331883498147,True
6830,341,10,0.00021481410202000003,True,0.060931970694699994,True,-0.0579344280423,-0.08916065538460001,-0.0282286846898,True
6831,341,11,0.0174941978945,True,0.0596073987634,True,-0.061438409623600004,-0.09057772938400001,-0.0309703306207,True
6832,341,12,0.0006351022643309999,True,0.0582611825244,True,-0.059969026279600005,-0.08929687772980001,-0.0310356952054,True
6833,341,13,0.225669577615,True,0.05831851258640001,True,-0.0559604270305,-0.0864408532294,-0.028122340643000003,True
6834,341,14,0.00190404060884,True,0.058945197275800006,True,-0.058813755789800005,-0.08911867169320001,-0.030173474417400002,True
6835,341,15,0.10692314661,True,0.0602844287359,True,-0.0554966841591,-0.0870984022247,-0.0268139734888,True
6836,341,16,1.1257763500799999e-08,True,0.0572883840472,True,-0.0630070736236,-0.09349931273389998,-0.0362109286867,True
6837,341,17,2.2745425568799996e-16,True,0.056142104474400004,True,-0.06979004854710001,-0.0986044424565,-0.042462337982,True
6838,341,18,8.876435065500001e-11,True,0.059024894947699996,True,-0.070914853289,-0.0995125740308,-0.040487679083199994,True
6839,341,19,1.62329715698e-20,True,0.0558275063851,True,-0.07857804598280001,-0.106839520966,-0.051012014581000006,True
6840,342,0,7.365529854349999,False,0.13958532400499998,False,-0.06663229399619999,-0.134821909831,0.00476341417412,False
6841,342,1,32.5197546366,False,0.105454295643,False,-0.0232690623592,-0.0750547465265,0.0303995491162,False
6842,342,2,22.6655471941,False,0.09033509384739999,False,-0.0307000455676,-0.0741921313909,0.016142962456499998,False
6843,342,3,15.5815542228,False,0.0773984760437,True,-0.0338820737885,-0.0713724002141,0.00602607582958,False
6844,342,4,17.9309934269,False,0.0729520831086,True,-0.0318314231478,-0.0653757258111,0.007576357297489999,False
6845,342,5,5.07895905494,False,0.07000821518610001,True,-0.041623586042,-0.07595859139660001,-0.005950376210479999,True
6846,342,6,5.644722345060001,False,0.0685601688913,True,-0.040732918654699996,-0.0750160710561,-0.006455902164779999,True
6847,342,7,9.59072257175,False,0.0670172762911,True,-0.0354284844167,-0.068350997771,-0.0013337214798300001,True
6848,342,8,26.798291953299998,False,0.0621801431312,True,-0.023435909070599996,-0.056154553269600005,0.00602558986164,False
6849,342,9,20.65724012,False,0.0623664387307,True,-0.0263615760573,-0.0593506914824,0.0030157472483200005,False
6850,342,10,47.9506489892,False,0.0632780334456,True,-0.016457329637,-0.046315339714199995,0.0169626937314,False
6851,342,11,18.6307135009,False,0.0589596589108,True,-0.0269432377128,-0.05645639355269999,0.0025032653581300002,False
6852,342,12,27.3978781941,False,0.058811068252600004,True,-0.0227753366319,-0.0526312236643,0.006179844588319999,False
6853,342,13,25.279316233600003,False,0.059499116751300006,True,-0.0234643797199,-0.051216463822099996,0.008282652929189999,False
6854,342,14,18.9331607174,False,0.058560867531599996,True,-0.0261356460793,-0.0565205972499,0.0020402702817599997,False
6855,342,15,13.6988923998,False,0.0575244453666,True,-0.030145591008900005,-0.0579578705571,-0.000433425190515,True
6856,342,16,6.0079886393,False,0.0574079802501,True,-0.03484754694469999,-0.0629842692915,-0.00557628904139,True
6857,342,17,8.77261391794,False,0.057379313722599995,True,-0.031560728928,-0.0602442628924,-0.0028649491698000003,True
6858,342,18,4.339290621580001,False,0.0572371843474,True,-0.0368911202449,-0.0647728128155,-0.00753562846807,True
6859,342,19,3.9085512866400003,False,0.054764638518500004,True,-0.0361910081156,-0.0635038365131,-0.008739197994610001,True
6860,343,0,20.6529276875,False,0.135982459233,False,-0.037594973507199994,-0.10513730888900001,0.030845150344599996,False
6861,343,1,2.08232844527,False,0.106060675328,False,-0.0699195633094,-0.122304015462,-0.0162433401347,True
6862,343,2,0.132760250456,True,0.08618297144819999,False,-0.082832534163,-0.12417975604800001,-0.0379967845999,True
6863,343,3,0.0778350527921,True,0.08084590670269999,False,-0.0858531676219,-0.12889177722200001,-0.0480458705189,True
6864,343,4,4.42025868528e-12,True,0.0751830552847,True,-0.09398697422800001,-0.13087766511600002,-0.05569460983109999,True
6865,343,5,7.16165446397e-07,True,0.06916500337230001,True,-0.0860119779143,-0.12197123897800001,-0.0528062356055,True
6866,343,6,9.524059161619999e-06,True,0.0678180466053,True,-0.0755389938813,-0.10883641684499999,-0.041018370239800005,True
6867,343,7,7.37167461407e-11,True,0.0651603387544,True,-0.0744354223902,-0.107910334471,-0.042749995716300004,True
6868,343,8,4.3198493007199994e-08,True,0.06212983141919999,True,-0.07633034021639999,-0.10732412402899999,-0.0451942926102,True
6869,343,9,3.33460435528e-19,True,0.0626136371056,True,-0.0793015325422,-0.11126093189899999,-0.048647294793699995,True
6870,343,10,2.4624687440099995e-16,True,0.0618081641991,True,-0.08320524450839999,-0.11183044076099999,-0.05002227656219999,True
6871,343,11,8.41010451863e-38,True,0.0591465294264,True,-0.0923395593126,-0.123900404582,-0.06475387515549999,True
6872,343,12,4.71306570037e-31,True,0.0595103947315,True,-0.0874087909784,-0.117831476793,-0.0583210820619,True
6873,343,13,5.97535909769e-29,True,0.056371769276300006,True,-0.0819794442439,-0.110440163541,-0.05406839426440001,True
6874,343,14,4.49032382723e-17,True,0.056694143070700004,True,-0.07724721671630001,-0.104792763545,-0.0480986204745,True
6875,343,15,5.653932168019999e-22,True,0.057449733334,True,-0.0816785200554,-0.110030887962,-0.0525811546275,True
6876,343,16,3.33745142628e-32,True,0.0550622271634,True,-0.07799217323,-0.10591635055500001,-0.050854123392,True
6877,343,17,1.3281359333199998e-07,True,0.0545674559171,True,-0.0816573114503,-0.109038928794,-0.054471472876500004,True
6878,343,18,1.88894575149e-26,True,0.0571871210066,True,-0.0819865439761,-0.109633367294,-0.05244624628769999,True
6879,343,19,6.03335854255e-37,True,0.0557321821815,True,-0.0825333756811,-0.112112605734,-0.0563804235529,True
6880,344,0,26.3495531122,False,0.144016285931,False,-0.0258584295654,-0.102215866688,0.0418004192439,False
6881,344,1,7.8888714636,False,0.105674689432,False,-0.0510869788507,-0.103092437843,0.0025822515889699998,False
6882,344,2,5.17199937095,False,0.0882225889838,False,-0.049416748979,-0.09320761458860001,-0.00498502560479,True
6883,344,3,3.38324018125,False,0.08007605782300001,False,-0.0499196476615,-0.09077909942230002,-0.0107030415992,True
6884,344,4,0.042524524434900006,True,0.0765095167457,True,-0.0684470863523,-0.10770461506300001,-0.0311950983172,True
6885,344,5,0.323195725328,True,0.0699506168372,True,-0.0601043479942,-0.0946604688097,-0.024709851972400002,True
6886,344,6,0.283716654714,True,0.0665191094774,True,-0.0585380307826,-0.0905256629119,-0.024006553434500002,True
6887,344,7,0.028349801271099997,True,0.066530697966,True,-0.061686749080499995,-0.09678907118920001,-0.030258373223200002,True
6888,344,8,0.0189188035646,True,0.0622494721686,True,-0.060505722326100006,-0.09238044116119999,-0.0301309689926,True
6889,344,9,0.313973106523,True,0.0613313034085,True,-0.0551882844747,-0.0853756829064,-0.0240443794979,True
6890,344,10,7.31256621249e-07,True,0.059617769493500006,True,-0.0663908367231,-0.0973381685346,-0.0377203990411,True
6891,344,11,0.268179477373,True,0.0607939878957,True,-0.064193621083,-0.0953268399659,-0.034532852070199994,True
6892,344,12,0.09870376806810001,True,0.0586830437612,True,-0.0636825013863,-0.0912640636868,-0.032581019925599995,True
6893,344,13,0.0734313871645,True,0.057465634340399994,True,-0.0546364674802,-0.08307073577650001,-0.025605101436099998,True
6894,344,14,0.0113473245909,True,0.0574486560574,True,-0.0546611934633,-0.08464224257860001,-0.027193586521200002,True
6895,344,15,0.0139299723867,True,0.0589475360224,True,-0.053738664887800006,-0.0830977575869,-0.024150221564500002,True
6896,344,16,0.0626637849884,True,0.057646027639100005,True,-0.052754172555099996,-0.0825465301975,-0.0249005025584,True
6897,344,17,0.019406425276,True,0.0565528479439,True,-0.059745146208,-0.08887173875870001,-0.032318890814799994,True
6898,344,18,0.0330465603134,True,0.0552532067162,True,-0.055692150014000005,-0.08418655882099998,-0.028933352104799998,True
6899,344,19,1.81075835944e-05,True,0.056638270867599996,True,-0.0629145738092,-0.0918293060939,-0.0351910352263,True
6900,345,0,34.2947560653,False,0.137958509078,False,-0.0025585818246999996,-0.0694769601088,0.0684815489696,False
6901,345,1,41.669109175900005,False,0.107499647449,False,-0.0115003563164,-0.0638597560328,0.0436398914159,False
6902,345,2,24.5830671752,False,0.0871692302214,False,-0.028603243831599998,-0.0713923507234,0.015776879498,False
6903,345,3,49.8950415686,False,0.08102036047899999,False,-0.0116851530388,-0.052825151215000005,0.028195209264,False
6904,345,4,60.719130485600004,False,0.0763619371395,True,-0.00622444414753,-0.044098808315199994,0.0322631288243,False
6905,345,5,49.387222981899995,False,0.0687624502969,True,-0.0147616671015,-0.049608200797,0.0191542494999,False
6906,345,6,19.3469683117,False,0.0672856762174,True,-0.029013869443000002,-0.0617448810898,0.00554079512758,False
6907,345,7,13.793212628800001,False,0.0638305360123,True,-0.029786252174,-0.0598353724144,0.003995163597969999,False
6908,345,8,15.7312803195,False,0.0610115458995,True,-0.029100830991000002,-0.058413918967199996,0.00259762693237,False
6909,345,9,18.6715316919,False,0.0640296451459,True,-0.027390499441200002,-0.059489413083499997,0.00454023206242,False
6910,345,10,16.1132807657,False,0.0631153249094,True,-0.0282235427286,-0.0584218445724,0.00469348033697,False
6911,345,11,5.63871920852,False,0.0596294727661,True,-0.037084688252,-0.0664057159816,-0.00677624321555,True
6912,345,12,5.51552195389,False,0.05973157101149999,True,-0.0372293211231,-0.0676087207636,-0.00787714975208,True
6913,345,13,2.56858883501,False,0.057755418990199994,True,-0.0384118215617,-0.0677129333809,-0.00995751439077,True
6914,345,14,2.7221973781999997,False,0.058780447835499995,True,-0.0400408747577,-0.07027079941539999,-0.0114903515799,True
6915,345,15,2.17570174058,False,0.057391958356800006,True,-0.0414477781088,-0.07126708165830001,-0.013875123301600002,True
6916,345,16,0.38633748994,False,0.0582829911502,True,-0.048954602482900005,-0.0781471813513,-0.019864190201,True
6917,345,17,0.0268393360186,True,0.0559921451047,True,-0.052840708251800005,-0.0809913295919,-0.0249991844873,True
6918,345,18,7.34225102252e-06,True,0.0556823613884,True,-0.058136038903199995,-0.0848498940249,-0.0291675326364,True
6919,345,19,0.215048734437,True,0.057169149917,True,-0.0588557940964,-0.08937208206049999,-0.0322029321435,True
6920,346,0,17.354557495799998,False,0.148056979204,False,-0.0436485959311,-0.120216202587,0.027840776617099997,False
6921,346,1,7.15152927622,False,0.10217705318,False,-0.0514841030413,-0.102551742259,-0.000374689079375,True
6922,346,2,6.10411071112,False,0.0876239649195,False,-0.0483731664305,-0.08998638975989999,-0.0023624248404,True
6923,346,3,7.68112640748,False,0.0787097964911,True,-0.0422508770393,-0.08213970840069999,-0.00342991190955,True
6924,346,4,2.4565942039900004,False,0.0738519156024,True,-0.0472324781794,-0.0855902802336,-0.0117383646312,True
6925,346,5,0.024836913756400004,True,0.0673230092838,True,-0.0630992180213,-0.0967914907345,-0.0294684814506,True
6926,346,6,0.5521000879110001,False,0.0682671043798,True,-0.0595708242701,-0.0933749440143,-0.0251078396345,True
6927,346,7,0.014240120584,True,0.065795763809,True,-0.0656137985255,-0.0982199741677,-0.0324242103587,True
6928,346,8,0.00234690099238,True,0.062111126815300004,True,-0.06866183253069999,-0.0987488444135,-0.0366377175982,True
6929,346,9,0.0252831370622,True,0.0613305289575,True,-0.064445419773,-0.0938193391712,-0.0324888102137,True
6930,346,10,2.1454762392e-06,True,0.0610223798579,True,-0.0677369463382,-0.0988763327519,-0.037853952894,True
6931,346,11,3.40132999098e-08,True,0.0599934240697,True,-0.0664173664883,-0.0960948231253,-0.03610139905569999,True
6932,346,12,0.0108126127465,True,0.0587081372246,True,-0.0663586692373,-0.09691074133199999,-0.0382026041074,True
6933,346,13,5.79146958951e-08,True,0.0598973175099,True,-0.0652837609108,-0.09426653212649999,-0.0343692146165,True
6934,346,14,3.01849529762e-06,True,0.05770102647480001,True,-0.061622096058300005,-0.09112658579600001,-0.0334255593212,True
6935,346,15,1.41728828665e-18,True,0.0588973656172,True,-0.07355526670160001,-0.102713973365,-0.0438166077475,True
6936,346,16,5.01612978214e-09,True,0.0574819117755,True,-0.0789775718662,-0.107774325824,-0.050292414048899996,True
6937,346,17,4.4600333312700003e-29,True,0.055661710396800006,True,-0.0747353572325,-0.104305705704,-0.0486439953075,True
6938,346,18,2.34140720605e-26,True,0.0563382844417,True,-0.07662037514060001,-0.1059994287,-0.04966114425819999,True
6939,346,19,1.56564904287e-18,True,0.0557668784265,True,-0.0768356645437,-0.10396240750199999,-0.0481955290756,True
6940,347,0,10.3263409552,False,0.142710407158,False,-0.0586917293652,-0.129172545325,0.0135378618324,False
6941,347,1,15.25329576,False,0.10205324593599999,False,-0.0403803570063,-0.09231386209049999,0.0097393838458,False
6942,347,2,16.6036102076,False,0.08942502358729999,False,-0.035531753680099996,-0.07965205457999999,0.00977296900734,False
6943,347,3,16.0468073452,False,0.0805486353201,False,-0.0340130008739,-0.0721031143866,0.00844552093351,False
6944,347,4,2.0010400166599998,False,0.0748921403654,True,-0.0512977370144,-0.0884481053097,-0.0135559649443,True
6945,347,5,3.00808550819,False,0.0725773405528,True,-0.0481055435204,-0.0864399019304,-0.013862561377700002,True
6946,347,6,1.27290667201,False,0.0675986337743,True,-0.04931827849190001,-0.0815604844113,-0.013961850637000001,True
6947,347,7,3.8137651990300006,False,0.0647899928495,True,-0.0413936902574,-0.0740995371731,-0.00930954432359,True
6948,347,8,1.65027776822,False,0.061491753553300006,True,-0.0449990383531,-0.07620235934399999,-0.0147106057907,True
6949,347,9,0.309767757616,True,0.0638036261827,True,-0.05212160147369999,-0.08379161959379999,-0.0199879934111,True
6950,347,10,0.0773411501295,True,0.0624117639459,True,-0.059001813586400005,-0.0895798592471,-0.027168095301200002,True
6951,347,11,0.216024106979,True,0.0599840902621,True,-0.0549367776527,-0.0855900599968,-0.0256059697347,True
6952,347,12,0.856018400169,False,0.059486138421400006,True,-0.0450876528598,-0.0749990312942,-0.0155128928729,True
6953,347,13,2.34794258811,False,0.0598231735012,True,-0.041508079657699995,-0.0692889545911,-0.0094657810899,True
6954,347,14,5.924009614759999,False,0.058521760733699996,True,-0.0358486255926,-0.0641629112081,-0.00564115047448,True
6955,347,15,2.5320985523700004,False,0.0564072357522,True,-0.0395626436688,-0.0677428824126,-0.0113356466604,True
6956,347,16,3.74703948691,False,0.057470759563999996,True,-0.0368971858432,-0.0661745269118,-0.00870376734775,True
6957,347,17,0.20765401652100002,True,0.055370167944700004,True,-0.046535785798500005,-0.07521094802339999,-0.0198407800787,True
6958,347,18,1.34426582062,False,0.05791511825540001,True,-0.04279689612919999,-0.07077563168829999,-0.0128605134329,True
6959,347,19,0.295516179167,True,0.0556433585399,True,-0.0503208029768,-0.0786375510452,-0.0229941925053,True
6960,348,0,12.2877508372,False,0.139728152416,False,-0.053989118157099995,-0.12427083284700001,0.015457319569,False
6961,348,1,33.6229896676,False,0.105378520074,False,-0.023127665496400003,-0.0725425066634,0.0328360134106,False
6962,348,2,17.6242827425,False,0.0895554830803,False,-0.03449340303330001,-0.07811343199810002,0.0114420510822,False
6963,348,3,36.5964262635,False,0.0818330450806,False,-0.0200357090069,-0.061519583798599994,0.020313461281999998,False
6964,348,4,32.835607500500004,False,0.07448997653230001,True,-0.0226855301042,-0.060539583247,0.013950393285299999,False
6965,348,5,34.3533031474,False,0.0700523891155,True,-0.0216725577756,-0.057471639199199995,0.012580749916299998,False
6966,348,6,52.7094247887,False,0.069352096938,True,-0.013702025411100001,-0.0488365267231,0.0205155702149,False
6967,348,7,34.5980420737,False,0.0656118591772,True,-0.0204180469368,-0.051443251270900006,0.0141686079063,False
6968,348,8,11.1955506531,False,0.0641202707405,True,-0.031864924632000004,-0.0628661604813,0.0012541102592,False
6969,348,9,1.3954952616299998,False,0.060843091886,True,-0.046241900849099994,-0.0764409064306,-0.0155978145445,True
6970,348,10,0.271217481579,True,0.0597612217222,True,-0.05172398953369999,-0.08228508264449999,-0.0225238609223,True
6971,348,11,0.0008662297530940001,True,0.0580916382849,True,-0.058432344270800005,-0.0883237662943,-0.0302321280094,True
6972,348,12,8.81834883217e-08,True,0.060484838222699996,True,-0.0638643057897,-0.0926013450955,-0.032116506872799995,True
6973,348,13,8.17091628804e-06,True,0.0564425818769,True,-0.0625103558536,-0.090140648282,-0.0336980664051,True
6974,348,14,2.70260252878e-09,True,0.056156668677400004,True,-0.0643621792881,-0.09087075631069999,-0.03471408763330001,True
6975,348,15,3.28016657437e-05,True,0.0570354717359,True,-0.06326105486229999,-0.0915431085853,-0.03450763684930001,True
6976,348,16,0.00132895368808,True,0.056346658076400005,True,-0.0617560694745,-0.0894979932019,-0.0331513351255,True
6977,348,17,3.82084617161e-08,True,0.056197966595599995,True,-0.0658093436431,-0.0937072862425,-0.0375093196468,True
6978,348,18,1.09438945189e-08,True,0.0573783296643,True,-0.0667275752664,-0.0951399577263,-0.0377616280621,True
6979,348,19,0.00021929648535500001,True,0.0539393890648,True,-0.0658245763726,-0.09347520730910001,-0.039535818244199994,True
6980,349,0,21.8408587752,False,0.145399169858,False,-0.0339102786236,-0.107480715629,0.037918454229000004,False
6981,349,1,2.3661958019,False,0.104249782197,False,-0.0653958666395,-0.117789755297,-0.0135399730997,True
6982,349,2,0.706520906309,False,0.0861910280672,False,-0.06909105097160001,-0.11402679131799999,-0.027835763251,True
6983,349,3,1.66238969559,False,0.0777863790509,True,-0.0555344439056,-0.09599705306939998,-0.0182106740185,True
6984,349,4,1.54899218939,False,0.0727660430912,True,-0.051301604471000004,-0.086654500533,-0.013888457441899999,True
6985,349,5,16.5217287023,False,0.0688232959507,True,-0.0312358911436,-0.0648580523594,0.003965243591340001,False
6986,349,6,2.10609021186,False,0.0645139319757,True,-0.0446113113932,-0.07670137838310001,-0.0121874464074,True
6987,349,7,2.09732810063,False,0.0633657387484,True,-0.0442353247575,-0.0750247236743,-0.0116589849259,True
6988,349,8,7.20357966447,False,0.0648127900277,True,-0.0369807313435,-0.07094935984360001,-0.0061365698158799995,True
6989,349,9,3.3632805151099996,False,0.062037064809,True,-0.0398613180457,-0.070224320564,-0.00818725575502,True
6990,349,10,0.36306491969099997,False,0.0594287965651,True,-0.051113895739,-0.08103866385710001,-0.021609867292,True
6991,349,11,3.0196079743299995,False,0.0578521222603,True,-0.039654144824599995,-0.06919513539489999,-0.0113430131346,True
6992,349,12,3.1370043921499997,False,0.05804249897580001,True,-0.038914976965699996,-0.0678836166449,-0.00984111766904,True
6993,349,13,3.27328961254,False,0.0582527313923,True,-0.0380769429746,-0.0663613170472,-0.0081085856549,True
6994,349,14,9.322314691919999,False,0.060269223814,True,-0.0317463764075,-0.060458916817,-0.00018969300306,True
6995,349,15,6.50495218614,False,0.05835152073009999,True,-0.033368467677000004,-0.0627137360944,-0.004362215364310001,True
6996,349,16,3.95262886465,False,0.0552043471449,True,-0.036008605278599996,-0.0628840468491,-0.007679699704270001,True
6997,349,17,1.6355819737600001,False,0.0555378098635,True,-0.040473249047,-0.06885380565339999,-0.0133159957899,True
6998,349,18,0.480626205614,False,0.0567690120149,True,-0.046547570195899994,-0.0756027413302,-0.0188337293153,True
6999,349,19,0.173811932327,True,0.0557969331009,True,-0.049257120507,-0.0781325263548,-0.022335593253900003,True
7000,350,0,11.5244013579,False,0.143844914263,False,-0.0536817075252,-0.124597834919,0.0192470793438,False
7001,350,1,0.0017433476795400001,True,0.10055749647199999,False,-0.100678913554,-0.151616615658,-0.0510591191863,True
7002,350,2,1.93420268271e-08,True,0.0886878111566,False,-0.106726836055,-0.150742152809,-0.0620543416522,True
7003,350,3,8.53394529747e-06,True,0.08221246717019999,False,-0.089882531971,-0.131146917473,-0.0489344503031,True
7004,350,4,2.80797471454e-05,True,0.0753357464175,True,-0.08268082277449999,-0.12010972243899999,-0.0447739760219,True
7005,350,5,3.05520971799e-08,True,0.0698373461664,True,-0.084091749743,-0.11787122741900001,-0.0480338812524,True
7006,350,6,0.0851585361739,True,0.0656771916577,True,-0.0651190746366,-0.09703395896539999,-0.031356767307700005,True
7007,350,7,0.00480531422688,True,0.06514744469740001,True,-0.0724731506883,-0.10555343529200001,-0.0404059905944,True
7008,350,8,1.56883665295e-18,True,0.0632722504192,True,-0.0788434706945,-0.11102355589400001,-0.0477513054744,True
7009,350,9,4.301433943419999e-12,True,0.0607224461178,True,-0.0777491047027,-0.10708843087600001,-0.046365984757900006,True
7010,350,10,1.84533221613e-06,True,0.0630166067223,True,-0.07499694544760001,-0.104118495566,-0.0411018888439,True
7011,350,11,3.03019240163e-05,True,0.0594220329128,True,-0.0738058817463,-0.104062526987,-0.044640494074599996,True
7012,350,12,1.48225470772e-05,True,0.0579701309618,True,-0.0685837701805,-0.0982705452368,-0.040300414275,True
7013,350,13,2.19366697237e-06,True,0.0594171417788,True,-0.0733850050333,-0.102969695145,-0.043552553366700004,True
7014,350,14,4.827836839810001e-11,True,0.0561045556527,True,-0.071953940927,-0.09939098552619999,-0.0432864298735,True
7015,350,15,8.11595009511e-19,True,0.0582499237313,True,-0.0772928480591,-0.10683107080700001,-0.048581147076,True
7016,350,16,3.96028600847e-13,True,0.0558090602288,True,-0.0812964447238,-0.108387690946,-0.0525786307173,True
7017,350,17,5.15250443605e-28,True,0.056255452724199996,True,-0.08395071947660002,-0.111967586587,-0.055712133862399996,True
7018,350,18,1.28911175704e-39,True,0.0554830560387,True,-0.0864320569544,-0.11361059914100001,-0.0581275431021,True
7019,350,19,8.62772973176e-45,True,0.057118926032800006,True,-0.0890815051401,-0.119386528692,-0.06226760265930001,True
7020,351,0,9.947069391980001,False,0.142125554847,False,-0.056894307946499995,-0.129815334451,0.0123102203966,False
7021,351,1,28.036080160900003,False,0.104370048881,False,-0.028518378486799997,-0.0799426137072,0.0244274351736,False
7022,351,2,31.961035185900002,False,0.09032807143089998,False,-0.025173390019900002,-0.0703009919195,0.020027079511400002,False
7023,351,3,38.7381937654,False,0.07892637034160001,True,-0.019654976284900004,-0.058776512795400006,0.0201498575462,False
7024,351,4,35.855278096999996,False,0.0724904249803,True,-0.0218603059112,-0.0569032278558,0.0155871971245,False
7025,351,5,63.3117954616,False,0.0683489636657,True,-0.0068481422187,-0.0419124159812,0.0264365476845,False
7026,351,6,39.5590697472,False,0.0651659051377,True,-0.0182367264126,-0.0496614884635,0.015504416674200001,False
7027,351,7,16.2137186839,False,0.0643436831284,True,-0.029640702554200003,-0.0611058793966,0.0032378037317800003,False
7028,351,8,6.47037620717,False,0.0643794765086,True,-0.037503363345,-0.071666686179,-0.00728720967041,True
7029,351,9,8.11411119928,False,0.060267625302800006,True,-0.0346099258695,-0.062930153033,-0.0026625277301399997,True
7030,351,10,3.4891606310800003,False,0.061526343121,True,-0.0398546426315,-0.0707400382368,-0.009213695115799999,True
7031,351,11,2.36287047505,False,0.05921488064259999,True,-0.039502062389599996,-0.0698794563856,-0.0106645757429,True
7032,351,12,4.96825995327,False,0.05923980631580001,True,-0.035973654344199996,-0.06495729901380001,-0.0057174926979799996,True
7033,351,13,6.54892391592,False,0.059516152138599995,True,-0.034497973487599996,-0.0630753907861,-0.00355923864751,True
7034,351,14,5.56169437396,False,0.05790450813999999,True,-0.034853032701699996,-0.0638026022365,-0.0058980940965,True
7035,351,15,4.554319989680001,False,0.0590652401212,True,-0.0379991863504,-0.0675046023584,-0.00843936223716,True
7036,351,16,1.2780233506299998,False,0.05797158825299999,True,-0.044687875204,-0.0746181370373,-0.016646548784299997,True
7037,351,17,0.26003290005699997,True,0.0570400897017,True,-0.049925058835899996,-0.0782972348312,-0.0212571451295,True
7038,351,18,0.257501324045,True,0.0550167123826,True,-0.04717116998030001,-0.0754675164233,-0.020450804040700002,True
7039,351,19,0.47881623586800004,False,0.0547657508249,True,-0.0475951409583,-0.07502291207430001,-0.020257161249400003,True
7040,352,0,25.6739682116,False,0.144713485264,False,-0.0270503941145,-0.09679623298360002,0.04791725228,False
7041,352,1,22.331376469600002,False,0.106617963042,False,-0.033149516211200006,-0.08463016004889999,0.021987802993000002,False
7042,352,2,17.309603844,False,0.0861319637424,False,-0.0341960677067,-0.0740655454711,0.012066418271299999,False
7043,352,3,17.3779909855,False,0.0798287629708,True,-0.0319955062159,-0.07071915924769999,0.00910960372305,False
7044,352,4,8.118223268169999,False,0.0747918289433,True,-0.0393484250674,-0.07711343844360001,-0.00232160950037,True
7045,352,5,6.545957588019999,False,0.06974896947539999,True,-0.0398254616082,-0.07622787199900001,-0.00647890252362,True
7046,352,6,28.8742524621,False,0.0659584278211,True,-0.0233418839688,-0.056691196760800006,0.00926723106032,False
7047,352,7,24.5113720443,False,0.0641011191307,True,-0.025840442319099995,-0.057509906439999994,0.0065912126906600005,False
7048,352,8,36.6133851225,False,0.0623057708715,True,-0.019240350215900003,-0.0492475873334,0.013058183538200001,False
7049,352,9,37.657508500300004,False,0.0619275057806,True,-0.0199011771552,-0.0509486971825,0.0109788085981,False
7050,352,10,45.526939608,False,0.05971374251330001,True,-0.0175324137636,-0.0494572667085,0.010256475804799998,False
7051,352,11,29.7904725752,False,0.0591077444525,True,-0.0205967427772,-0.049822862185599996,0.0092848822669,False
7052,352,12,22.227487334,False,0.0562472966354,True,-0.0245854573631,-0.0529810202052,0.00326627643023,False
7053,352,13,19.6908875683,False,0.05698612841080001,True,-0.024776520441099997,-0.0553141636496,0.0016719647611400002,False
7054,352,14,23.745949173000003,False,0.0577463132742,True,-0.024283862676,-0.0520661223538,0.0056801909204200005,False
7055,352,15,12.6804589121,False,0.0582674132257,True,-0.0296772939796,-0.05977854462180001,-0.00151113139605,True
7056,352,16,5.7950348819,False,0.0549096397633,True,-0.033451370820299996,-0.0617147505087,-0.00680511074541,True
7057,352,17,2.19742973116,False,0.056260764141899997,True,-0.0386594572259,-0.065779719968,-0.00951895582608,True
7058,352,18,2.03253345,False,0.0552629729203,True,-0.0397069124171,-0.0672791978435,-0.012016224923100002,True
7059,352,19,1.01693755456,False,0.0540867033252,True,-0.0444309651562,-0.07078491395280001,-0.0166982106276,True
7060,353,0,5.712350542899999,False,0.142365224303,False,0.0703075651038,-0.00214151818963,0.140223706113,False
7061,353,1,41.661413063400005,False,0.107154814726,False,0.0120200842044,-0.0426867998807,0.0644680148454,False
7062,353,2,50.449697318999995,False,0.08679080742550001,False,-0.0004871753950480001,-0.043775638586400004,0.0430151688391,False
7063,353,3,49.1913657398,False,0.0783859605774,True,-0.012268958141999999,-0.053070550087,0.0253154104904,False
7064,353,4,21.689890191,False,0.07495594987819999,True,-0.029549762204400004,-0.06883184764530001,0.0061241022329600004,False
7065,353,5,12.3419522928,False,0.0701229354692,True,-0.033918367907500004,-0.06836767972260001,0.00175525574659,False
7066,353,6,2.61827060606,False,0.0691363097018,True,-0.045359576941800005,-0.0796792409643,-0.0105429312624,True
7067,353,7,2.18068989481,False,0.0654431283171,True,-0.04386157012709999,-0.0763413264262,-0.0108981981091,True
7068,353,8,0.622885002435,False,0.061819611538399995,True,-0.0485402254,-0.07946331468330001,-0.0176437031448,True
7069,353,9,3.1461878412099997,False,0.06377111120019999,True,-0.0419889453487,-0.0733907599613,-0.0096196487611,True
7070,353,10,1.46116266192,False,0.0617598741765,True,-0.04788994254790001,-0.0813314218345,-0.019571547658,True
7071,353,11,1.13104804469,False,0.059099930261300004,True,-0.0452272708586,-0.0735977629918,-0.0144978327305,True
7072,353,12,0.777324964589,False,0.059621098382699994,True,-0.0476717057582,-0.0784845983489,-0.0188634999662,True
7073,353,13,0.5611053449,False,0.057395908275600004,True,-0.048624926466100005,-0.0769500848404,-0.0195541765647,True
7074,353,14,2.09038568255,False,0.058422722285699995,True,-0.0398555440098,-0.0690896364931,-0.0106669142074,True
7075,353,15,2.7603425923500002,False,0.0575884067445,True,-0.0395842406877,-0.06693280920769999,-0.00934440246316,True
7076,353,16,1.54689500868,False,0.055953750442199995,True,-0.043343143935900004,-0.0709559318772,-0.015002181435,True
7077,353,17,0.7772197826549999,False,0.055708266826599996,True,-0.045864428696499995,-0.0735949503585,-0.0178866835319,True
7078,353,18,0.26526912736499997,True,0.0562430889681,True,-0.05109164470480001,-0.081286864318,-0.0250437753498,True
7079,353,19,0.0443464261419,True,0.0580631647033,True,-0.0538810874388,-0.0828935897465,-0.0248304250433,True
7080,354,0,2.8281686457,False,0.14179201148700002,False,-0.08509449162720001,-0.154741166558,-0.0129491550703,True
7081,354,1,2.78625071595,False,0.10466339596799999,False,-0.0658918041888,-0.117860683979,-0.0131972880108,True
7082,354,2,0.22279053043900002,True,0.09038511163039999,False,-0.08175894618210001,-0.124709821492,-0.0343247098621,True
7083,354,3,0.231991671378,True,0.0819700631562,False,-0.070776386917,-0.109224296961,-0.027254233804700004,True
7084,354,4,6.02161557358e-07,True,0.0744277015464,True,-0.0819754040792,-0.12019973507500001,-0.0457720335291,True
7085,354,5,0.303339750975,True,0.07239746467019999,True,-0.0675092065259,-0.10217714956,-0.0297796848896,True
7086,354,6,0.10355757937599999,True,0.0662414807613,True,-0.0658931195101,-0.0984504928843,-0.032209012123,True
7087,354,7,0.007051909703520001,True,0.0657268333564,True,-0.07295005626619999,-0.10731332652799999,-0.0415864931717,True
7088,354,8,4.6018210140099996e-18,True,0.061495801826,True,-0.0813641488192,-0.11118159662699999,-0.049685794801199994,True
7089,354,9,1.92336304716e-09,True,0.0617856618515,True,-0.070064076624,-0.0995861195259,-0.037800457674400004,True
7090,354,10,0.011851692973499998,True,0.0621199808587,True,-0.0653985524298,-0.09573087691610001,-0.0336108960574,True
7091,354,11,3.6406013569499996e-07,True,0.060315566126300006,True,-0.0711878978257,-0.10148283712200001,-0.0411672709956,True
7092,354,12,1.3931809158799998e-18,True,0.0574939391441,True,-0.07626931744519999,-0.106330360064,-0.0488364209203,True
7093,354,13,1.6767805422599997e-31,True,0.0588197962275,True,-0.0816563029242,-0.110814036098,-0.0519942398709,True
7094,354,14,1.8548096219500001e-41,True,0.058562478598499994,True,-0.08423334157069999,-0.113338721392,-0.0547762427936,True
7095,354,15,8.96641007244e-23,True,0.05767207798769999,True,-0.0854069698264,-0.11380730334799999,-0.056135225360400005,True
7096,354,16,1.9424380693e-26,True,0.06046217207619999,True,-0.0841026335174,-0.115157747872,-0.054695575795800006,True
7097,354,17,4.405938685589999e-34,True,0.0562842303587,True,-0.0817312751752,-0.11100986034600001,-0.0547256299876,True
7098,354,18,3.6073150000799997e-39,True,0.0548634243869,True,-0.0848829276128,-0.11308391581499999,-0.0582204914277,True
7099,354,19,0.0015102784028099999,True,0.054720702615,True,-0.07679438238210001,-0.106058960953,-0.0513382583377,True
7100,355,0,0.00207433220201,True,0.136659233805,False,-0.133102244634,-0.199515705961,-0.0628564721561,True
7101,355,1,0.725266598574,False,0.10397789216,False,-0.0756231808174,-0.12563609173499998,-0.021658199575299998,True
7102,355,2,0.028764838905000003,True,0.0868732089582,False,-0.07853876321,-0.121121369371,-0.0342481604128,True
7103,355,3,0.677053124566,False,0.07793397349289999,True,-0.0612570916175,-0.101216789539,-0.023282816045599997,True
7104,355,4,0.0745456861351,True,0.07589726045060001,True,-0.0673244116482,-0.104464483179,-0.0285672227287,True
7105,355,5,0.149978024359,True,0.0705390715179,True,-0.06784605843,-0.102113285115,-0.0315742135975,True
7106,355,6,0.34618396899899995,False,0.0670522463364,True,-0.0609217124393,-0.0930777319264,-0.026025485589999998,True
7107,355,7,0.0022619057972600005,True,0.0663455248118,True,-0.0689997911604,-0.102636345228,-0.0362908204166,True
7108,355,8,1.09205673982e-06,True,0.0639208057022,True,-0.066787743334,-0.0995403577837,-0.035619552081400004,True
7109,355,9,0.110837640175,True,0.061512851816,True,-0.0595860621875,-0.0930289900548,-0.0315161382388,True
7110,355,10,0.000459208297125,True,0.0607815873785,True,-0.0605552247447,-0.0925631631771,-0.0317815757986,True
7111,355,11,0.027512604335,True,0.0580792006503,True,-0.061918966842,-0.08949441848439998,-0.0314152178342,True
7112,355,12,0.023538837526700003,True,0.0595504937046,True,-0.0706422238993,-0.0998463475702,-0.0402958538656,True
7113,355,13,6.51413154092e-12,True,0.0586988852427,True,-0.07714989021110001,-0.106690632036,-0.04799174679280001,True
7114,355,14,3.7626331254099995e-12,True,0.05755757552130001,True,-0.0734280884215,-0.102551029528,-0.0449934540067,True
7115,355,15,7.498467796360001e-10,True,0.0575281068159,True,-0.07536663971839999,-0.103112280472,-0.04558417365590001,True
7116,355,16,1.73235778879e-23,True,0.0570749943475,True,-0.0733238116385,-0.100833497839,-0.043758503491199995,True
7117,355,17,2.18357469162e-28,True,0.0566978463583,True,-0.075528575145,-0.104449689636,-0.047751843277500004,True
7118,355,18,4.62649307581e-10,True,0.0543948249567,True,-0.077940641881,-0.106125252119,-0.0517304271621,True
7119,355,19,2.8374858475e-29,True,0.0540112947767,True,-0.0811811376964,-0.107417423744,-0.0534061289669,True
7120,356,0,3.39235652869,False,0.139754232856,False,-0.0783125994897,-0.147766631989,-0.00801239913311,True
7121,356,1,0.181081872089,True,0.10590569593,False,-0.0893965009508,-0.1404675058,-0.0345618098694,True
7122,356,2,0.452334112789,False,0.0894679845828,False,-0.071483862801,-0.117567151247,-0.0280991666638,True
7123,356,3,0.993386422836,False,0.08213393490660001,False,-0.06063179836680001,-0.103455942332,-0.021322007425099997,True
7124,356,4,1.8425759688699999,False,0.07381384468989999,True,-0.051517330253999995,-0.0906764086816,-0.0168625639917,True
7125,356,5,2.1168542334900002,False,0.0679391050088,True,-0.0473982544455,-0.0799124690659,-0.0119733640571,True
7126,356,6,14.9636650928,False,0.0669441484808,True,-0.0317519071382,-0.0660588892519,0.00088525922885,False
7127,356,7,6.01900706357,False,0.06669531187319999,True,-0.0382318867108,-0.0716822468875,-0.0049869350142799996,True
7128,356,8,2.8253672828,False,0.0638186230062,True,-0.042385319799300006,-0.0741437073752,-0.010325084368999999,True
7129,356,9,2.11843969336,False,0.06310497008600001,True,-0.044209891085599994,-0.0765527223164,-0.013447752230400001,True
7130,356,10,0.8669487147280001,False,0.0613068958582,True,-0.0517843522272,-0.0827127778932,-0.0214058820349,True
7131,356,11,0.311121953468,True,0.060000762118499994,True,-0.051819775184,-0.0830166884342,-0.023015926315700003,True
7132,356,12,0.301638258358,True,0.0592681709145,True,-0.05324301243969999,-0.081549523739,-0.022281352824499997,True
7133,356,13,0.00416830265117,True,0.057552446929900004,True,-0.051927652658099996,-0.0797312950563,-0.022178848126500002,True
7134,356,14,0.09468103072110001,True,0.056762634790900005,True,-0.0577964909825,-0.085951507247,-0.029188872456099996,True
7135,356,15,0.204615232577,True,0.056563449565699996,True,-0.0554107691145,-0.0866296627238,-0.0300662131581,True
7136,356,16,1.95161186248e-05,True,0.056446687239999994,True,-0.058095526435,-0.0847847742273,-0.028338086987299997,True
7137,356,17,0.0740805227675,True,0.058038557807099996,True,-0.0587225902039,-0.08848887202649999,-0.030450314219400004,True
7138,356,18,1.0939049544800001e-09,True,0.0579106920648,True,-0.0634077553302,-0.09249676576410001,-0.0345860736993,True
7139,356,19,3.30340912865e-08,True,0.05757913909469999,True,-0.0642347589092,-0.0915972064997,-0.0340180674049,True
7140,357,0,9.42483769624,False,0.137973661151,False,0.061483232568499996,-0.008729511120980001,0.12924415002999998,False
7141,357,1,31.0389139465,False,0.102221081681,False,0.023909454205200003,-0.0282838032205,0.0739372784606,False
7142,357,2,53.4466842295,False,0.087077206372,False,0.00550868300139,-0.034764320371599995,0.0523128860004,False
7143,357,3,50.2627779371,False,0.07788378488610001,True,-0.012108910112,-0.0504906169374,0.0273931679487,False
7144,357,4,59.4201351928,False,0.0726527169465,True,-0.00920018016679,-0.04539662208740001,0.027256094859099998,False
7145,357,5,53.6359616937,False,0.0708778051528,True,-0.013414627024999999,-0.0472802277128,0.02359757744,False
7146,357,6,19.473502317999998,False,0.0670619686254,True,-0.026643796858599997,-0.0575772269362,0.009484741689120002,False
7147,357,7,11.500176460999999,False,0.0649254412771,True,-0.0335792642985,-0.0654028517868,-0.000477410509676,True
7148,357,8,22.713962496300002,False,0.0630251511651,True,-0.025942639474,-0.0560078289893,0.007017322175779999,False
7149,357,9,1.98434973877,False,0.0615509722435,True,-0.0433585845037,-0.07427898801289999,-0.0127280157694,True
7150,357,10,0.79255675252,False,0.05914014174269999,True,-0.045847784826800006,-0.075426233868,-0.0162860921254,True
7151,357,11,0.584479154609,False,0.05992924959419999,True,-0.047507847560000004,-0.0775393810885,-0.0176101314943,True
7152,357,12,0.11968782448899999,True,0.0587693195979,True,-0.056130038876599994,-0.085105790696,-0.026336471098099997,True
7153,357,13,0.30647192399,True,0.0583532037916,True,-0.050954502742599994,-0.08107933723889998,-0.0227261334473,True
7154,357,14,0.46238033638099996,False,0.059772373294900004,True,-0.050765549605900004,-0.0801227658649,-0.02035039257,True
7155,357,15,0.00387132960331,True,0.05553706198530001,True,-0.054445319458099994,-0.0824332644883,-0.0268962025031,True
7156,357,16,0.12471832449100001,True,0.0552836725942,True,-0.057223876491400004,-0.08480589322999998,-0.029522220635900005,True
7157,357,17,0.0008218260463710001,True,0.0569050837028,True,-0.0574401645053,-0.0862224211568,-0.029317337454,True
7158,357,18,0.0213061846496,True,0.0555526327602,True,-0.057242858398599994,-0.0847025756504,-0.0291499428902,True
7159,357,19,0.0362555948482,True,0.0561359554765,True,-0.059460041058,-0.0893702373948,-0.0332342819184,True
7160,358,0,31.647167786999997,False,0.145889056914,False,-0.009501300571280001,-0.0834208742143,0.0624681827001,False
7161,358,1,14.1228066935,False,0.10245966228900001,False,-0.041613505529,-0.0952055083344,0.00725415395509,False
7162,358,2,17.2877477693,False,0.0891450185369,False,-0.0350304246005,-0.07992265409860001,0.009222364438299999,False
7163,358,3,15.578234836400002,False,0.08103056546739999,False,-0.0346832381283,-0.07709741117880001,0.0039331542886,False
7164,358,4,16.7652309719,False,0.0718445544157,True,-0.0319771009482,-0.06870097439709999,0.0031435800186,False
7165,358,5,9.7367276129,False,0.0690143939404,True,-0.0344220759853,-0.07176765582110001,-0.00275326188076,True
7166,358,6,16.5865905035,False,0.068365844909,True,-0.031563237848,-0.06434361384619999,0.0040222310627200004,False
7167,358,7,3.8714683712999998,False,0.0645855998425,True,-0.0404552175967,-0.0707807159514,-0.00619511610896,True
7168,358,8,0.580931278348,False,0.0634029757862,True,-0.0549889574616,-0.0877000847007,-0.0242971089145,True
7169,358,9,0.596752547654,False,0.061263410042000005,True,-0.05055230902840001,-0.0814250065794,-0.020161596537400003,True
7170,358,10,0.230570419179,True,0.0601416047097,True,-0.05233954556480001,-0.0841746223408,-0.024033017631099995,True
7171,358,11,0.349568355302,False,0.0596035898568,True,-0.0536350179526,-0.08246964864089999,-0.0228660587841,True
7172,358,12,0.133528931632,True,0.057754925552400006,True,-0.05446640163099999,-0.08519246816019999,-0.0274375426078,True
7173,358,13,0.000271622493166,True,0.0575707179141,True,-0.0552863518009,-0.0831976382131,-0.025626920299,True
7174,358,14,0.549260363864,False,0.0572568772389,True,-0.056584340449500004,-0.08697871566410001,-0.029721838425099997,True
7175,358,15,0.187583795993,True,0.0566852871029,True,-0.054383754035599995,-0.0836629596622,-0.0269776725593,True
7176,358,16,0.0573778912555,True,0.0583406562496,True,-0.0602170110192,-0.0897936920029,-0.031453035753299996,True
7177,358,17,0.0164534154268,True,0.0587815791311,True,-0.055149601139699994,-0.0842810861263,-0.025499506995200004,True
7178,358,18,0.000597839864612,True,0.0570133237735,True,-0.067139573139,-0.09776181270239999,-0.0407484889288,True
7179,358,19,5.52783812775e-11,True,0.05747016825469999,True,-0.0663092333991,-0.09629260427559999,-0.0388224360209,True
7180,359,0,0.8385692997159999,False,0.141819926013,False,-0.101188812511,-0.167566978542,-0.0257470525292,True
7181,359,1,0.0109540037333,True,0.105128550028,False,-0.104098821318,-0.156869011379,-0.0517404613504,True
7182,359,2,5.09827203261,False,0.0878921804289,False,-0.049950598407199995,-0.0952215231553,-0.00732934272641,True
7183,359,3,6.85999355865,False,0.0790008959632,True,-0.043407605174900006,-0.0833083160423,-0.00430742007905,True
7184,359,4,21.6058999205,False,0.0731590295851,True,-0.030133027924099998,-0.0669629182455,0.006196111339680001,False
7185,359,5,11.634460707899999,False,0.0681219518172,True,-0.0339735732089,-0.06751103189640001,0.000610919920771,False
7186,359,6,7.67658216843,False,0.0658199904363,True,-0.0357567669704,-0.0691426258935,-0.00332263545714,True
7187,359,7,3.85884638116,False,0.0646933379796,True,-0.04253717939119999,-0.0740274163799,-0.00933407840029,True
7188,359,8,6.78744719026,False,0.06536006376419999,True,-0.036329009031199996,-0.0703875357114,-0.005027471947130001,True
7189,359,9,2.34664555262,False,0.0609676642784,True,-0.0433387243579,-0.0744214054804,-0.013453741202,True
7190,359,10,0.292961147533,True,0.0597918845978,True,-0.0519345288841,-0.08239175665139999,-0.0225998720536,True
7191,359,11,0.691120891715,False,0.059598452162499996,True,-0.0517400952439,-0.0826233845078,-0.0230249323454,True
7192,359,12,0.17169511643,True,0.058648679699400005,True,-0.054442031830500004,-0.083574867495,-0.024926187795599998,True
7193,359,13,0.168656579754,True,0.058101454347900004,True,-0.0532751542999,-0.0826812257152,-0.0245797713673,True
7194,359,14,0.0215654891976,True,0.058886187771899995,True,-0.053457123213900004,-0.0831907097331,-0.0243045219612,True
7195,359,15,0.0014774787489800002,True,0.057037108087499996,True,-0.0603122225562,-0.0884874884077,-0.031450380320200005,True
7196,359,16,6.07861773735e-09,True,0.0584982985884,True,-0.06846280653350001,-0.0965365936726,-0.0380382950842,True
7197,359,17,1.4090836918600001e-09,True,0.0582971104661,True,-0.0720804047439,-0.102087264493,-0.043790154027000004,True
7198,359,18,1.52159764023e-17,True,0.0571139127958,True,-0.07515669667239999,-0.103815966072,-0.046702053276500004,True
7199,359,19,2.81231857629e-20,True,0.0535562517467,True,-0.0723365165986,-0.0993066501502,-0.045750398403400006,True
7200,360,0,0.040516155000699994,True,0.14852804621500001,False,-0.139395796591,-0.21365409154800002,-0.0651260453328,True
7201,360,1,0.289369778297,True,0.100162985151,False,-0.0863293956908,-0.136584343938,-0.0364213587865,True
7202,360,2,0.601756145274,False,0.08768990764460001,False,-0.0664485481628,-0.11003411158399999,-0.022344203939,True
7203,360,3,0.151258156425,True,0.080677857701,False,-0.0715194778908,-0.110417486656,-0.0297396289545,True
7204,360,4,1.25345556646e-06,True,0.07448656428839999,True,-0.08100029123239999,-0.119551103853,-0.045064539564899996,True
7205,360,5,0.00898881854072,True,0.0720146729419,True,-0.07114750318219999,-0.10947650737199999,-0.0374618344297,True
7206,360,6,0.149779241905,True,0.0667544406343,True,-0.06392412750969999,-0.09791640544019999,-0.031161964805900003,True
7207,360,7,8.21841839453e-06,True,0.0628940645302,True,-0.0659239702701,-0.09828342016450001,-0.0353893556343,True
7208,360,8,8.9799202206e-07,True,0.0637953447453,True,-0.0724527649084,-0.104785947096,-0.0409906023511,True
7209,360,9,1.4940124140199998e-11,True,0.060296037395,True,-0.07402896431030001,-0.102340864067,-0.042044826671699995,True
7210,360,10,5.72125938346e-17,True,0.0612231357323,True,-0.0788173174152,-0.108444209208,-0.047221073475800006,True
7211,360,11,8.85981101987e-10,True,0.0615018631697,True,-0.0701667563009,-0.101400609289,-0.0398987461198,True
7212,360,12,7.76966017664e-08,True,0.0586363960612,True,-0.0734622150306,-0.10211117421,-0.0434747781483,True
7213,360,13,2.9047059778499996e-30,True,0.0573232342682,True,-0.0747749760614,-0.104841089087,-0.0475178548186,True
7214,360,14,0.000344346318554,True,0.0573484803846,True,-0.0719152326209,-0.100734033123,-0.043385552738199995,True
7215,360,15,1.4824713732899998e-24,True,0.057122346496900005,True,-0.07697787824880001,-0.104639018433,-0.0475166719362,True
7216,360,16,1.31305340529e-30,True,0.056895360060999996,True,-0.081231739718,-0.109687521096,-0.0527921610355,True
7217,360,17,1.11920506952e-07,True,0.0583548058906,True,-0.077813343597,-0.10527722544299999,-0.0469224195522,True
7218,360,18,3.82906216322e-45,True,0.0569759188348,True,-0.0838088001907,-0.111415689311,-0.054439770476199995,True
7219,360,19,2.9554583823099997e-22,True,0.055270500065099995,True,-0.0800922772006,-0.108332073867,-0.0530615738021,True
7220,361,0,33.8252305243,False,0.141655158038,False,-0.006393041613499999,-0.0776607472323,0.0639944108054,False
7221,361,1,28.458526513699997,False,0.101898050351,False,-0.026495721093200003,-0.0769709780275,0.0249270723239,False
7222,361,2,27.546122219,False,0.0884604092884,False,-0.024716802117300003,-0.0692398987217,0.0192205105667,False
7223,361,3,21.3422963326,False,0.0811403064521,False,-0.030005281263799997,-0.0707207292735,0.0104195771786,False
7224,361,4,8.682889661579999,False,0.0754636951991,True,-0.03908479806680001,-0.0767117072107,-0.00124801201163,True
7225,361,5,1.68966563342,False,0.07230749485770001,True,-0.04924981487459999,-0.084161304861,-0.0118538100033,True
7226,361,6,1.65986159099,False,0.0692354387012,True,-0.04990654235309999,-0.08531872762869999,-0.016083288927599998,True
7227,361,7,0.18080132159499998,True,0.0652948374075,True,-0.056665724268,-0.09006871853430001,-0.0247738811268,True
7228,361,8,0.56064307132,False,0.0643883375161,True,-0.0560851183796,-0.0890013883498,-0.0246130508338,True
7229,361,9,0.10102462628100001,True,0.060640982437300005,True,-0.0530650192581,-0.0825620682834,-0.0219210858461,True
7230,361,10,0.332157073634,True,0.060950877507800004,True,-0.05503018996180001,-0.0864350311409,-0.0254841536331,True
7231,361,11,0.203379055509,True,0.0601453564744,True,-0.052725757597,-0.082961845221,-0.022816488746599996,True
7232,361,12,1.39223693046,False,0.0616993672481,True,-0.0462597690778,-0.0776936989808,-0.015994331732700002,True
7233,361,13,0.323556727064,True,0.0575792672446,True,-0.0463107388066,-0.0758881236025,-0.018308856357900003,True
7234,361,14,1.38102572216,False,0.0582908818984,True,-0.045932886098199996,-0.07424895497589999,-0.0159580730775,True
7235,361,15,0.0625669295929,True,0.0581416866897,True,-0.0527930969895,-0.0813281375456,-0.0231864508559,True
7236,361,16,0.00295607736609,True,0.0562587720953,True,-0.0567631040469,-0.0835278070594,-0.027269034964099995,True
7237,361,17,0.00399336531696,True,0.0558513410664,True,-0.057810431501,-0.0858514998498,-0.030000158783400004,True
7238,361,18,5.03910464021e-07,True,0.0559276849808,True,-0.0642924850924,-0.09368689047969998,-0.037759205499,True
7239,361,19,1.3244311981600001e-06,True,0.0575871820702,True,-0.0604770365814,-0.08884106264210001,-0.0312538805719,True
7240,362,0,7.07978332416,False,0.14051362841099999,False,-0.0665511075558,-0.134043320111,0.00647030830064,False
7241,362,1,2.2532875792,False,0.10421605080700001,False,-0.06556154338089999,-0.11694492113,-0.0127288703226,True
7242,362,2,0.8306063523720001,False,0.0869696288522,False,-0.068589006718,-0.112901994022,-0.0259323651694,True
7243,362,3,1.13380883631,False,0.07920221145430001,True,-0.0603869261974,-0.09924848313330001,-0.020046271679,True
7244,362,4,1.3132839540299999,False,0.0741245514377,True,-0.0554846998388,-0.0900656551886,-0.0159411037509,True
7245,362,5,0.612271366188,False,0.0676101132424,True,-0.054251549618300005,-0.08861047422489998,-0.021000360982499997,True
7246,362,6,0.0680618697059,True,0.0665179798166,True,-0.0608262142188,-0.0925089709295,-0.0259909911128,True
7247,362,7,5.27865511059e-07,True,0.0652938175539,True,-0.071788901909,-0.1042286276,-0.038934810046,True
7248,362,8,0.108089909794,True,0.061324840354199994,True,-0.07054962214980001,-0.100543404758,-0.039218564403499995,True
7249,362,9,0.000136583210035,True,0.0624668875607,True,-0.06563259287,-0.0980019304105,-0.035535042849800004,True
7250,362,10,9.97440384707e-10,True,0.061962632349800005,True,-0.0668510518504,-0.09701276635,-0.035050134000199996,True
7251,362,11,8.36167229107e-05,True,0.0603768399063,True,-0.063782606398,-0.09317119104760001,-0.0327943511412,True
7252,362,12,8.39052913207e-05,True,0.05910206655619999,True,-0.0642916117118,-0.0919950249157,-0.0328929583595,True
7253,362,13,0.0023266751868000002,True,0.058502150889599994,True,-0.0617593823203,-0.0909937848875,-0.032491633997900005,True
7254,362,14,0.0718438559346,True,0.0590857546244,True,-0.0611413270515,-0.09177044874939999,-0.032684694125000004,True
7255,362,15,0.000326826317698,True,0.0578150707211,True,-0.0662262521248,-0.0938934297328,-0.0360783590118,True
7256,362,16,3.84790495317e-06,True,0.0552451154954,True,-0.0624375350818,-0.0910707277367,-0.035825612241400004,True
7257,362,17,0.0073849585867,True,0.0563150475684,True,-0.0570108237681,-0.08443995853399999,-0.0281249109656,True
7258,362,18,0.0529741169038,True,0.055932740332000006,True,-0.058550836978599995,-0.08730943388660001,-0.031376693554599995,True
7259,362,19,0.0008807334029610002,True,0.055077574078400006,True,-0.060242382158000006,-0.0860555665429,-0.0309779924645,True
7260,363,0,34.4509137744,False,0.14436155603599998,False,0.00787655234356,-0.0645383695973,0.0798231864382,False
7261,363,1,44.023958780600005,False,0.10623663372000001,False,0.0036175988773899997,-0.053061940007800006,0.053174693712300006,False
7262,363,2,44.4153686286,False,0.08941140708289999,False,-0.014016071981200001,-0.0613004254564,0.028110981626499998,False
7263,363,3,42.3757565114,False,0.07778450851339999,True,-0.0182354200598,-0.055781003192999994,0.0220035053204,False
7264,363,4,7.027736539019999,False,0.07480619924710001,True,-0.041319783659699995,-0.07874849033869999,-0.00394229109162,True
7265,363,5,0.39680012045400004,False,0.07163126687210002,True,-0.057066205642,-0.0925362713751,-0.020905004503,True
7266,363,6,0.424085839613,False,0.06700673412949999,True,-0.0549264290491,-0.08998666572000001,-0.022979931590499998,True
7267,363,7,0.282620453926,True,0.0647742396281,True,-0.053410375674800004,-0.0837783382545,-0.019004098626400002,True
7268,363,8,0.10688398761,True,0.0627933692593,True,-0.0592482649514,-0.09182840481650001,-0.029035035557200002,True
7269,363,9,0.0637800179087,True,0.062275679324,True,-0.0554160875775,-0.085582204241,-0.023306524917000002,True
7270,363,10,0.0178446391179,True,0.062273831872500005,True,-0.0553408410839,-0.08660507661110001,-0.0243312447387,True
7271,363,11,0.6148613689329999,False,0.0591919159026,True,-0.04879244208380001,-0.07967614562469999,-0.020484229722099997,True
7272,363,12,3.9515172192300003,False,0.0599855481283,True,-0.0386692906561,-0.0671985633757,-0.00721301524731,True
7273,363,13,1.05836584954,False,0.0594095286971,True,-0.044003859953,-0.0733804755721,-0.0139709468749,True
7274,363,14,2.33582139077,False,0.056326844419599995,True,-0.0402164622413,-0.0691167039152,-0.012789859495600001,True
7275,363,15,2.5906618711,False,0.057280256248900006,True,-0.039248590055999996,-0.0685443246221,-0.0112640683733,True
7276,363,16,2.3147694153900003,False,0.0561498423261,True,-0.038998217551000004,-0.0668893335042,-0.0107394911781,True
7277,363,17,0.943378425799,False,0.058020416936099994,True,-0.04621320335799999,-0.0736059075494,-0.0155854906133,True
7278,363,18,0.120996964039,True,0.05770697261530001,True,-0.0516911767602,-0.07919374079960001,-0.0214867681843,True
7279,363,19,0.161715123289,True,0.056638755076599996,True,-0.050339549277599996,-0.07827439000479999,-0.021635634928200004,True
7280,364,0,11.7842371569,False,0.146975993366,False,-0.05383187772000001,-0.12610505919099999,0.020870934175099998,False
7281,364,1,38.9384690223,False,0.107178710789,False,-0.0143886400107,-0.0663056144282,0.0408730963604,False
7282,364,2,52.9433263483,False,0.08990939015300001,False,-0.00423629199936,-0.05017066830019999,0.0397387218529,False
7283,364,3,59.5730218437,False,0.0823970750121,False,-0.00048932709601,-0.042722076833499996,0.0396749981786,False
7284,364,4,42.0643703283,False,0.0714370695011,True,-0.0180826486171,-0.0538306387299,0.0176064307712,False
7285,364,5,29.055358793699998,False,0.0697812715826,True,-0.023921778630499997,-0.05787193240130001,0.011909339181200001,False
7286,364,6,7.218067196769999,False,0.0663098252105,True,-0.0372978229484,-0.0700211819192,-0.00371135670865,True
7287,364,7,1.5401834562099999,False,0.062070026926,True,-0.045288063513400006,-0.0763789241977,-0.0143088972717,True
7288,364,8,6.31016990448,False,0.0615300452955,True,-0.036117217462300004,-0.066783022873,-0.00525297757751,True
7289,364,9,14.315438466300002,False,0.059863135280800006,True,-0.029346876357299996,-0.0587309915264,0.00113214375436,False
7290,364,10,14.1834641605,False,0.0605417671629,True,-0.028514830775700002,-0.0605770479607,-3.52807978051e-05,True
7291,364,11,16.0624077182,False,0.058411240084,True,-0.028572304297599996,-0.056589930345,0.00182130973904,False
7292,364,12,19.842104819,False,0.059767715673500005,True,-0.026275272011000002,-0.054745725614099995,0.0050219900594300005,False
7293,364,13,6.96495013153,False,0.0569815314339,True,-0.032943726968299995,-0.061633680139199995,-0.00465214870534,True
7294,364,14,5.127142607180001,False,0.059095928143699995,True,-0.036294573815599994,-0.0665180460001,-0.00742211785636,True
7295,364,15,2.97308022418,False,0.0566048334476,True,-0.0385047074978,-0.0663678293316,-0.00976299588397,True
7296,364,16,2.45315835763,False,0.0563048238418,True,-0.0393912782417,-0.0671161741176,-0.0108113502759,True
7297,364,17,2.0479605091,False,0.0582136350433,True,-0.0418202712986,-0.0711522764317,-0.012938641388399999,True
7298,364,18,1.21865523521,False,0.05647504078369999,True,-0.0432276943757,-0.07070696598949999,-0.014231925205899998,True
7299,364,19,0.44649241701399994,False,0.0541969423663,True,-0.044897107156300006,-0.07149558517610001,-0.0172986428098,True
7300,365,0,23.7958082354,False,0.14568301453500002,False,-0.028657628063599998,-0.0998764938954,0.0458065206391,False
7301,365,1,15.4813457954,False,0.103027687043,False,-0.039903308347999995,-0.0915546246074,0.011473062435600001,False
7302,365,2,30.587462832399996,False,0.08835953421489999,False,-0.024993175942,-0.06907198774289999,0.019287546472,False
7303,365,3,24.696664779200002,False,0.0798020921262,True,-0.028345644321499996,-0.0691712856876,0.0106308064386,False
7304,365,4,53.958733798500006,False,0.0708132022274,True,-0.012545836882899999,-0.047546194370300006,0.0232670078571,False
7305,365,5,68.8582175243,False,0.072284810802,True,-0.004438947602819999,-0.0407721227876,0.0315126880144,False
7306,365,6,32.8433443239,False,0.0663739323537,True,-0.020886537700799998,-0.0533709602369,0.0130029721168,False
7307,365,7,21.524356346599998,False,0.06628923561359999,True,-0.0273845230405,-0.0604477028427,0.005841532770939999,False
7308,365,8,19.2501387779,False,0.0641998684203,True,-0.0273983588693,-0.059283813716299996,0.0049160547038999995,False
7309,365,9,24.7968567919,False,0.059623827918800006,True,-0.0232453002385,-0.0523522759215,0.00727155199732,False
7310,365,10,21.703322723099998,False,0.058993629495,True,-0.025897273688500002,-0.055295176660699996,0.00369845283425,False
7311,365,11,12.2090658749,False,0.058164426272200004,True,-0.029793825775900003,-0.059058882972599994,-0.000894456700377,True
7312,365,12,15.9731383898,False,0.0597788714661,True,-0.0271471999029,-0.05636172326759999,0.0034171481985500003,False
7313,365,13,17.623664878299998,False,0.05854563830469999,True,-0.026840338490900003,-0.0564088232833,0.00213681502142,False
7314,365,14,1.9936036439700002,False,0.058538316684300006,True,-0.03982312856780001,-0.0687501475212,-0.0102118308369,True
7315,365,15,0.184286812025,True,0.0579262543619,True,-0.050367906554199995,-0.0775187856276,-0.0195925312657,True
7316,365,16,0.0417539039075,True,0.0559026737045,True,-0.0489573619245,-0.07508193602810001,-0.019179262323599996,True
7317,365,17,0.5266940182509999,False,0.057632914406699993,True,-0.049587021833,-0.0776891227073,-0.0200562083005,True
7318,365,18,0.30863936366,True,0.055876918958,True,-0.048536747488099996,-0.07619286740669999,-0.0203159484487,True
7319,365,19,0.8306123981199999,False,0.0551166818891,True,-0.04534394394809999,-0.0707246374564,-0.0156079555672,True
7320,366,0,29.2349717547,False,0.145560920516,False,-0.0175937368522,-0.0896830924325,0.055877828083499996,False
7321,366,1,41.7493933579,False,0.107033350674,False,-0.0135661349274,-0.0695180274549,0.037515323219,False
7322,366,2,41.1512370719,False,0.0865771260428,False,-0.0153422184556,-0.0575844342207,0.028992691822099997,False
7323,366,3,12.4346784622,False,0.07790212411839999,True,-0.0377441681096,-0.077121430362,0.000780693756445,False
7324,366,4,11.255611873,False,0.076742129533,True,-0.039225572487599995,-0.0756453510195,0.0010967785135,False
7325,366,5,14.502537896,False,0.0683208666257,True,-0.0323954552778,-0.06559299685190001,0.00272786977379,False
7326,366,6,13.2154984427,False,0.0669975567479,True,-0.0328930018463,-0.06563022764109999,0.0013673291067799998,False
7327,366,7,16.6187949647,False,0.06313711687580001,True,-0.028611614818199998,-0.0599818366842,0.00315528019158,False
7328,366,8,7.274009049239999,False,0.06453451135300001,True,-0.0366262025085,-0.0709457378216,-0.006411226468600001,True
7329,366,9,1.7921407146900001,False,0.0598217878404,True,-0.0442802209501,-0.0731244269664,-0.013302639125999998,True
7330,366,10,3.3946719322900005,False,0.061130029942100005,True,-0.039073437025099994,-0.07022289856589999,-0.0090928686238,True
7331,366,11,4.229080160580001,False,0.0616031784577,True,-0.038824691095300005,-0.0705588621236,-0.00895568366595,True
7332,366,12,2.66735518854,False,0.0591195055211,True,-0.0404836039686,-0.06945766739539999,-0.010338161874299999,True
7333,366,13,0.914799399847,False,0.058038135567899996,True,-0.0448018642193,-0.0737023499108,-0.0156642143429,True
7334,366,14,1.2783730188200002,False,0.057428908598,True,-0.0401941384337,-0.06885174752230001,-0.0114228389243,True
7335,366,15,3.09590010449,False,0.0572628611673,True,-0.0392168322225,-0.06768357010319999,-0.0104207089359,True
7336,366,16,0.618184852741,False,0.054343353947,True,-0.043245139029099995,-0.0709133961762,-0.0165700422292,True
7337,366,17,0.639148741916,False,0.0569927646688,True,-0.0449981918346,-0.0735980547425,-0.0166052900737,True
7338,366,18,0.104711050281,True,0.05487814684859999,True,-0.0511595677856,-0.0784248009574,-0.023546654108799997,True
7339,366,19,0.201807879262,True,0.0568126755906,True,-0.053741657416599996,-0.08079628313199999,-0.023983607541400002,True
7340,367,0,34.488244672600004,False,0.138434879193,False,-0.0033954291646599998,-0.0709178356784,0.0675170435145,False
7341,367,1,22.0224141474,False,0.100172661883,False,-0.032951057091200005,-0.08489681359310002,0.015275848290000001,False
7342,367,2,9.62520754036,False,0.08951302347130001,False,-0.043935273402899995,-0.0849683628309,0.00454466064035,False
7343,367,3,1.33519650781,False,0.07885421319080001,True,-0.055479040897500005,-0.0959905896247,-0.017136376433899998,True
7344,367,4,0.9244634464920001,False,0.0757033327032,True,-0.0556498979945,-0.09475317665010001,-0.019049843946900003,True
7345,367,5,0.214330145629,True,0.07022788128480001,True,-0.060976904228099996,-0.0974320673178,-0.027204186033099997,True
7346,367,6,0.000229627573277,True,0.0656261326523,True,-0.0678551801902,-0.100159294003,-0.034533161350300004,True
7347,367,7,0.0033677570061,True,0.06454199322569999,True,-0.0688675451542,-0.10189833023,-0.0373563370039,True
7348,367,8,1.72405206435e-05,True,0.0629442076288,True,-0.067838542719,-0.0972313219482,-0.0342871143194,True
7349,367,9,0.000142526036948,True,0.06200096655230001,True,-0.066004078335,-0.09772414546739999,-0.0357231789151,True
7350,367,10,3.7239340505400005e-08,True,0.0578154487254,True,-0.0709229551281,-0.0996424949079,-0.0418270461825,True
7351,367,11,0.0971818889112,True,0.0601556890769,True,-0.06684836272580001,-0.09635538591210001,-0.036199696835199996,True
7352,367,12,3.5541926985e-05,True,0.059383728081900004,True,-0.0667570469701,-0.09708888024790001,-0.0377051521661,True
7353,367,13,0.00236027063151,True,0.057706772386099996,True,-0.0664289462509,-0.096283244967,-0.0385764725809,True
7354,367,14,0.0027329677303799997,True,0.0578919408279,True,-0.062746901479,-0.09201495456280001,-0.0341230137349,True
7355,367,15,0.0146025918916,True,0.0571583178498,True,-0.060027864479099996,-0.0889595341161,-0.031801216266299996,True
7356,367,16,0.0261190735446,True,0.0577190385394,True,-0.0603972426408,-0.08887884975339999,-0.031159811214,True
7357,367,17,0.00038673555459199996,True,0.057747683760199994,True,-0.06169365375659999,-0.0909298601235,-0.0331821763633,True
7358,367,18,3.31025659422e-11,True,0.0554166627706,True,-0.06696912739130001,-0.09633012827310002,-0.040913465502499996,True
7359,367,19,1.1615139295999997e-13,True,0.056772505861900004,True,-0.0740663654798,-0.10142659220200001,-0.0446540863397,True
7360,368,0,15.8812204904,False,0.13885838118899999,False,-0.046086955251400004,-0.117633193794,0.0212251873948,False
7361,368,1,5.860944625319999,False,0.10165621763699999,False,-0.055198446385900005,-0.106410393923,-0.00475417628518,True
7362,368,2,25.2042462788,False,0.08688797010369999,False,-0.028980196110400005,-0.0715590398861,0.015328930217600002,False
7363,368,3,2.36847110394,False,0.0790425101503,True,-0.0522924336674,-0.0927529784419,-0.0137104682916,True
7364,368,4,6.83882134301,False,0.0736107232318,True,-0.04199742646599999,-0.08002257571110001,-0.00641185247936,True
7365,368,5,0.5178244566879999,False,0.0726738043173,True,-0.0574530987787,-0.0952018137724,-0.022528009454999998,True
7366,368,6,0.39229921975000004,False,0.0645248118727,True,-0.0601613077255,-0.092257514328,-0.0277327024553,True
7367,368,7,0.308166493669,True,0.0662657127011,True,-0.0549428906971,-0.08699298705530001,-0.0207272743542,True
7368,368,8,9.11358395752e-05,True,0.0601280782866,True,-0.0587297281636,-0.0906020107232,-0.0304739324365,True
7369,368,9,0.0671926888243,True,0.0632625712909,True,-0.057652491831400005,-0.08925662369210001,-0.0259940524012,True
7370,368,10,0.0023316575938600002,True,0.0590380072994,True,-0.056808801442,-0.08534614515349999,-0.0263081378541,True
7371,368,11,0.00183082731482,True,0.059933596519599994,True,-0.061896795695099996,-0.09352017952849999,-0.0335865830089,True
7372,368,12,5.87577643431e-07,True,0.0605406815972,True,-0.07141032757960002,-0.100502436132,-0.0399617545349,True
7373,368,13,3.2209764307099997e-12,True,0.0594486117411,True,-0.0681882393545,-0.0974347974199,-0.03798618567880001,True
7374,368,14,4.20909345614e-06,True,0.0573498040128,True,-0.0603221725505,-0.0897490479421,-0.0323992439293,True
7375,368,15,7.738493898089999e-10,True,0.0574433963889,True,-0.0669843429196,-0.0969799476839,-0.039536551295,True
7376,368,16,6.70576720851e-11,True,0.0564978090288,True,-0.0670889028492,-0.0957120850894,-0.0392142760606,True
7377,368,17,4.4445654884400006e-08,True,0.057128640856,True,-0.0664528616078,-0.09514482743689999,-0.0380161865809,True
7378,368,18,4.15678909791e-11,True,0.05615643070069999,True,-0.07253732863939999,-0.10104171263,-0.04488528192969999,True
7379,368,19,4.35557082981e-11,True,0.05583418302069999,True,-0.0662586705322,-0.0962306787717,-0.0403964957509,True
7380,369,0,32.4840418354,False,0.13857969146500002,False,0.0131761705063,-0.0571055869387,0.0814741045259,False
7381,369,1,42.9051568992,False,0.106107224178,False,0.00870444548476,-0.0473213972726,0.0587858269053,False
7382,369,2,29.280751375500003,False,0.08429462704730001,False,-0.0265130605693,-0.0693710728605,0.0149235541868,False
7383,369,3,5.97014012132,False,0.0796912252652,True,-0.0445253210399,-0.0838995996548,-0.00420837438963,True
7384,369,4,4.1897966132999995,False,0.077397514774,True,-0.0473389947514,-0.0835593865005,-0.00616187172651,True
7385,369,5,10.4861949994,False,0.0721521548145,True,-0.0367417035543,-0.06981105206799999,0.0023411027465199997,False
7386,369,6,5.71452666707,False,0.06693054765010001,True,-0.039981941522,-0.0741562837878,-0.00722573613768,True
7387,369,7,5.23400567956,False,0.0669377577716,True,-0.0411985437308,-0.0748485402799,-0.00791078250823,True
7388,369,8,7.75081999266,False,0.062012935086900006,True,-0.0340586732528,-0.0663637720552,-0.0043508369683,True
7389,369,9,14.4707367198,False,0.0619354668996,True,-0.0293504768945,-0.0597987858301,0.0021366810694600003,False
7390,369,10,27.4457435825,False,0.062396228683599994,True,-0.022377871669799997,-0.05117484015359999,0.01122138853,False
7391,369,11,22.677245044099998,False,0.0611209427424,True,-0.0252136221174,-0.0566050732283,0.004515869514060001,False
7392,369,12,23.5116876679,False,0.0604592967136,True,-0.0234774150016,-0.052093151833800005,0.00836614487973,False
7393,369,13,6.67922943411,False,0.0575014591344,True,-0.034463022544199994,-0.0628529781629,-0.0053515190284700006,True
7394,369,14,8.87458350376,False,0.058319347473,True,-0.0321546168215,-0.0608474933684,-0.00252814589541,True
7395,369,15,10.8290493698,False,0.0582604667037,True,-0.0311256040212,-0.06016736352199999,-0.00190689681831,True
7396,369,16,9.77310445202,False,0.056717955424199995,True,-0.030265245605200004,-0.0596056157173,-0.0028876602931300005,True
7397,369,17,5.199305846050001,False,0.0555072151526,True,-0.0353045608789,-0.0637817125949,-0.00827449744226,True
7398,369,18,2.81292253975,False,0.0574047180724,True,-0.0386334318094,-0.06802626218230001,-0.010621544109999999,True
7399,369,19,2.92970340787,False,0.05741261824900001,True,-0.0388701830531,-0.0690553708033,-0.0116427525543,True
7400,370,0,25.5281354729,False,0.139531759385,False,-0.028565294554,-0.0932007108924,0.046331048492199996,False
7401,370,1,44.653670171,False,0.10539071170099999,False,0.00821897929724,-0.04571023497480001,0.0596804767265,False
7402,370,2,53.9630676987,False,0.0881852132171,False,0.0031694995599699997,-0.039970433088,0.0482147801291,False
7403,370,3,47.5304127975,False,0.0768769800088,True,-0.0158797756629,-0.053587755682699995,0.023289224326100002,False
7404,370,4,11.952441161600001,False,0.07496461869939999,True,-0.0357549047478,-0.0726473496089,0.00231726909047,False
7405,370,5,5.438719439190001,False,0.0690934050853,True,-0.0403779445605,-0.0731257653916,-0.0040323603063,True
7406,370,6,7.415611900439999,False,0.06711016161109999,True,-0.0386322156139,-0.0724136783997,-0.005303516788579999,True
7407,370,7,2.36430134742,False,0.06512731675530001,True,-0.045117610559700004,-0.07600367687939999,-0.010876360124,True
7408,370,8,6.16346437128,False,0.06443537977540001,True,-0.037702631913,-0.0681742251136,-0.00373884533821,True
7409,370,9,1.10494080093,False,0.0619483824716,True,-0.047633902052800006,-0.0776447267358,-0.0156963442643,True
7410,370,10,0.373906985136,False,0.0599472536982,True,-0.056404130610000006,-0.0865900016669,-0.026642747968700004,True
7411,370,11,0.122126243025,True,0.062255374285000005,True,-0.0642238756704,-0.0944263658111,-0.0321709915261,True
7412,370,12,7.13966655777e-06,True,0.060471614067,True,-0.0663223042682,-0.0950011554202,-0.0345295413532,True
7413,370,13,3.93638371193e-07,True,0.058422724968999994,True,-0.0643926591427,-0.0941659958134,-0.0357432708444,True
7414,370,14,1.1445949249600001e-16,True,0.058849714134999995,True,-0.0739445484927,-0.103218337753,-0.044368623618199994,True
7415,370,15,8.892908356659999e-21,True,0.0561977153681,True,-0.0782547623273,-0.10523247294,-0.0490347575715,True
7416,370,16,1.5020898333900001e-15,True,0.056689737216,True,-0.0806843820564,-0.109155985003,-0.052466247786999994,True
7417,370,17,1.85899409931e-31,True,0.0568966750741,True,-0.08127801855539998,-0.10983088892000001,-0.0529342138461,True
7418,370,18,5.412993226470001e-11,True,0.0591455966239,True,-0.0748767018339,-0.10606671364800001,-0.0469211170244,True
7419,370,19,2.8331670587e-09,True,0.05663247550080001,True,-0.06669706897660001,-0.09549826708879999,-0.038865791588,True
7420,371,0,24.8634814658,False,0.13426816272,False,0.0302992447604,-0.0371989328727,0.09706922984750001,False
7421,371,1,43.7641777755,False,0.10315144591499999,False,-0.0102997002817,-0.0612999621766,0.0418514837384,False
7422,371,2,49.1101358623,False,0.08817754667880001,False,-0.00947935358117,-0.051491972559199996,0.036685574119599995,False
7423,371,3,50.75122042979999,False,0.0782913295848,True,-0.012422229214700002,-0.0510736339019,0.027217695683,False
7424,371,4,47.589968552799995,False,0.0738234924076,True,-0.015259969762799998,-0.0530026025483,0.0208208898593,False
7425,371,5,23.3682036081,False,0.0714498973482,True,-0.0260208617784,-0.0624752387342,0.00897465861399,False
7426,371,6,9.81475069223,False,0.0651570858519,True,-0.035007364497599995,-0.0675556207228,-0.0023985348708899998,True
7427,371,7,1.12176964192,False,0.0657320374577,True,-0.04871525556200001,-0.08331435917810001,-0.0175823217204,True
7428,371,8,1.16807578904,False,0.0628142265979,True,-0.0450041325571,-0.075315233194,-0.0125010065961,True
7429,371,9,0.102247354056,True,0.0587780375422,True,-0.05886623944569999,-0.0888604940494,-0.0300824565072,True
7430,371,10,1.8222641702200003e-12,True,0.06200352948469999,True,-0.0698448258086,-0.101354548755,-0.0393510192704,True
7431,371,11,0.087481513795,True,0.05939225651459999,True,-0.0623325449292,-0.09210258292500001,-0.0327103264105,True
7432,371,12,0.020245261585900003,True,0.059890671013,True,-0.0586298063939,-0.0883602691163,-0.0284695981033,True
7433,371,13,0.133690611373,True,0.0588925948053,True,-0.0578025807826,-0.0865696434136,-0.0276770486083,True
7434,371,14,0.179004349994,True,0.060192257114199996,True,-0.058295431216799996,-0.0900586803083,-0.0298664231941,True
7435,371,15,2.4852729090500003e-13,True,0.0562633396691,True,-0.0682424313246,-0.097392981313,-0.0411296416438,True
7436,371,16,2.59269488411e-05,True,0.0577242420428,True,-0.062129052711800005,-0.0922220735379,-0.0344978314951,True
7437,371,17,3.06314387257e-11,True,0.056151946500199994,True,-0.06355758983609999,-0.09076707559910001,-0.0346151290989,True
7438,371,18,0.116748515081,True,0.054707597038,True,-0.0580938862495,-0.0853710076014,-0.030663410563400002,True
7439,371,19,0.0084702051451,True,0.0552348423859,True,-0.058971352488099996,-0.0863315626141,-0.031096720228200002,True
7440,372,0,19.1102721144,False,0.141326305498,False,0.038105580653900004,-0.030052124893200003,0.111274180605,False
7441,372,1,46.7630185517,False,0.102971258838,False,0.000390964937483,-0.050140545907600004,0.052830712930199995,False
7442,372,2,46.62055840359999,False,0.0866568492011,False,-0.012201492733700001,-0.05589234231919999,0.0307645068819,False
7443,372,3,48.728997926800005,False,0.0796711012242,True,-0.012830295101600001,-0.0532297746959,0.026441326528300002,False
7444,372,4,50.012326528,False,0.0749570495287,True,-0.013622560167000001,-0.0493883743159,0.0255686752127,False
7445,372,5,63.2961755938,False,0.0701887969564,True,-0.00779315291897,-0.0426963948484,0.0274924021081,False
7446,372,6,48.8080159329,False,0.0650201240907,True,-0.0154560116542,-0.0497134701811,0.0153066539096,False
7447,372,7,35.2516263085,False,0.06386677629580001,True,-0.020455543495799998,-0.052553217533,0.0113135587628,False
7448,372,8,30.094870419299998,False,0.0632809772679,True,-0.0219161936556,-0.0544630703194,0.00881790694854,False
7449,372,9,13.7055874596,False,0.0618912653121,True,-0.0297515465765,-0.0611333885665,0.0007578767456100001,False
7450,372,10,5.16159383456,False,0.061658127506,True,-0.0375981644284,-0.069250397425,-0.007592269919050001,True
7451,372,11,5.21990505287,False,0.06165590102559999,True,-0.0366490708194,-0.0663029214189,-0.00464702039326,True
7452,372,12,2.41740238469,False,0.0598503709935,True,-0.0413766227368,-0.0706866400306,-0.0108362690371,True
7453,372,13,0.414281983463,False,0.058327111968,True,-0.0500062276132,-0.079207425903,-0.020880313935,True
7454,372,14,8.60924539682e-05,True,0.0551227368553,True,-0.05590225115709999,-0.0823995667568,-0.0272768299015,True
7455,372,15,0.027703847075999998,True,0.057528023983699994,True,-0.0570862716267,-0.0852456577211,-0.0277176337374,True
7456,372,16,0.00039648619441100003,True,0.0579820989116,True,-0.057227083113799995,-0.0853018209722,-0.0273197220606,True
7457,372,17,0.00986619330674,True,0.0570425155899,True,-0.0546649186979,-0.083343343212,-0.0263008276221,True
7458,372,18,0.0864935160042,True,0.05643960800319999,True,-0.056310206491400006,-0.0833540465488,-0.026914438545699998,True
7459,372,19,0.09440234130889999,True,0.056321345843400004,True,-0.0621052787751,-0.0917989656342,-0.035477619790800004,True
7460,373,0,26.257909801300002,False,0.138218526328,False,0.0252657242582,-0.0434647618165,0.0947537645118,False
7461,373,1,44.206788456400005,False,0.106475163739,False,-0.00475082176509,-0.054866590989,0.051608572750000005,False
7462,373,2,10.865116905299999,False,0.0875892733045,False,-0.0412349047413,-0.08389256195389999,0.0036967113506,False
7463,373,3,24.968474786399998,False,0.0802652051486,False,-0.0288085265941,-0.06696883243419999,0.0132963727144,False
7464,373,4,1.26698588282,False,0.0727584544723,True,-0.0554557982825,-0.08996282236030001,-0.0172043678879,True
7465,373,5,10.0360596063,False,0.0700630014411,True,-0.0371079521603,-0.07241457895060001,-0.00235157750943,True
7466,373,6,2.70543777273,False,0.06810642398109999,True,-0.0458876095637,-0.07954427080030001,-0.0114378468193,True
7467,373,7,2.05124717705,False,0.0646352864166,True,-0.04329132259880001,-0.0767368012179,-0.012101514801300001,True
7468,373,8,0.17328542363,True,0.0624400599423,True,-0.0588032506205,-0.0896637353795,-0.0272236754372,True
7469,373,9,0.0112459916391,True,0.0638847938387,True,-0.07110044928060001,-0.104230504712,-0.040345710873800004,True
7470,373,10,0.171184044065,True,0.060797711554500006,True,-0.06318790664730001,-0.0953272321161,-0.0345295205616,True
7471,373,11,2.4809118149899998e-11,True,0.0595394098856,True,-0.07049017821260001,-0.0993204445876,-0.039781034702,True
7472,373,12,2.56035045875e-16,True,0.0600370751387,True,-0.07594555618589999,-0.1056383624,-0.0456012872613,True
7473,373,13,0.00013172253030399998,True,0.0592949751184,True,-0.06754343367019999,-0.0963944788052,-0.037099503686699994,True
7474,373,14,3.12364380008e-05,True,0.0564680033012,True,-0.06850326728140001,-0.09578148593630001,-0.039313482635199994,True
7475,373,15,5.87756078012e-06,True,0.057656138344800004,True,-0.0678689364617,-0.09652597597899999,-0.0388698376341,True
7476,373,16,1.2871052401699999e-09,True,0.058212405341300004,True,-0.0662931498617,-0.09581880276429999,-0.0376063974231,True
7477,373,17,1.8997670450699998e-07,True,0.0581684750868,True,-0.0685853260565,-0.0966507382856,-0.0384822631988,True
7478,373,18,0.000493530829481,True,0.0581811208509,True,-0.0731820005764,-0.10379604105200001,-0.0456149202012,True
7479,373,19,4.6240028711899997e-07,True,0.05979897983580001,True,-0.0751948610107,-0.10597137877900001,-0.046172398943300004,True
7480,374,0,13.7695111165,False,0.141463973849,False,-0.0492094409784,-0.120100854155,0.0213631196942,False
7481,374,1,17.001622623499998,False,0.10289807203,False,-0.0373170480658,-0.08779150497510001,0.0151065670552,False
7482,374,2,23.1222027023,False,0.08895307333170001,False,-0.030404600876799998,-0.0741430672657,0.014810006066000001,False
7483,374,3,4.187686387469999,False,0.07725750605710001,True,-0.0460246169881,-0.0844613304978,-0.00720382444076,True
7484,374,4,2.8068660953799998,False,0.0729683348167,True,-0.0482219930767,-0.0855013405143,-0.0125330056976,True
7485,374,5,2.57849953071,False,0.0717185531029,True,-0.0472209225711,-0.0827679216119,-0.011049368508999999,True
7486,374,6,6.345638774859999,False,0.06839601303880001,True,-0.0389964404422,-0.07416781795989999,-0.0057718049211,True
7487,374,7,3.0944888981800003,False,0.0634470313703,True,-0.0419161995834,-0.0725024690081,-0.009055437637809999,True
7488,374,8,11.8193968822,False,0.0655389862358,True,-0.032774323904,-0.0640137600998,0.00152522613603,False
7489,374,9,15.037918956199999,False,0.0626814486925,True,-0.028930785527900002,-0.061312222782,0.00136922591051,False
7490,374,10,14.4910806631,False,0.0631928637556,True,-0.0300850824142,-0.0615928561187,0.00160000763695,False
7491,374,11,8.128379876339999,False,0.0619105475239,True,-0.0344113690665,-0.06609247856369999,-0.004181931039739999,True
7492,374,12,0.686880505951,False,0.0569798847317,True,-0.044711490598599996,-0.0732111350159,-0.0162312502842,True
7493,374,13,1.96728241595,False,0.0575638882161,True,-0.0442014709842,-0.0730350186441,-0.015471130428,True
7494,374,14,1.4077339917299998,False,0.057757511477499995,True,-0.0433043922577,-0.0720826385563,-0.0143251270788,True
7495,374,15,0.712115725514,False,0.05746867626569999,True,-0.049973952584300006,-0.0782307825401,-0.0207621062743,True
7496,374,16,0.00455469632609,True,0.05834472853080001,True,-0.051984209852300005,-0.08017259394389999,-0.021827865413,True
7497,374,17,0.11642835639,True,0.0555727861921,True,-0.0515957815073,-0.0796384695148,-0.024065683322799996,True
7498,374,18,0.172657231895,True,0.058402216059600005,True,-0.051762090646699996,-0.083044407411,-0.024642191351299997,True
7499,374,19,0.263879305455,True,0.0562840647612,True,-0.049034286485900004,-0.0766523755168,-0.020368310755599996,True
7500,375,0,27.7077112056,False,0.140060596692,False,-0.0248713637604,-0.0946538623749,0.0454067343172,False
7501,375,1,7.68549524464,False,0.104123154276,False,-0.051230820618199994,-0.10183545765900001,0.0022876966171399998,False
7502,375,2,18.1250446692,False,0.09220701435669999,False,-0.0334593190305,-0.0775053430325,0.014701671324200001,False
7503,375,3,8.72791398983,False,0.0780217308131,True,-0.039967258756,-0.07862729736360001,-0.000605566550505,True
7504,375,4,9.89799237518,False,0.0743640657415,True,-0.0374509524887,-0.0732661517956,0.00109791394588,False
7505,375,5,6.790797057150001,False,0.0713524145318,True,-0.039048591756699995,-0.07548504128330001,-0.00413262675156,True
7506,375,6,5.5628087617799995,False,0.0651281819275,True,-0.0393828108785,-0.07024797376849999,-0.00511979184105,True
7507,375,7,1.6073324167899998,False,0.0643358081992,True,-0.046570715667199995,-0.0797311335325,-0.0153953253333,True
7508,375,8,0.227030565415,True,0.0650847851399,True,-0.0546672749347,-0.0888020861273,-0.023717300987400002,True
7509,375,9,0.619323706919,False,0.0613023833182,True,-0.0512495855417,-0.0804737410815,-0.0191713577633,True
7510,375,10,0.0542609974142,True,0.061296411929900006,True,-0.056106758940399994,-0.08675816166160001,-0.0254617497316,True
7511,375,11,0.019316301736599997,True,0.058962071625300004,True,-0.05980151534559999,-0.089916425232,-0.0309543536067,True
7512,375,12,5.53956368909e-05,True,0.058617593262,True,-0.060152218555800004,-0.0902350420675,-0.0316174488056,True
7513,375,13,0.117709389061,True,0.05905033762619999,True,-0.056573040659800004,-0.0853248833341,-0.026274545707900002,True
7514,375,14,0.341510021353,False,0.056686228967000006,True,-0.0594403894921,-0.08832720490250001,-0.0316409759356,True
7515,375,15,0.00189038939928,True,0.05828006788869999,True,-0.063890710388,-0.09240490749600001,-0.0341248396074,True
7516,375,16,1.42697385633e-05,True,0.058123979789999995,True,-0.06686695139940001,-0.0971142124426,-0.038990232652599995,True
7517,375,17,0.00218949807738,True,0.0571123400392,True,-0.06326868053,-0.0928238359245,-0.0357114958853,True
7518,375,18,0.140814961045,True,0.05784317786180001,True,-0.0574206979551,-0.0868359869888,-0.028992809126900002,True
7519,375,19,0.0550333187567,True,0.057278074921900006,True,-0.0605107426205,-0.0890355099113,-0.0317574349894,True
7520,376,0,28.3398075352,False,0.14334047225500002,False,-0.0228094256729,-0.0947693639512,0.04857110830419999,False
7521,376,1,31.9976037813,False,0.103124073555,False,-0.022026397654900002,-0.0734563432249,0.0296677303303,False
7522,376,2,52.1126684258,False,0.0891734604548,False,-0.0028431543876300002,-0.050123064116199996,0.039050396338599996,False
7523,376,3,46.4686139332,False,0.0815137299619,False,-0.0145162233647,-0.051673032785300006,0.0298406971765,False
7524,376,4,28.237841356,False,0.0745507094789,True,-0.024856046072200003,-0.0634853785607,0.0110653309182,False
7525,376,5,17.9996659371,False,0.0720607119756,True,-0.0297960592067,-0.0647253845038,0.007335327471800001,False
7526,376,6,10.244976814,False,0.06541126569519999,True,-0.0338428543205,-0.0658329993877,-0.00042173369245599997,True
7527,376,7,3.7414886464099997,False,0.064996523891,True,-0.0410821395616,-0.07259831257410002,-0.00760178868309,True
7528,376,8,11.0390917822,False,0.06217581918790001,True,-0.0320167425288,-0.062158514616400005,1.73045715669e-05,False
7529,376,9,41.1476122284,False,0.0614967859582,True,-0.0186166779593,-0.0503807295952,0.011116056362999999,False
7530,376,10,33.314601494,False,0.0608256415594,True,-0.0202491551767,-0.052379360105,0.00844628145438,False
7531,376,11,24.5427362028,False,0.0599854399192,True,-0.0231656386753,-0.054719677143900004,0.00526576277534,False
7532,376,12,17.7554430737,False,0.0593591058578,True,-0.027370773234200004,-0.0578770446937,0.0014820611641400002,False
7533,376,13,12.459861768900002,False,0.058401481898600005,True,-0.030178500348400004,-0.0578986981987,0.00050278369993,False
7534,376,14,14.2579143709,False,0.0563313394514,True,-0.0279113108726,-0.0570204612015,-0.000689121750095,True
7535,376,15,23.6087863048,False,0.0562769408983,True,-0.0241672215919,-0.0509401203369,0.00533682056136,False
7536,376,16,23.8013055953,False,0.057010473984699994,True,-0.0245243325642,-0.054252012355599996,0.0027584616291,False
7537,376,17,4.14940553299,False,0.05818754588240001,True,-0.036772818343,-0.0674391147242,-0.009251568841879998,True
7538,376,18,2.4990643308,False,0.0548346350294,True,-0.038209272452300005,-0.0664041937615,-0.011569558732000001,True
7539,376,19,2.6322164085,False,0.0557537279051,True,-0.03800288334680001,-0.0640197940513,-0.008266066146260001,True
7540,377,0,21.0876383948,False,0.141850339541,False,0.0373811819799,-0.0321328006848,0.109717538857,False
7541,377,1,47.1459336537,False,0.10185582767200001,False,0.0032437502815199997,-0.050085097385400006,0.051770730287100004,False
7542,377,2,20.3952021421,False,0.08576677661240001,False,-0.0317114616073,-0.0758395840422,0.00992719257018,False
7543,377,3,12.4505799432,False,0.080791946455,False,-0.0370460302686,-0.0792072716755,0.00158467477954,False
7544,377,4,8.827235730469999,False,0.0745269906928,True,-0.0381299451268,-0.07490914381710001,-0.000382153124268,True
7545,377,5,10.2165337849,False,0.0700987465071,True,-0.0341093490337,-0.072289311755,-0.00219056524799,True
7546,377,6,4.77775305214,False,0.0676682015291,True,-0.0413756494332,-0.0772612705611,-0.00959306903206,True
7547,377,7,8.77876630742,False,0.0662805119109,True,-0.035547880407099997,-0.0685000189714,-0.00221950706042,True
7548,377,8,12.328363575,False,0.0633148566259,True,-0.030689959431300002,-0.061787241127899996,0.00152761549802,False
7549,377,9,17.0662483383,False,0.0630967622413,True,-0.0287310900418,-0.058459097848,0.0046376643933100006,False
7550,377,10,22.4576894546,False,0.0614492494776,True,-0.0255839671203,-0.05644145548909999,0.00500779398851,False
7551,377,11,8.10367184898,False,0.0596538688464,True,-0.033303301545000004,-0.0645888337371,-0.00493496489072,True
7552,377,12,1.9327608264400002,False,0.0576988855536,True,-0.040582095826599995,-0.07057801002439999,-0.012879124470799998,True
7553,377,13,1.5446350628799999,False,0.059671014619000005,True,-0.045713486740300006,-0.07546515022769999,-0.0157941356087,True
7554,377,14,0.786801076447,False,0.057731495871199995,True,-0.0445069936881,-0.07476370555160002,-0.0170322096804,True
7555,377,15,0.553427600254,False,0.0571904763194,True,-0.046585476212900004,-0.0739858071805,-0.0167953308611,True
7556,377,16,1.89594870324,False,0.057479792253400004,True,-0.0433029663404,-0.07306089740010001,-0.015581105146700002,True
7557,377,17,0.534188950961,False,0.05574858974119999,True,-0.048129728777199995,-0.0749795302202,-0.019230940478999998,True
7558,377,18,0.18987691852299998,True,0.0579006114704,True,-0.0513802648012,-0.0813197391582,-0.0234191276878,True
7559,377,19,0.06881550755360001,True,0.0555965651344,True,-0.0550429846175,-0.08173079168689999,-0.026134226552499997,True
7560,378,0,14.573159851300002,False,0.142701312232,False,-0.0482537399166,-0.121311771292,0.0213895409399,False
7561,378,1,22.4606261862,False,0.109249422149,False,-0.0328215504763,-0.08770889921819999,0.0215405229311,False
7562,378,2,13.6103019093,False,0.08185192145010001,False,-0.0361827751431,-0.078447431897,0.0034044895531099998,False
7563,378,3,5.8805713763,False,0.0828311135902,False,-0.046296127786800007,-0.08796680197210001,-0.00513568838186,True
7564,378,4,4.58665761759,False,0.0737302803304,True,-0.04469783289819999,-0.0830287065157,-0.00929842618538,True
7565,378,5,12.5139635923,False,0.0702802908357,True,-0.0338949353403,-0.0697264597411,0.000553831094599,False
7566,378,6,16.5526778049,False,0.0696789351245,True,-0.0306703442692,-0.066192886314,0.00348604881046,False
7567,378,7,16.1676735159,False,0.0662154461267,True,-0.028843248585,-0.0624901937517,0.00372525237504,False
7568,378,8,3.7562929432999996,False,0.0645490017658,True,-0.041348432740199996,-0.07366453186810001,-0.009115530102370002,True
7569,378,9,9.240077974410001,False,0.060583587058100005,True,-0.032801142330800004,-0.0643663670077,-0.00378277994961,True
7570,378,10,8.11562836415,False,0.06264686944509999,True,-0.0340614212556,-0.06498599136660001,-0.0023391219215100002,True
7571,378,11,12.929989941099999,False,0.0579338561075,True,-0.0293945087415,-0.0585376747382,-0.000603818630698,True
7572,378,12,7.3120094799699995,False,0.058798078911300004,True,-0.0344969024301,-0.0648365239259,-0.00603844501469,True
7573,378,13,5.689030766649999,False,0.0564553272233,True,-0.0344179122385,-0.0627471579717,-0.00629183074839,True
7574,378,14,1.90114600505,False,0.0574499008082,True,-0.0403669247063,-0.06945272956689999,-0.0120028287587,True
7575,378,15,2.2126685333099996,False,0.057257343746,True,-0.0423438177336,-0.071407967149,-0.014150623403,True
7576,378,16,0.970753562656,False,0.0595324158622,True,-0.045894727758,-0.07492048556210001,-0.0153880696999,True
7577,378,17,1.2369194433700001,False,0.05694163908969999,True,-0.04481760183880001,-0.0742516346924,-0.0173099956028,True
7578,378,18,0.9949977444529999,False,0.057134219654699996,True,-0.0480814801977,-0.077199979738,-0.020065760083299997,True
7579,378,19,0.647861911948,False,0.0563684167745,True,-0.049724956141099994,-0.07900491209510001,-0.022636495320599997,True
7580,379,0,32.9037833291,False,0.14529295191400002,False,0.00255617862654,-0.0722552954638,0.0730376564501,False
7581,379,1,41.229589437899996,False,0.10132213806500001,False,0.013865093496600001,-0.0362921711927,0.06502996687269999,False
7582,379,2,45.889394266800004,False,0.0872073757505,False,-0.015146538728,-0.0582386295472,0.0289687462033,False
7583,379,3,25.172631285100003,False,0.0834200315918,False,-0.0278716429737,-0.0698905268139,0.0135295047778,False
7584,379,4,23.630799015500003,False,0.0742651664462,True,-0.0276872769492,-0.0621335652186,0.0121316012276,False
7585,379,5,3.96892130634,False,0.07033247012619999,True,-0.0454559560314,-0.08168892373980001,-0.0113564536136,True
7586,379,6,0.509845799789,False,0.06619560071219999,True,-0.05348005500419999,-0.08566252496030001,-0.0194669242481,True
7587,379,7,0.80742911881,False,0.0650553565492,True,-0.0501030758634,-0.083656770753,-0.0186014142038,True
7588,379,8,0.9768942254459999,False,0.06530055826230001,True,-0.0493799090867,-0.08150989342289999,-0.0162093351606,True
7589,379,9,0.276428767595,True,0.060122946101199996,True,-0.0522644111988,-0.0817151724817,-0.021592226380500002,True
7590,379,10,0.0143546932888,True,0.058054359798600005,True,-0.052808230529300004,-0.0797792565595,-0.021724896760900003,True
7591,379,11,0.227126768611,True,0.0606527903698,True,-0.0507453631942,-0.0788023309212,-0.0181495405514,True
7592,379,12,0.7001379830560001,False,0.0595260675813,True,-0.0512412752984,-0.0810026512772,-0.0214765836959,True
7593,379,13,3.7340391909800004,False,0.0587806277783,True,-0.039134876318,-0.06879229030799999,-0.0100116625297,True
7594,379,14,3.1114769670099998,False,0.0580796755733,True,-0.0398202645461,-0.0695803091716,-0.0115006335983,True
7595,379,15,1.7134029007,False,0.0587794522169,True,-0.043882360098699995,-0.0736923086168,-0.014912856399999999,True
7596,379,16,0.542941373176,False,0.056369392171900005,True,-0.046085173262,-0.0743806728988,-0.0180112807269,True
7597,379,17,1.22355902539,False,0.058012493841599996,True,-0.0427520447844,-0.070826259591,-0.0128137657495,True
7598,379,18,0.20638718084399998,True,0.057719237697800005,True,-0.04824953508330001,-0.0758358993161,-0.0181166616184,True
7599,379,19,0.417463288173,False,0.055736496762300004,True,-0.0477535715681,-0.07605024202960001,-0.0203137452673,True
7600,380,0,27.6735518175,False,0.144553665925,False,0.0222900600251,-0.0495037381281,0.09504992779680001,False
7601,380,1,42.9256789788,False,0.10493929947899999,False,0.0109488901971,-0.045171452021500004,0.059767847457600005,False
7602,380,2,38.5712786129,False,0.0854267137772,False,0.0200993359378,-0.0242949369821,0.0611317767951,False
7603,380,3,47.265462775699994,False,0.0789075985969,True,0.0145548225728,-0.0246863908401,0.0542212077568,False
7604,380,4,25.072566044600002,False,0.0739639758328,True,0.0266598332196,-0.013287150216999999,0.0606768256157,False
7605,380,5,63.5267141929,False,0.070519519325,True,0.00607314908456,-0.0308657418727,0.039653777452300004,False
7606,380,6,68.36784018729999,False,0.0659246587353,True,-0.00733083108663,-0.039761104239,0.026163554496299996,False
7607,380,7,39.337803609699996,False,0.0641366901286,True,-0.0184875377407,-0.0496246911467,0.014511998981899999,False
7608,380,8,45.3753907683,False,0.0645645444017,True,-0.016732921440999998,-0.0488910181079,0.0156735262938,False
7609,380,9,61.6212640668,False,0.06057147408559999,True,-0.0123800711534,-0.0437039080057,0.0168675660799,False
7610,380,10,37.695246992600005,False,0.059158912051200004,True,-0.0188165629456,-0.049264304583400004,0.009894607467839999,False
7611,380,11,19.7829372642,False,0.0586949557476,True,-0.0253558773458,-0.0556385438758,0.0030564118717699997,False
7612,380,12,7.45376668514,False,0.058426492376,True,-0.0317419596725,-0.0623923421645,-0.00396584978846,True
7613,380,13,3.5139561220999997,False,0.059421503996,True,-0.0387825220829,-0.0677384702023,-0.00831696620625,True
7614,380,14,4.325093412619999,False,0.0574067505965,True,-0.0375312378153,-0.0661894541859,-0.00878270358946,True
7615,380,15,1.71784896653,False,0.0572649570082,True,-0.0401810687039,-0.0668671731958,-0.009602216187620001,True
7616,380,16,2.8264752316500004,False,0.057430779750300004,True,-0.038896981695,-0.0677634042099,-0.0103326244596,True
7617,380,17,0.7461362523370001,False,0.0554109458405,True,-0.045564806559600005,-0.0733250888554,-0.017914143014900002,True
7618,380,18,0.136250737875,True,0.056421992260600004,True,-0.050480190032,-0.0784852862289,-0.0220632939683,True
7619,380,19,0.112289572349,True,0.05701125676030001,True,-0.05322135337230001,-0.0812114069159,-0.0242001501556,True
7620,381,0,27.2673611182,False,0.140203673097,False,0.025149276952499997,-0.0431876388982,0.0970160341993,False
7621,381,1,2.31306329278,False,0.10466982383099999,False,-0.06549487216040001,-0.117046455437,-0.012376631606000001,True
7622,381,2,1.44748437725,False,0.0869393100032,False,-0.0606782272325,-0.10542994787,-0.0184906378663,True
7623,381,3,1.57039077351,False,0.08026077489080001,False,-0.05812495819709999,-0.0979223626354,-0.0176615877446,True
7624,381,4,1.0135996359200001,False,0.07468118288869999,True,-0.058553228578699996,-0.0963156670125,-0.0216344841238,True
7625,381,5,1.16382343881,False,0.06955479567339999,True,-0.050714620226600005,-0.0857210168746,-0.016166221201200003,True
7626,381,6,3.55785227505,False,0.067200397629,True,-0.043930219958600004,-0.07868871064239999,-0.0114883130134,True
7627,381,7,2.62180471673,False,0.0648158426033,True,-0.043098685214999995,-0.07414245981610001,-0.00932661721284,True
7628,381,8,1.09679795854,False,0.06263071395330001,True,-0.046213846453300005,-0.07633907373889999,-0.0137083597856,True
7629,381,9,0.411702115759,False,0.0629412627633,True,-0.05387429305599999,-0.08280331054989999,-0.019862047786599998,True
7630,381,10,0.485881158625,False,0.0598438673843,True,-0.051799376055,-0.0824397972002,-0.0225959298159,True
7631,381,11,0.6865818378740001,False,0.0613079532135,True,-0.0491549643075,-0.08061228639830001,-0.0193043331847,True
7632,381,12,0.443416067013,False,0.0619349384227,True,-0.0498762398455,-0.0815429064593,-0.019607968036599997,True
7633,381,13,0.625508670173,False,0.0599345424534,True,-0.0476471506951,-0.0796929925772,-0.0197584501238,True
7634,381,14,0.0220367867939,True,0.0553377170455,True,-0.053089132139300006,-0.07977879275960001,-0.024441075714099997,True
7635,381,15,0.106519647354,True,0.0594756249234,True,-0.0540968976021,-0.08232764185380001,-0.022852016930400003,True
7636,381,16,0.030090718790299998,True,0.0579853161666,True,-0.0567336103226,-0.0858997989815,-0.0279144828149,True
7637,381,17,0.00097440281657,True,0.0579872839908,True,-0.0560429259855,-0.08442629390910002,-0.026439009918299998,True
7638,381,18,0.136899195582,True,0.055292743966699996,True,-0.0553949124591,-0.0833800175233,-0.028087273556599998,True
7639,381,19,0.000468736488909,True,0.054872622985100004,True,-0.0588987218554,-0.0873040989471,-0.032431475962,True
7640,382,0,33.510161765300005,False,0.14244686694800002,False,0.005260924188419999,-0.0678018805931,0.07464498635530001,False
7641,382,1,38.9866532611,False,0.104302713519,False,-0.0143027099487,-0.0695169212171,0.034785792301800005,False
7642,382,2,30.1767340368,False,0.09042666858489999,False,-0.0245366927666,-0.0683431198386,0.0220835487463,False
7643,382,3,10.7414326921,False,0.08116594061710002,False,-0.0390983424207,-0.0780724644131,0.00309347620398,False
7644,382,4,14.5245000055,False,0.0723746093458,True,-0.0333020852347,-0.06897490128039999,0.0033997080654600003,False
7645,382,5,17.7963492656,False,0.0716614952475,True,-0.0308519797601,-0.0675816641194,0.004079831128030001,False
7646,382,6,5.3551482961,False,0.0686036039422,True,-0.040523888574,-0.0731787505688,-0.00457514662662,True
7647,382,7,2.03936463492,False,0.0651146088008,True,-0.04396092442440001,-0.0770064920794,-0.011891883278700001,True
7648,382,8,3.41488754215,False,0.06283999474890001,True,-0.041455450586599996,-0.0743091961635,-0.0114692014146,True
7649,382,9,1.14806695494,False,0.0625352014838,True,-0.04752203505480001,-0.0800163403035,-0.0174811388197,True
7650,382,10,0.757158487331,False,0.061132887824999996,True,-0.0493343030824,-0.08175555954210001,-0.020622671717,True
7651,382,11,0.290280161024,True,0.059968576955699994,True,-0.050439541026800004,-0.08206966951610001,-0.022101092560400003,True
7652,382,12,0.476050026917,False,0.059733529932000005,True,-0.0519741019635,-0.0814415447211,-0.021708014789100002,True
7653,382,13,0.0189946901362,True,0.0548260967361,True,-0.056030670933900004,-0.08248709441869999,-0.027660997682599997,True
7654,382,14,3.43836253905e-06,True,0.0580163244723,True,-0.0607806235814,-0.0892477313039,-0.0312314068316,True
7655,382,15,0.00027780226841799997,True,0.05461981459919999,True,-0.059109101696600004,-0.08684161605450001,-0.0322218014553,True
7656,382,16,4.07884038648e-09,True,0.054511719306399996,True,-0.0654330985271,-0.09320891951169999,-0.0386972002053,True
7657,382,17,7.887817379489999e-06,True,0.055990668979400006,True,-0.0606375282539,-0.0885551475522,-0.0325644785728,True
7658,382,18,0.000273341423273,True,0.054674864953199995,True,-0.058289209351399994,-0.08580615980289999,-0.0311312948497,True
7659,382,19,0.043933124082,True,0.056131231479900005,True,-0.0633366002925,-0.091273952059,-0.0351427205791,True
7660,383,0,27.0157974314,False,0.139614700476,False,-0.025147633859000002,-0.09427969015280001,0.0453350103234,False
7661,383,1,46.492075810900005,False,0.105247731512,False,0.000926124053579,-0.054340323025699994,0.0509074084865,False
7662,383,2,39.2329972302,False,0.0885664633833,False,-0.0182883949854,-0.062064910560800005,0.026501552822500003,False
7663,383,3,42.496264825,False,0.0782723634492,True,-0.017530351734,-0.0577705655363,0.0205017979129,False
7664,383,4,18.9391191476,False,0.0729811503745,True,-0.0306384104497,-0.0656530444209,0.00732810595368,False
7665,383,5,20.0632101429,False,0.0682789276172,True,-0.0287722113912,-0.06375178422109999,0.004527143396149999,False
7666,383,6,22.6734336654,False,0.0657023641419,True,-0.0263053854183,-0.0589059898155,0.00679637432639,False
7667,383,7,12.2634192708,False,0.0646596605987,True,-0.0318206752793,-0.0626861376682,0.00197352293051,False
7668,383,8,4.97059417186,False,0.0623479442254,True,-0.0380720082561,-0.0707811371228,-0.008433192897380001,True
7669,383,9,3.5946129715499997,False,0.061791735017,True,-0.0406142588373,-0.07318700401850001,-0.0113952690015,True
7670,383,10,2.38586599188,False,0.061506408994000006,True,-0.0437033030496,-0.07347011309530001,-0.0119637041013,True
7671,383,11,0.750912598839,False,0.0596556295863,True,-0.0480835088073,-0.0781737541085,-0.018518124522200002,True
7672,383,12,1.1606593721,False,0.0589602906075,True,-0.045831034671400005,-0.0744799814335,-0.015519690826,True
7673,383,13,0.667212996392,False,0.05883590865780001,True,-0.0502171897819,-0.08082917844569999,-0.0219932697879,True
7674,383,14,0.148583873468,True,0.0584677013184,True,-0.0512491866203,-0.079982235912,-0.021514534593599997,True
7675,383,15,0.04332254296369999,True,0.057283980522999996,True,-0.051108692882400004,-0.0785384643713,-0.021254483848299997,True
7676,383,16,0.169650941952,True,0.05839690042219999,True,-0.050213855094999996,-0.077541549265,-0.0191446488428,True
7677,383,17,1.26261698689,False,0.0574750391956,True,-0.0453052891509,-0.0739294062008,-0.0164543670053,True
7678,383,18,0.25268102848499996,True,0.0553664061991,True,-0.0497086773241,-0.0772103837259,-0.0218439775268,True
7679,383,19,0.169706076983,True,0.0558861816361,True,-0.050466165449099994,-0.07702908075170001,-0.021142899115599998,True
7680,384,0,18.1252765429,False,0.143106170877,False,-0.0400023273438,-0.109683765888,0.033422404989,False
7681,384,1,29.559800920900003,False,0.100374753017,False,-0.0260845011593,-0.0769689746715,0.0234057783459,False
7682,384,2,18.8273288347,False,0.08713929317600001,False,-0.0331198707431,-0.0784811367238,0.00865815645216,False
7683,384,3,12.667290361700001,False,0.0767377446862,True,-0.0355843120348,-0.0737038292075,0.00303391547879,False
7684,384,4,25.1879335322,False,0.07290867444810001,True,-0.0268162482668,-0.06368969801459999,0.00921897643342,False
7685,384,5,8.17719056348,False,0.0735653356302,True,-0.0387378589874,-0.0745687314907,-0.00100339586051,True
7686,384,6,1.5529245630200001,False,0.06805063975469999,True,-0.0476620487416,-0.0821469099759,-0.0140962702212,True
7687,384,7,3.6175004854800004,False,0.06507961675610001,True,-0.04110290640230001,-0.07402905662989999,-0.00894943987376,True
7688,384,8,1.1833339233700002,False,0.0629775742187,True,-0.0461182664817,-0.07826502310719999,-0.0152874488884,True
7689,384,9,3.5196275089099998,False,0.0624924641297,True,-0.0391185928161,-0.07049626897149999,-0.008003804841869999,True
7690,384,10,1.35637889801,False,0.060054270498,True,-0.0446897447886,-0.0748256038747,-0.0147713333767,True
7691,384,11,0.571218257696,False,0.0595440739078,True,-0.0475707269789,-0.0769052384435,-0.0173611645357,True
7692,384,12,1.4719430952399999,False,0.05861227198340001,True,-0.0424496660633,-0.0699782432113,-0.0113659712279,True
7693,384,13,2.56751012314,False,0.057233078608200004,True,-0.0391779849685,-0.0683173073179,-0.0110842287097,True
7694,384,14,3.9167079058999996,False,0.0583396585444,True,-0.0387634782158,-0.0666582959801,-0.00831863743576,True
7695,384,15,4.141986899680001,False,0.0597692246853,True,-0.0388932834243,-0.0686493399084,-0.008880115223139999,True
7696,384,16,2.04902734018,False,0.056552478061800006,True,-0.039429014314800004,-0.0658404329981,-0.009287954936299999,True
7697,384,17,1.12711925426,False,0.055418901040599995,True,-0.0414483243469,-0.069623061773,-0.0142041607324,True
7698,384,18,0.8557657422949999,False,0.055590234281599996,True,-0.042804329673499994,-0.0715310795594,-0.0159408452778,True
7699,384,19,1.25130489707,False,0.0570294716373,True,-0.0457299875041,-0.07481783910369999,-0.0177883674665,True
7700,385,0,35.7244126677,False,0.135358864971,False,0.00210787147805,-0.0678867822641,0.0674720827069,False
7701,385,1,23.6980403193,False,0.108003632227,False,-0.0311056762726,-0.08237821841510001,0.025625413812299998,False
7702,385,2,9.14628397507,False,0.0902649968455,False,-0.0425693070739,-0.09121994875469999,-0.0009549519091980001,True
7703,385,3,30.756869004200002,False,0.0791039726228,True,-0.0238175723525,-0.0632404489994,0.0158635236234,False
7704,385,4,44.4601068495,False,0.07498751894439999,True,-0.0166548013101,-0.054281414005100004,0.0207061049393,False
7705,385,5,57.595092083100006,False,0.07087580805110001,True,-0.010065740964799999,-0.0431689653178,0.027706842733299996,False
7706,385,6,29.0315482711,False,0.0687302280848,True,-0.022778927806599996,-0.0561634917175,0.0125667363673,False
7707,385,7,32.4322440723,False,0.0637480434722,True,-0.021838048449400002,-0.0542882443615,0.009459799110700001,False
7708,385,8,41.387004921300004,False,0.0619986775739,True,-0.0177993857425,-0.0496241310086,0.0123745465652,False
7709,385,9,38.765133919499995,False,0.0619789675897,True,-0.0186068427954,-0.0499173937984,0.0120615737913,False
7710,385,10,33.565775504899996,False,0.061342218369199994,True,-0.0218900963715,-0.0539354987033,0.00740671966592,False
7711,385,11,26.112954124899996,False,0.0610394090312,True,-0.0227650038601,-0.0527709612634,0.00826844776773,False
7712,385,12,17.4732413734,False,0.059392086209300005,True,-0.0272750030329,-0.056578367161999994,0.00281371904738,False
7713,385,13,4.63996577179,False,0.05792815075669999,True,-0.0362645090856,-0.0648574984434,-0.006929347686770001,True
7714,385,14,3.4787152584400003,False,0.058603258379999995,True,-0.038824627418199996,-0.0691861195745,-0.010582861194500002,True
7715,385,15,1.32696442182,False,0.058569705561300006,True,-0.04383941976630001,-0.0731641705964,-0.0145944650351,True
7716,385,16,0.378342506153,False,0.0567674240121,True,-0.0488154053696,-0.07708232496169999,-0.0203149009496,True
7717,385,17,0.245627819518,True,0.056898476897400005,True,-0.0513164609335,-0.0810387294242,-0.0241402525268,True
7718,385,18,0.112171434012,True,0.0566891959125,True,-0.053304042332699995,-0.0818829922221,-0.025193796309599996,True
7719,385,19,2.62786568522e-05,True,0.05789695413530001,True,-0.0628212460702,-0.09035927611330001,-0.032462321978,True
7720,386,0,32.060418266599996,False,0.143243863482,False,-0.00625973661617,-0.0816616907925,0.061582172689300003,False
7721,386,1,7.0866874619199995,False,0.103387697042,False,-0.054968034630500005,-0.106612274295,-0.0032245772534,True
7722,386,2,3.34675807027,False,0.0881174245405,False,-0.0542798568735,-0.09982943384569999,-0.011712009305200001,True
7723,386,3,0.33762142801899997,False,0.08084091903599999,False,-0.0630270168229,-0.104946503784,-0.0241055847478,True
7724,386,4,0.21261742665999997,True,0.0719400651654,True,-0.0624713702863,-0.09921222134980001,-0.027272156184400004,True
7725,386,5,0.882654565289,False,0.0682677378791,True,-0.055705347591199994,-0.0903314882302,-0.0220637503511,True
7726,386,6,0.47049477033200005,False,0.0660590047419,True,-0.0548221227399,-0.08759922690639999,-0.0215402221645,True
7727,386,7,0.890342840418,False,0.0622447671067,True,-0.0498514315004,-0.0802664227846,-0.018021655677799998,True
7728,386,8,0.588105047513,False,0.063358247282,True,-0.049070087465399995,-0.07931019310439999,-0.0159519458225,True
7729,386,9,3.4536488576599997,False,0.0648277428029,True,-0.0428734570354,-0.07485022562560001,-0.010022482822700001,True
7730,386,10,0.946102974791,False,0.061293812033900004,True,-0.04685142113080001,-0.07738151177069999,-0.0160876997367,True
7731,386,11,0.6596727386460001,False,0.059881198673800005,True,-0.046871319445000004,-0.07693247796160001,-0.017051279287799998,True
7732,386,12,2.24572364287,False,0.0616894147885,True,-0.04215149765819999,-0.07372035718160001,-0.012030942393100002,True
7733,386,13,1.2443295538899999,False,0.0601222429729,True,-0.04431377700590001,-0.07259707701780001,-0.0124748340449,True
7734,386,14,0.757994244742,False,0.0583926062244,True,-0.045351213734300004,-0.07430167873219999,-0.0159090725077,True
7735,386,15,0.0389153881378,True,0.0574255997678,True,-0.05246039174409999,-0.0803599869218,-0.022934387154099997,True
7736,386,16,8.61820704234e-06,True,0.0576102250976,True,-0.057921658971199996,-0.08618655588719999,-0.0285763307896,True
7737,386,17,0.0128385751553,True,0.05626603841019999,True,-0.0588045416527,-0.0859415236199,-0.0296754852097,True
7738,386,18,6.24557488369e-05,True,0.0554956077898,True,-0.054301462218,-0.0829848152601,-0.0274892074703,True
7739,386,19,0.0832969653317,True,0.0563169885784,True,-0.0532750162365,-0.08173710197360001,-0.0254201133952,True
7740,387,0,1.0524191028,False,0.139632278584,False,-0.09550812408050001,-0.165257981267,-0.025625702683599996,True
7741,387,1,0.969774260134,False,0.10518999156199998,False,-0.07667839075039999,-0.133141875424,-0.0279518838615,True
7742,387,2,26.0447531294,False,0.0884257668902,False,-0.028521135330799998,-0.07508343934100001,0.013342327549299999,False
7743,387,3,29.2232809352,False,0.08209825473980001,False,-0.0240897030361,-0.0663292940563,0.0157689606835,False
7744,387,4,13.2161209233,False,0.0752068165644,True,-0.034087110732299995,-0.07496902866010001,0.00023778790430500001,False
7745,387,5,12.1090915719,False,0.07110703334480001,True,-0.0330006438471,-0.07060026461739999,0.000506768727447,False
7746,387,6,4.5020628919,False,0.0671058133779,True,-0.0430657471551,-0.0786425750077,-0.011536761629899998,True
7747,387,7,0.8565304289129999,False,0.0642220417116,True,-0.049995154271499996,-0.08262578887330001,-0.0184037471616,True
7748,387,8,0.5245002859000001,False,0.0641377234104,True,-0.049954617979499995,-0.08266898537549999,-0.0185312619651,True
7749,387,9,0.04539499876619999,True,0.0621953399266,True,-0.0605515116347,-0.0940841298009,-0.031888789874299994,True
7750,387,10,0.0062082969875,True,0.0590288255948,True,-0.0662906166983,-0.09421090246439999,-0.0351820768695,True
7751,387,11,9.298487450999999e-14,True,0.05968683581899999,True,-0.0743156180055,-0.10404306497400001,-0.044356229154799996,True
7752,387,12,3.13957581959e-10,True,0.0589164620124,True,-0.07591361965089999,-0.106084242589,-0.0471677805768,True
7753,387,13,4.51093039075e-07,True,0.061319751800300006,True,-0.07561045746930001,-0.106866619672,-0.045546867872099994,True
7754,387,14,3.7221245741099996e-20,True,0.0605422909432,True,-0.0754591958673,-0.104360192075,-0.0438179011318,True
7755,387,15,2.42532629621e-17,True,0.055743502614000004,True,-0.0718993640647,-0.0993812104492,-0.0436377078352,True
7756,387,16,3.47893785567e-08,True,0.05851549302999999,True,-0.07614402092910001,-0.10587225573999999,-0.047356762709900004,True
7757,387,17,2.6698501497299997e-24,True,0.056850553413100004,True,-0.0761676491946,-0.105155358958,-0.048304805544400004,True
7758,387,18,2.00144942376e-21,True,0.057315220346,True,-0.0807257230224,-0.109261949813,-0.0519467294668,True
7759,387,19,6.354086080979999e-26,True,0.057117395988999994,True,-0.083572981824,-0.113684917024,-0.056567521035099995,True
7760,388,0,28.7704827148,False,0.135475139103,False,-0.022733548944999998,-0.0907027146394,0.0447724244639,False
7761,388,1,3.77267513202,False,0.10683085924,False,-0.059968054296500005,-0.111728990589,-0.004898131348680001,True
7762,388,2,14.191183416700001,False,0.087666634565,False,-0.0384659209917,-0.0819846936535,0.005681940911430001,False
7763,388,3,4.08427805947,False,0.0769001710223,True,-0.0471851910695,-0.08605258832939999,-0.00915241730712,True
7764,388,4,0.421741352556,False,0.0739723470779,True,-0.0617252772466,-0.09945569673070001,-0.0254833496528,True
7765,388,5,0.20885335549400003,True,0.0712092370077,True,-0.0682662733965,-0.105094344655,-0.033885107647,True
7766,388,6,0.11522794015599999,True,0.0677750010835,True,-0.06456430915519999,-0.0998966341319,-0.0321216330483,True
7767,388,7,0.163787673735,True,0.0637876586783,True,-0.0635263491782,-0.0947142592521,-0.0309266005737,True
7768,388,8,0.152187315223,True,0.0648289072958,True,-0.0655354149211,-0.0967780934164,-0.0319491861206,True
7769,388,9,0.116424208886,True,0.0627028512773,True,-0.0625055734565,-0.09101894462210001,-0.028316093344799998,True
7770,388,10,1.75124167032e-05,True,0.060732346119200004,True,-0.0754347008147,-0.10580458023299999,-0.04507223411380001,True
7771,388,11,5.394532822859999e-10,True,0.059536319061500004,True,-0.0793733092253,-0.109569683857,-0.05003336479500001,True
7772,388,12,1.15590552405e-09,True,0.0588406139212,True,-0.0739297295469,-0.101418174071,-0.0425775601496,True
7773,388,13,4.2417909541e-28,True,0.0583730555138,True,-0.0833715814161,-0.11170409807600001,-0.0533310425626,True
7774,388,14,2.01595774247e-11,True,0.0573010024467,True,-0.0773996431908,-0.10642034613399999,-0.049119343687199994,True
7775,388,15,3.2719502932099998e-18,True,0.057547380393199996,True,-0.0831741576417,-0.11187964892,-0.0543322685267,True
7776,388,16,1.27852423453e-29,True,0.056635967449400006,True,-0.0829938006133,-0.111589429586,-0.0549534621366,True
7777,388,17,8.716866963329999e-43,True,0.0559157557236,True,-0.0893445982106,-0.11659362060100001,-0.0606778648772,True
7778,388,18,2.6064709014599996e-55,True,0.0556185007619,True,-0.0903031495171,-0.11835781553099999,-0.0627393147691,True
7779,388,19,8.602607897749998e-60,True,0.0540055269412,True,-0.08651536783289998,-0.114122603126,-0.060117076185,True
7780,389,0,7.64343571013,False,0.14559530111,False,-0.06701173533009999,-0.139432695239,0.00616260587012,False
7781,389,1,20.9560592821,False,0.104718631273,False,-0.034500199678800005,-0.0853379746987,0.0193806565743,False
7782,389,2,22.3975731577,False,0.0910705231301,False,-0.031489998247599994,-0.07772396634939999,0.013346556780700002,False
7783,389,3,31.1472337736,False,0.0810957478622,False,-0.024393828198099998,-0.0614804567585,0.0196152911037,False
7784,389,4,14.855658822899999,False,0.0746678098181,True,-0.033926525682799996,-0.0718030001448,0.0028648096732199996,False
7785,389,5,26.4973538067,False,0.07059433302439999,True,-0.0256369991517,-0.061284550511,0.00930978251335,False
7786,389,6,16.7961997434,False,0.0681324011253,True,-0.0299928987981,-0.0647395525647,0.00339284856064,False
7787,389,7,4.29585736095,False,0.06196787066580001,True,-0.0383350688396,-0.06963764379819999,-0.00766977313246,True
7788,389,8,4.62653726225,False,0.0640409908148,True,-0.0392712520285,-0.0724707733271,-0.008429782512369999,True
7789,389,9,2.63581566124,False,0.061825532418800004,True,-0.041496391576,-0.0731694840731,-0.011343951654299998,True
7790,389,10,1.1286979936900001,False,0.0610123568014,True,-0.04641216310290001,-0.07760338008710001,-0.0165910232857,True
7791,389,11,2.19744622427,False,0.06058054829580001,True,-0.0448366967464,-0.07436409112669999,-0.0137835428308,True
7792,389,12,0.142037133833,True,0.058898712249800006,True,-0.049467907594800006,-0.0802044505928,-0.021305738343,True
7793,389,13,0.0441783212985,True,0.0577125942806,True,-0.055473460399,-0.0828370521214,-0.025124457840800002,True
7794,389,14,0.7115815257070001,False,0.0597088292825,True,-0.04660530003169999,-0.07634883749350001,-0.016640008211,True
7795,389,15,0.370643469149,False,0.0566509004447,True,-0.051113957002600005,-0.07926231286799999,-0.022611412423400003,True
7796,389,16,0.234249015572,True,0.05550068998840001,True,-0.0520595728111,-0.0786920396884,-0.023191349700000002,True
7797,389,17,0.36171795861199996,False,0.058700454915800004,True,-0.0512224475475,-0.08199164642630001,-0.0232911915105,True
7798,389,18,0.234629646912,True,0.0585482302503,True,-0.050814458686,-0.07833568260700001,-0.0197874523567,True
7799,389,19,1.1145534315299999,False,0.0552269989817,True,-0.0454140793886,-0.07265979837989998,-0.0174327993982,True
7800,390,0,8.13617939867,False,0.138408398674,False,-0.0607127387101,-0.13336298350700002,0.005045415167449999,False
7801,390,1,15.180358223199999,False,0.104123231581,False,-0.0411790628199,-0.09062170850469999,0.013501523076100001,False
7802,390,2,17.1280736606,False,0.08711919853,False,-0.033435083621299995,-0.07777815431269999,0.00934104421726,False
7803,390,3,7.038283226669999,False,0.07836057384860001,True,-0.0430748161496,-0.08389977829579999,-0.005539204447270001,True
7804,390,4,2.77236423686,False,0.0728111965233,True,-0.048090051357500004,-0.0862363654948,-0.013425168971500001,True
7805,390,5,5.72007008766,False,0.0718619613151,True,-0.042111710766900005,-0.0781610742623,-0.006299112947250001,True
7806,390,6,1.8942371624,False,0.0663385004175,True,-0.0464387592984,-0.0800786945027,-0.0137401940852,True
7807,390,7,4.72291004482,False,0.0641804178742,True,-0.0398959365121,-0.0722212245133,-0.008040806639120001,True
7808,390,8,3.7539964448800003,False,0.0630695242026,True,-0.0410008941032,-0.07274369839719999,-0.00967417419464,True
7809,390,9,7.301705849989999,False,0.062292684205099993,True,-0.034815158381199994,-0.0669586889565,-0.00466600475141,True
7810,390,10,4.88370623111,False,0.062422143573199994,True,-0.038103064457800005,-0.0684551208151,-0.0060329772419,True
7811,390,11,0.8517659068019999,False,0.0586145243388,True,-0.046535536743000004,-0.0768264212457,-0.0182118969068,True
7812,390,12,1.37411066776,False,0.05866914684169999,True,-0.045734349718899996,-0.0763501159061,-0.0176809690644,True
7813,390,13,1.21801388463,False,0.059453104498300005,True,-0.0436736463121,-0.0726209184224,-0.0131678139241,True
7814,390,14,0.669230416417,False,0.0596259286935,True,-0.048259723821199994,-0.0779296971983,-0.018303768504800002,True
7815,390,15,0.6094952603670001,False,0.0570638291593,True,-0.048584163609100006,-0.07700842906939999,-0.0199445999101,True
7816,390,16,0.00041212503009099995,True,0.0579447116801,True,-0.0554945447943,-0.08581447658630001,-0.0278697649063,True
7817,390,17,0.0814447440932,True,0.053707213333400006,True,-0.0550288924206,-0.0813400778159,-0.027632864482599998,True
7818,390,18,1.66007169177e-05,True,0.058099119650300006,True,-0.061101419574600004,-0.08847247517719999,-0.030373355526900004,True
7819,390,19,4.45332530523e-06,True,0.0566385060271,True,-0.060649992833,-0.089875923353,-0.033237417326,True
7820,391,0,24.8759214729,False,0.145315683044,False,-0.0274229530439,-0.101414835037,0.043900848006499994,False
7821,391,1,27.3967511807,False,0.102562104027,False,-0.027023238165,-0.0772032308324,0.025358873195000003,False
7822,391,2,34.5322904071,False,0.08927443133410001,False,-0.023157880441999998,-0.0657760954192,0.0234983359149,False
7823,391,3,22.0686195798,False,0.08197643953719999,False,-0.029851257950499997,-0.0696057262933,0.0123707132439,False
7824,391,4,14.3786313328,False,0.07678782266180001,True,-0.033928108860100004,-0.0733505609878,0.00343726167402,False
7825,391,5,10.6734454381,False,0.069952476901,True,-0.0355030008224,-0.0721225796612,-0.00217010276021,True
7826,391,6,16.085952333599998,False,0.068197864348,True,-0.0302931902673,-0.0625657976043,0.0056320667437100005,False
7827,391,7,2.37611752993,False,0.0632912704645,True,-0.0431118314162,-0.07520567827960001,-0.011914407815100002,True
7828,391,8,0.877595885174,False,0.062032576970300006,True,-0.0475298276116,-0.07886678095420001,-0.0168342039839,True
7829,391,9,0.527654847194,False,0.059991579935,True,-0.0474845057793,-0.0775623577665,-0.0175707778315,True
7830,391,10,0.343877385855,False,0.058663902807800004,True,-0.053620416778300005,-0.0810160318207,-0.0223521290128,True
7831,391,11,0.00125993927327,True,0.0599626005206,True,-0.05918477625469999,-0.0909973318061,-0.0310347312855,True
7832,391,12,1.96152086773e-10,True,0.0591055916079,True,-0.0677270577373,-0.09693292119280002,-0.037827329585,True
7833,391,13,8.71315405039e-08,True,0.0583008217502,True,-0.0659425929654,-0.09567848509929999,-0.0373776633492,True
7834,391,14,2.47668327642e-09,True,0.0572252593726,True,-0.06766200667830001,-0.09488913253260002,-0.03766387316,True
7835,391,15,5.62355597809e-09,True,0.0574834825637,True,-0.0710218537955,-0.101279579019,-0.0437960964555,True
7836,391,16,1.9423645239e-07,True,0.0546932722772,True,-0.0742201842099,-0.10237629295499999,-0.04768302067769999,True
7837,391,17,3.400065379e-11,True,0.0565922331047,True,-0.076092069842,-0.10409477412000001,-0.047502541015,True
7838,391,18,1.60796274332e-22,True,0.05698649703269999,True,-0.0809902061124,-0.10953157547499999,-0.0525450784418,True
7839,391,19,2.23607364529e-22,True,0.0575429188868,True,-0.0808769925768,-0.10812106114,-0.050578142252900006,True
7840,392,0,34.540972359,False,0.13222788559499998,False,-0.00423608513133,-0.06994381465289999,0.062284070942199996,False
7841,392,1,39.9873466742,False,0.10416043979699999,False,-0.0158180736635,-0.06746447734989999,0.0366959624469,False
7842,392,2,53.9044129387,False,0.0864263468118,False,-0.00738675703645,-0.05021003572930001,0.0362163110825,False
7843,392,3,53.3435162147,False,0.0783689577704,True,-0.00917600102528,-0.049033006518199994,0.029335951252200003,False
7844,392,4,40.8319988276,False,0.0736821683706,True,-0.017760624404500002,-0.0528204931116,0.020861675259,False
7845,392,5,48.0037820275,False,0.0698382591581,True,-0.014934675571700001,-0.0516526032563,0.018185655901799998,False
7846,392,6,29.1140217371,False,0.0678819302819,True,-0.0238480658702,-0.05805850268519999,0.00982342759675,False
7847,392,7,6.60708155367,False,0.0637292624321,True,-0.0372995497008,-0.0678308064432,-0.00410154401113,True
7848,392,8,1.33945455068,False,0.0603455239353,True,-0.0461993473946,-0.076496650513,-0.0161511265777,True
7849,392,9,1.3477695911899998,False,0.0621356961254,True,-0.0452774891152,-0.076045793394,-0.013910097268600001,True
7850,392,10,3.31902909059,False,0.061040610438400006,True,-0.0402060251904,-0.0723972293191,-0.0113566188806,True
7851,392,11,1.2205489574700001,False,0.0587586392468,True,-0.0440723053108,-0.0736664527398,-0.014907813492999999,True
7852,392,12,0.014761740249799999,True,0.0597446059572,True,-0.057161525386100004,-0.0867972467569,-0.027052640799599997,True
7853,392,13,0.000194999225976,True,0.0582371740747,True,-0.0581742189579,-0.08672933459349999,-0.0284921605188,True
7854,392,14,0.0027712198828600005,True,0.0572050448524,True,-0.0565604227992,-0.08507686084930001,-0.0278718159968,True
7855,392,15,0.020312455077400003,True,0.057687265231800004,True,-0.05781000942699999,-0.08602359645860001,-0.0283363312268,True
7856,392,16,0.000193431305447,True,0.0569917036445,True,-0.060460921710000004,-0.0890865490217,-0.0320948453772,True
7857,392,17,2.63174884645e-05,True,0.0552579604055,True,-0.0640756599749,-0.09137694418580002,-0.036118983780300006,True
7858,392,18,2.71782098e-10,True,0.0573379493475,True,-0.061651901217999995,-0.0893362809657,-0.0319983316182,True
7859,392,19,3.60482842776e-05,True,0.0559369106781,True,-0.062201074093699994,-0.08890326891180002,-0.0329663582337,True
7860,393,0,6.609189708910001,False,0.138896452113,False,-0.0658070168647,-0.132748760042,0.006147692070870001,False
7861,393,1,1.43485718213,False,0.105113356807,False,-0.07594858474630001,-0.12932867863,-0.024215321822599997,True
7862,393,2,2.84367591371,False,0.08860780109210001,False,-0.0566631242265,-0.0992118180378,-0.0106040169457,True
7863,393,3,1.87075080692,False,0.0786958716297,True,-0.054557342121199996,-0.09343331285530002,-0.014737441225600001,True
7864,393,4,0.329588797876,True,0.0770168373496,True,-0.06689150894859999,-0.10636818888699999,-0.029351351537200004,True
7865,393,5,0.105222873189,True,0.0694314649205,True,-0.0634523535452,-0.0969635478881,-0.027532082967500003,True
7866,393,6,0.364127600908,False,0.0653949896094,True,-0.052053886838300006,-0.0839991758347,-0.0186041862253,True
7867,393,7,1.4735866793599999,False,0.0650954493042,True,-0.046551330272,-0.0817251374063,-0.0166296881021,True
7868,393,8,0.33778304356899996,False,0.062477116592399996,True,-0.053174976339699996,-0.08389088714510001,-0.0214137705527,True
7869,393,9,1.9965292410599997,False,0.0621219779913,True,-0.0412113457017,-0.0722120948941,-0.0100901169028,True
7870,393,10,0.837603760652,False,0.0588908634387,True,-0.0464720832366,-0.0766973277862,-0.0178064643475,True
7871,393,11,0.613908227009,False,0.06055291759740001,True,-0.04883709828840001,-0.0780684171891,-0.017515499591700002,True
7872,393,12,2.4816360884099997,False,0.059336407711300006,True,-0.0437654081953,-0.07264489032589999,-0.0133084826146,True
7873,393,13,0.264970794653,True,0.05752654363469999,True,-0.053153880907399996,-0.0810064939874,-0.023479950352599997,True
7874,393,14,0.043936069300499994,True,0.0580780051502,True,-0.057383192065699994,-0.0857982572818,-0.0277202521316,True
7875,393,15,2.8583323841599996e-07,True,0.056533807736300005,True,-0.061085570492599994,-0.0904123448862,-0.0338785371499,True
7876,393,16,0.0317461277801,True,0.057916966836699994,True,-0.0630557899268,-0.09121090067439999,-0.0332939338378,True
7877,393,17,3.276941295899999e-20,True,0.0567637382124,True,-0.068807994634,-0.0976170868736,-0.0408533486612,True
7878,393,18,0.0036098711219200003,True,0.055711246496900006,True,-0.06901589338360001,-0.0976172423504,-0.0419059958535,True
7879,393,19,3.286489110030001e-11,True,0.054900427222300006,True,-0.0668696918837,-0.0947375754314,-0.0398371482091,True
7880,394,0,4.660151283369999,False,0.142932371437,False,-0.0705548426067,-0.148954299867,-0.0060219284301299995,True
7881,394,1,5.75928467842,False,0.106120463191,False,-0.05461405469549999,-0.110588608806,-0.004468145615060001,True
7882,394,2,19.4111391068,False,0.08790310151030001,False,-0.0345545879654,-0.07842359897260001,0.00947950253768,False
7883,394,3,23.1170716531,False,0.0798142405944,True,-0.029179543272,-0.0676571138817,0.0121571267127,False
7884,394,4,9.0849010312,False,0.071297869188,True,-0.037222845890599994,-0.07273938205460001,-0.00144151286662,True
7885,394,5,2.8055279806299995,False,0.07032201005699999,True,-0.045583070979199995,-0.0803093759236,-0.009987365866620001,True
7886,394,6,5.591534996830001,False,0.065269373973,True,-0.0374103645357,-0.07206698128210001,-0.00679760730904,True
7887,394,7,14.8901724979,False,0.0643438260099,True,-0.0309020834095,-0.0624338344262,0.00190999158372,False
7888,394,8,20.6681663096,False,0.06381536407909999,True,-0.0268742564593,-0.0598998445358,0.00391551954323,False
7889,394,9,22.5505476909,False,0.0629788666581,True,-0.0254419586742,-0.055121232719400004,0.00785763393867,False
7890,394,10,35.3294858942,False,0.0600915187919,True,-0.0207841885007,-0.05024804718780001,0.00984347160407,False
7891,394,11,54.1136584461,False,0.0609479220852,True,-0.0142038266732,-0.045354810346900004,0.015593111738299999,False
7892,394,12,56.2433723212,False,0.058410083124400006,True,-0.013587645242099999,-0.0431329587659,0.0152771243585,False
7893,394,13,60.4478396149,False,0.0579198876956,True,-0.0119902874026,-0.0419697486406,0.015950139055,False
7894,394,14,65.807784322,False,0.05818822780019999,True,-0.0109051266821,-0.0412374448166,0.0169507829836,False
7895,394,15,58.0085528475,False,0.0554934578285,True,-0.0129139461654,-0.0424228020615,0.013070655767,False
7896,394,16,56.2494971071,False,0.055815236629,True,-0.013915421588,-0.0426894523981,0.013125784231,False
7897,394,17,55.786328562799994,False,0.0561646902549,True,-0.012996727391899998,-0.042111356475499996,0.0140533337794,False
7898,394,18,39.4178373097,False,0.0564759632282,True,-0.0188464850351,-0.046649911497400005,0.00982605173081,False
7899,394,19,51.7298376503,False,0.057772610045099995,True,-0.0148200150105,-0.0421807356546,0.015591874390499999,False
7900,395,0,21.548394169899996,False,0.13958250998,False,-0.0354069587091,-0.107190713849,0.032391796131599995,False
7901,395,1,6.3606304762,False,0.10627175541400001,False,-0.054728083476800006,-0.10897809015399999,-0.00270633473964,True
7902,395,2,0.102430581678,True,0.0860727993759,False,-0.0761690649709,-0.11954966205,-0.0334768626737,True
7903,395,3,1.0824182089,False,0.0815069339541,False,-0.059022850774999996,-0.0996588226953,-0.018151888741200002,True
7904,395,4,0.0842244915642,True,0.0736537836063,True,-0.0647312687808,-0.102940261229,-0.029286477623200004,True
7905,395,5,0.14885253753,True,0.06799239430269999,True,-0.0597586302757,-0.0932689670056,-0.025276572702900003,True
7906,395,6,1.10979651808,False,0.067179984006,True,-0.0513938135499,-0.0837457538542,-0.0165657698482,True
7907,395,7,0.677657836926,False,0.0642848190551,True,-0.0512680058909,-0.0834656356493,-0.0191808165942,True
7908,395,8,5.21103099921,False,0.0626171306043,True,-0.0385341749909,-0.0697765071194,-0.007159376515149999,True
7909,395,9,4.98506109247,False,0.0608494801297,True,-0.036925306388400005,-0.06978787683689999,-0.008938396707170001,True
7910,395,10,4.7694521823,False,0.058768586373399996,True,-0.035557536028699994,-0.06420916533969999,-0.00544057896635,True
7911,395,11,5.40760249355,False,0.059062596680199995,True,-0.036293928897099995,-0.06559528847580001,-0.00653269179568,True
7912,395,12,1.36937614421,False,0.0576144785614,True,-0.040808581044900004,-0.0699508620801,-0.0123363835186,True
7913,395,13,1.81869928354,False,0.058728599895000004,True,-0.0435056074496,-0.0745509232895,-0.0158223233944,True
7914,395,14,2.47426706819,False,0.0593707480698,True,-0.040024465126999996,-0.07061195437130001,-0.0112412063015,True
7915,395,15,2.6888844007,False,0.0597928991479,True,-0.0403746367081,-0.0698558320301,-0.010062932882299999,True
7916,395,16,0.465645834538,False,0.059277189112800006,True,-0.0484992905184,-0.0764780998598,-0.0172009107469,True
7917,395,17,0.0604028695053,True,0.055059462862900005,True,-0.053691464769000004,-0.082025298006,-0.0269658351431,True
7918,395,18,0.000563573685139,True,0.0572852309899,True,-0.0539477460246,-0.0825576117243,-0.0252723807344,True
7919,395,19,0.239429965125,True,0.0562533192795,True,-0.0543066227396,-0.08187842867160001,-0.0256251093921,True
7920,396,0,35.2847087419,False,0.14313758562999998,False,0.0030531203737800003,-0.0674431003721,0.07569448525839999,False
7921,396,1,45.764346767,False,0.100433315029,False,-0.00942989614404,-0.0595076852654,0.0409256297636,False
7922,396,2,33.0375281026,False,0.0901400957806,False,-0.022621831430700002,-0.0674698151652,0.022670280615500003,False
7923,396,3,45.2403638417,False,0.0791942166055,True,-0.016802563429399998,-0.0565063970735,0.022687819531999998,False
7924,396,4,31.949725301300003,False,0.07367968115160001,True,-0.023398500720099996,-0.061955435856599995,0.011724245295,False
7925,396,5,24.045423311500002,False,0.0707494187775,True,-0.026614005529400003,-0.060400301118900004,0.0103491176586,False
7926,396,6,12.6698181345,False,0.06729047557300001,True,-0.032516793806400004,-0.0672533032754,3.71722975319e-05,False
7927,396,7,2.06484919246,False,0.0621857933229,True,-0.0432366868728,-0.0726899317672,-0.010504138444299998,True
7928,396,8,0.171417234328,True,0.0633271577239,True,-0.0517651048645,-0.08562292420949999,-0.022295766485599996,True
7929,396,9,0.0771922182712,True,0.0606102850668,True,-0.0559196888475,-0.0866991619122,-0.026088876845400004,True
7930,396,10,1.26240650366e-10,True,0.0596851325074,True,-0.07153459208650001,-0.102990689342,-0.0433055568348,True
7931,396,11,0.00017690754061700002,True,0.0601344089619,True,-0.0743630680472,-0.10618513265799999,-0.0460507236959,True
7932,396,12,4.500359975530001e-12,True,0.057945343673400006,True,-0.0793023756145,-0.108305015504,-0.0503596718303,True
7933,396,13,9.45128596144e-16,True,0.0575080827885,True,-0.0742714390978,-0.102350537111,-0.044842454322699996,True
7934,396,14,6.93101066644e-14,True,0.0569578224498,True,-0.0714767242663,-0.100463145062,-0.043505322611800006,True
7935,396,15,2.13805418078e-25,True,0.05842952006680001,True,-0.0813050468692,-0.111143885403,-0.0527143653361,True
7936,396,16,3.3492672449099995e-22,True,0.058219072443900004,True,-0.083059686388,-0.114388057052,-0.0561689846086,True
7937,396,17,3.16215603389e-38,True,0.0564993557323,True,-0.0842353910572,-0.11528865739600001,-0.058789301664,True
7938,396,18,5.74527531071e-17,True,0.0580671079736,True,-0.08585456750579999,-0.114671795943,-0.056604687969699995,True
7939,396,19,6.386581336159999e-34,True,0.0562099503024,True,-0.08746438899879999,-0.11436151482200001,-0.058151564519600005,True
7940,397,0,33.9319324024,False,0.138290254564,False,-0.00363921635828,-0.0758406388183,0.0624496157455,False
7941,397,1,18.3991226326,False,0.105017479704,False,-0.036332311987900004,-0.09056572923720001,0.014451750466700001,False
7942,397,2,18.3120261432,False,0.08895131730010002,False,-0.0343509616652,-0.0786076695456,0.0103436477545,False
7943,397,3,12.760290228299999,False,0.0815079279276,False,-0.036858855932300004,-0.07803071338419999,0.00347721454335,False
7944,397,4,3.1416725426700003,False,0.0752066458032,True,-0.0485025002439,-0.0854571005108,-0.0102504547075,True
7945,397,5,3.5909783407599996,False,0.0706637401543,True,-0.044810938428499994,-0.0825666564303,-0.0119029162761,True
7946,397,6,2.86919486083,False,0.0664087587898,True,-0.044403898682,-0.07771153864130001,-0.011302779851500001,True
7947,397,7,1.5214543912099998,False,0.0651393325837,True,-0.0459833043887,-0.07776611183639999,-0.0126267792527,True
7948,397,8,7.78211194772,False,0.0630634194491,True,-0.03541480052,-0.06714217376069999,-0.00407875431163,True
7949,397,9,7.99697666204,False,0.0608769036025,True,-0.0347288426469,-0.0654804495436,-0.00460354594104,True
7950,397,10,2.38164115748,False,0.05963811090369999,True,-0.0429060191015,-0.0715780909039,-0.0119399800002,True
7951,397,11,0.995605660561,False,0.0613148678793,True,-0.0461519919406,-0.0784962613753,-0.017181393496,True
7952,397,12,0.877002712939,False,0.0591668557483,True,-0.04636604639980001,-0.0762508386737,-0.0170839829255,True
7953,397,13,1.28164110463,False,0.0571655322787,True,-0.0433654324439,-0.07334384319880001,-0.0161783109201,True
7954,397,14,5.32720546274,False,0.057345773065300004,True,-0.034142493675,-0.0623837469763,-0.005037973910979999,True
7955,397,15,2.97348455258,False,0.0572281012306,True,-0.038442180637699996,-0.0663333179129,-0.009105216682299999,True
7956,397,16,3.03955197126,False,0.057745708296999994,True,-0.0395429041724,-0.06796024899519999,-0.010214540698299999,True
7957,397,17,2.2410136181,False,0.058237099178200004,True,-0.040613694377699995,-0.07043198192080001,-0.012194882742600001,True
7958,397,18,1.03011497291,False,0.058045951907,True,-0.0441824406477,-0.073072650175,-0.015026698267999999,True
7959,397,19,0.435744026861,False,0.0583172941219,True,-0.04904586097,-0.0770866736489,-0.018769379527000002,True
7960,398,0,2.61405150745,False,0.143040215624,False,-0.0823735143008,-0.15614086853599998,-0.0131006529119,True
7961,398,1,25.071450742199996,False,0.10373867205199999,False,-0.029870254602099997,-0.08199074884289999,0.0217479232094,False
7962,398,2,52.1503327771,False,0.0883553490852,False,-0.00519416471341,-0.047676854366499995,0.0406784947187,False
7963,398,3,58.3583492356,False,0.07890557351,True,-0.00750335914567,-0.044660053384999995,0.0342455201249,False
7964,398,4,62.13933099729999,False,0.0745360198046,True,-0.0027069802521999995,-0.0406812830504,0.033854736754099994,False
7965,398,5,51.7235831596,False,0.0698661038426,True,-0.013367006705100002,-0.048407618755,0.0214584850875,False
7966,398,6,59.862908763,False,0.0661761480818,True,-0.0109207886243,-0.044774099087300005,0.0214020489945,False
7967,398,7,60.5758485284,False,0.06435625464769999,True,-0.0112934741445,-0.043697517735599996,0.020658736912,False
7968,398,8,43.4022837748,False,0.0629820733146,True,-0.0188868587247,-0.049870908201099996,0.0131111651135,False
7969,398,9,9.95635838363,False,0.06060926786169999,True,-0.0320814596014,-0.062140668416300004,-0.00153140055459,True
7970,398,10,7.07577476736,False,0.06141495910230001,True,-0.0344829184483,-0.0662407929653,-0.00482583386302,True
7971,398,11,5.919435791460001,False,0.060457660386,True,-0.036678702367699996,-0.0662271834153,-0.00576952302931,True
7972,398,12,1.51963624189,False,0.0577365715533,True,-0.0423842673623,-0.0714959223294,-0.0137593507761,True
7973,398,13,3.22900493197,False,0.0586368559083,True,-0.0397852054275,-0.06871268535349999,-0.0100758294452,True
7974,398,14,3.7031196428699995,False,0.05915610764069999,True,-0.0375249942413,-0.0667114007063,-0.007555293065640001,True
7975,398,15,0.95222964809,False,0.055537277377000004,True,-0.0433960303225,-0.0696255696375,-0.014088292260399999,True
7976,398,16,1.02036595396,False,0.0567504701853,True,-0.0460494924732,-0.0744149206189,-0.017664450433599998,True
7977,398,17,0.7638718265539999,False,0.0559186453803,True,-0.0458699916189,-0.0733001374388,-0.017381492058500002,True
7978,398,18,0.47965863565399997,False,0.05681644178280001,True,-0.0456927532191,-0.07304550775780001,-0.016229065974999998,True
7979,398,19,0.178540328939,True,0.055827388019199994,True,-0.0490442334446,-0.0764724264012,-0.020645038382000002,True
7980,399,0,0.138389516826,True,0.144653024084,False,-0.124284025824,-0.192823813502,-0.048170789418,True
7981,399,1,0.000652378907858,True,0.10554858191199999,False,-0.11138996320800001,-0.16658980481,-0.06104122289800001,True
7982,399,2,0.005650069244819999,True,0.08554212277010001,False,-0.0788938676947,-0.122943259025,-0.0374011362551,True
7983,399,3,0.060376054962,True,0.0782466237502,True,-0.08628844820730001,-0.122380234079,-0.044133610328699995,True
7984,399,4,2.41621624673e-05,True,0.0756897774858,True,-0.0786051351693,-0.115396628486,-0.039706851000300004,True
7985,399,5,0.008979699569739999,True,0.072463725108,True,-0.07367360432810001,-0.11126574510399999,-0.0388020199962,True
7986,399,6,0.000161613802087,True,0.0669613089461,True,-0.0698286267474,-0.10391138811799999,-0.0369500791721,True
7987,399,7,0.0416379447006,True,0.0675607838337,True,-0.071529695868,-0.10614038645300002,-0.038579602619199994,True
7988,399,8,0.037301441426599996,True,0.06390481428780001,True,-0.0772993449596,-0.11023268467700001,-0.046327870389,True
7989,399,9,1.01709519317e-07,True,0.06197202657840001,True,-0.0843489712224,-0.11475437209599999,-0.0527823455173,True
7990,399,10,7.51838981086e-11,True,0.063697600826,True,-0.08233926425039999,-0.114593156373,-0.050895555547199996,True
7991,399,11,1.0812556913399998e-23,True,0.062017076242199994,True,-0.0861919359062,-0.11665432177200001,-0.054637245530199996,True
7992,399,12,1.27934811556e-29,True,0.0601650579762,True,-0.08422496409289999,-0.112296318928,-0.052131260951699995,True
7993,399,13,4.300578121349999e-34,True,0.058592970414500005,True,-0.0833343354865,-0.112971787427,-0.0543788170124,True
7994,399,14,2.15710358856e-33,True,0.05690314725909999,True,-0.0792931452237,-0.10721572899599999,-0.05031258173719999,True
7995,399,15,9.746825318069999e-30,True,0.0567008864905,True,-0.0805166442419,-0.107544883893,-0.05084399740230001,True
7996,399,16,1.4173640902199999e-36,True,0.0551848132738,True,-0.0828798776135,-0.10984842044700001,-0.054663607173,True
7997,399,17,2.26124561193e-41,True,0.0581015957207,True,-0.0865823296775,-0.116460765775,-0.0583591700543,True
7998,399,18,5.671592785349999e-24,True,0.0561249413145,True,-0.0855594960058,-0.11509725915999999,-0.0589723178451,True
7999,399,19,2.0933069567599995e-48,True,0.0559983309853,True,-0.0857128170097,-0.11386557578800001,-0.057867244802800005,True
8000,400,0,1.64716649154,False,0.148439214617,False,-0.09585373052139999,-0.172096402161,-0.0236571875442,True
8001,400,1,6.840241954990001,False,0.10233696927300001,False,-0.0513018017215,-0.10071662355000001,0.00162034572289,False
8002,400,2,1.2114087144399999,False,0.08865556532369999,False,-0.0635298065958,-0.108802160292,-0.020146594967900004,True
8003,400,3,0.170878793202,True,0.08230545049539999,False,-0.0721750603109,-0.111586602586,-0.029281152090699997,True
8004,400,4,0.040716502819199994,True,0.0709595637239,True,-0.06787903651890001,-0.10337120841900001,-0.0324116446955,True
8005,400,5,1.18923366252e-08,True,0.07261503277180001,True,-0.0744849811836,-0.108780496041,-0.036165463268699995,True
8006,400,6,0.00037498072299500004,True,0.06693958624350001,True,-0.0677475296552,-0.10213029267000001,-0.03519070642680001,True
8007,400,7,0.013375263826299999,True,0.0640958764973,True,-0.06446730677319999,-0.0960930754754,-0.031997198978,True
8008,400,8,4.61519216028e-05,True,0.063601188422,True,-0.0667296952708,-0.0977466272803,-0.0341454388582,True
8009,400,9,0.883771253258,False,0.061222341333599994,True,-0.053962690452899996,-0.0835088937492,-0.0222865524156,True
8010,400,10,1.59071003386,False,0.0603589890089,True,-0.0443357453168,-0.0770254246095,-0.0166664356007,True
8011,400,11,1.4596851297,False,0.0588328230436,True,-0.0452841967696,-0.0743984101604,-0.015565587116799999,True
8012,400,12,1.05498270749,False,0.0571051395785,True,-0.0484752466001,-0.07741825115939999,-0.0203131115809,True
8013,400,13,0.192551183315,True,0.0574291374333,True,-0.05142009877380001,-0.08157086248289999,-0.0241417250496,True
8014,400,14,0.836396509238,False,0.057659049720700004,True,-0.0452010056451,-0.0750180794201,-0.0173590296994,True
8015,400,15,0.37068238794,False,0.0571550663721,True,-0.045101291031300006,-0.0737530771454,-0.0165980107733,True
8016,400,16,0.605249135908,False,0.059295989238300005,True,-0.049887258993,-0.07856967669689999,-0.0192736874586,True
8017,400,17,0.621291442768,False,0.056769929816100004,True,-0.0497531836467,-0.07921952861560001,-0.0224495987995,True
8018,400,18,0.184402449538,True,0.0545927157227,True,-0.050770892441800004,-0.07764637704489999,-0.0230536613221,True
8019,400,19,0.000141949755759,True,0.0562255796667,True,-0.0563360934473,-0.0842956622913,-0.0280700826246,True
8020,401,0,32.213227706,False,0.142224731969,False,0.00539203776143,-0.0669447162136,0.07528001575519999,False
8021,401,1,5.16642724625,False,0.103022358547,False,-0.0568350291292,-0.105781442049,-0.0027590835023000005,True
8022,401,2,2.6169395208,False,0.0883746749462,False,-0.057199065385999996,-0.099073024228,-0.010698349281799998,True
8023,401,3,0.0409073703438,True,0.07620891754800001,True,-0.0759099865327,-0.113649480227,-0.0374405626791,True
8024,401,4,0.0306168763043,True,0.075153206791,True,-0.0785488548775,-0.114876653754,-0.039723446963,True
8025,401,5,0.135131867106,True,0.0711151298125,True,-0.06283477870569999,-0.0998985241034,-0.028783394290800002,True
8026,401,6,0.287034443623,True,0.0670660962722,True,-0.06092316131369999,-0.0944410317478,-0.0273749354756,True
8027,401,7,0.877576664933,False,0.0665899994302,True,-0.0526102923411,-0.08701095114610001,-0.020420951715900002,True
8028,401,8,0.373890779189,False,0.0643318972853,True,-0.0553926895061,-0.0882635964035,-0.0239316991182,True
8029,401,9,0.361219928979,False,0.0614814575751,True,-0.052650832335700004,-0.0854110777964,-0.023929620221299998,True
8030,401,10,0.842794975285,False,0.062140296442,True,-0.0500175088794,-0.08230397041899999,-0.020163673977000002,True
8031,401,11,1.0837040081,False,0.059109490493900005,True,-0.0466560005006,-0.076883991857,-0.017774501363099996,True
8032,401,12,0.37102729302000004,False,0.05941393605769999,True,-0.050662981111399996,-0.0823108035157,-0.022896867458,True
8033,401,13,0.142510159132,True,0.0565336061744,True,-0.0522898766215,-0.0815378352609,-0.0250042290865,True
8034,401,14,1.01826274531,False,0.057608805961699996,True,-0.0481907687411,-0.0772423982597,-0.019633592298,True
8035,401,15,0.114877008709,True,0.056090520475900005,True,-0.059174665125400004,-0.08702846304980001,-0.030937942574,True
8036,401,16,0.19401126703,True,0.057435865310899996,True,-0.053711138343599994,-0.0813127136439,-0.023876848333099998,True
8037,401,17,6.854615844e-05,True,0.058174331870099995,True,-0.0601306119123,-0.09077252283439999,-0.0325981909643,True
8038,401,18,0.00164083168366,True,0.05700143811919999,True,-0.06374942441,-0.09084684657889999,-0.0338454084597,True
8039,401,19,4.27067287685e-25,True,0.055391715062300007,True,-0.072841041173,-0.10105032385,-0.045658608787199996,True
8040,402,0,15.8206377928,False,0.139848961935,False,-0.045729724544599996,-0.116480987977,0.023367973958400002,False
8041,402,1,4.63311964755,False,0.10072446747099999,False,-0.055237331539000005,-0.10591141770700001,-0.005186950236060001,True
8042,402,2,6.413944398380001,False,0.0917349019959,False,-0.048533189602199996,-0.09475853425000001,-0.0030236322540500003,True
8043,402,3,2.56885160064,False,0.0807733945983,False,-0.0549185274962,-0.0963236786528,-0.0155502840544,True
8044,402,4,2.06286843817,False,0.075490346873,True,-0.050796507530699996,-0.0880772959428,-0.0125869490698,True
8045,402,5,0.642927703681,False,0.0687028041572,True,-0.0530728821995,-0.0886358018754,-0.0199329977182,True
8046,402,6,0.051088295787699994,True,0.06695776219840001,True,-0.059637398106,-0.09342597639620001,-0.026468214197800002,True
8047,402,7,3.87183771895e-05,True,0.0655267252291,True,-0.0680716812858,-0.103153168197,-0.0376264429675,True
8048,402,8,0.000330154730174,True,0.0633074053077,True,-0.06742271905109999,-0.0983865837037,-0.035079178396,True
8049,402,9,0.129269185531,True,0.05999268683569999,True,-0.0571346947521,-0.08788091444389999,-0.0278882276082,True
8050,402,10,0.0007731208767069999,True,0.0622759340041,True,-0.0607474060099,-0.0917116090373,-0.0294356750332,True
8051,402,11,0.0855971507849,True,0.0595825479134,True,-0.0579280480293,-0.08771875564310001,-0.028136207729799998,True
8052,402,12,0.18418910716200002,True,0.0591189947996,True,-0.053292722542300004,-0.0855181300169,-0.0263991352173,True
8053,402,13,0.38623206476800004,False,0.0581367104868,True,-0.0475281377702,-0.07629243656010001,-0.018155726073300002,True
8054,402,14,0.731355713184,False,0.0575575779318,True,-0.048348046606800005,-0.0769136177487,-0.0193560398169,True
8055,402,15,0.21799677731400002,True,0.057971430487800006,True,-0.053693439616599996,-0.08291960280380001,-0.024948172316,True
8056,402,16,0.0739729631878,True,0.0580845299745,True,-0.056203542369800005,-0.0873447515934,-0.0292602216189,True
8057,402,17,0.010893353586500001,True,0.054083907225400005,True,-0.0577141282797,-0.08558286600130001,-0.031498958775900004,True
8058,402,18,0.15304060727399998,True,0.0567534380168,True,-0.0592627873744,-0.0883109129019,-0.0315574748851,True
8059,402,19,0.00313975344659,True,0.054476930232300005,True,-0.062410146924700004,-0.0888889448722,-0.0344120146399,True
8060,403,0,32.7717447521,False,0.144467174978,False,-0.007864963434500001,-0.07927436133169999,0.0651928136468,False
8061,403,1,37.4947922926,False,0.10455367435,False,-0.018708704054900004,-0.0748284607082,0.0297252136415,False
8062,403,2,36.902665425500004,False,0.0837609734825,False,-0.020421717521200002,-0.0624272802651,0.021333693217299998,False
8063,403,3,19.5717991347,False,0.0791662769368,True,-0.0316712530868,-0.0682353615875,0.0109309153494,False
8064,403,4,0.704513178924,False,0.0735953029328,True,-0.0560172089874,-0.0919131622264,-0.0183178592936,True
8065,403,5,0.696680153942,False,0.0697610711135,True,-0.05387259656880001,-0.0883492318075,-0.018588160694,True
8066,403,6,3.2734242829699998,False,0.0669815681772,True,-0.0448141104936,-0.0793517671589,-0.012370198981700001,True
8067,403,7,0.8985570507260001,False,0.0657770892241,True,-0.052239914754800006,-0.08464026188750001,-0.018863172663400003,True
8068,403,8,4.68300554062,False,0.06387837293880001,True,-0.0416980060949,-0.07541101154419999,-0.0115326386054,True
8069,403,9,0.581928781689,False,0.060807456060899996,True,-0.049017444818199994,-0.0790197191282,-0.0182122630673,True
8070,403,10,0.8338679697370001,False,0.059310344117700003,True,-0.0464137450408,-0.0765052143745,-0.0171948702568,True
8071,403,11,4.68441255518,False,0.0608400391163,True,-0.0368899197033,-0.0674561265226,-0.0066160874063300006,True
8072,403,12,3.7117762453400003,False,0.060159025989800004,True,-0.0389098710314,-0.0684107628411,-0.0082517368513,True
8073,403,13,3.47995018693,False,0.060199371952,True,-0.0407012553689,-0.07100355402160001,-0.010804182069600002,True
8074,403,14,1.9346441630000002,False,0.0572398323644,True,-0.039752907961699994,-0.0675606343342,-0.0103208019697,True
8075,403,15,0.507906181573,False,0.0562019499801,True,-0.046626493913699996,-0.0748614868013,-0.018659536821099998,True
8076,403,16,0.974402814313,False,0.058101030818499995,True,-0.047743080832599996,-0.07656342498810001,-0.018462394169599997,True
8077,403,17,0.49284339298,False,0.0571485241993,True,-0.049846618570699996,-0.079188397531,-0.0220398733317,True
8078,403,18,0.00269019401292,True,0.0545650316749,True,-0.05372600265480001,-0.0808393240643,-0.0262742923894,True
8079,403,19,5.048189567670001e-09,True,0.0571838813004,True,-0.060606109439900004,-0.0889524336272,-0.031768552326700006,True
8080,404,0,3.5221869529100003,False,0.139832194409,False,-0.076266703454,-0.146741658953,-0.006909464544340001,True
8081,404,1,4.69913797021,False,0.10774071647,False,-0.058574975652999996,-0.11075005730399999,-0.00300934083492,True
8082,404,2,4.13282832244,False,0.088433733815,False,-0.05289572311580001,-0.0973808755589,-0.00894714174394,True
8083,404,3,1.68394619134,False,0.0809947229123,False,-0.055964963173199996,-0.09720198640349999,-0.0162072634913,True
8084,404,4,1.08930334469,False,0.0744545965888,True,-0.053200168635999995,-0.08991516072689999,-0.015460564138,True
8085,404,5,0.82602647788,False,0.0698509590934,True,-0.05594870936980001,-0.0894441033851,-0.0195931442917,True
8086,404,6,0.240333171103,True,0.06872364886419999,True,-0.06193134678309999,-0.0949967165735,-0.0262730677094,True
8087,404,7,0.00215161730895,True,0.0651225048858,True,-0.0666782368442,-0.09888058911460001,-0.0337580842288,True
8088,404,8,2.19476745205e-05,True,0.0645582651788,True,-0.06735575021790001,-0.099849606121,-0.035291340942199996,True
8089,404,9,1.06980806195e-06,True,0.0615215752936,True,-0.06724457090409999,-0.0970144327241,-0.0354928574305,True
8090,404,10,5.91614649529e-06,True,0.062310547759300006,True,-0.070111356537,-0.100210694189,-0.0379001464299,True
8091,404,11,2.81605963184e-05,True,0.0612121098757,True,-0.0680244162655,-0.0965925709918,-0.035380461116199996,True
8092,404,12,8.60356696193e-06,True,0.0596584232498,True,-0.0720528089381,-0.101144406591,-0.0414859833411,True
8093,404,13,4.034268932830001e-08,True,0.05692910670580001,True,-0.0638673826149,-0.0921227958873,-0.0351936891816,True
8094,404,14,4.6913662504e-06,True,0.0588494741248,True,-0.0627135416656,-0.09321819463749999,-0.0343687205127,True
8095,404,15,1.39960108856e-05,True,0.0587916428816,True,-0.0642275039639,-0.0943820051402,-0.035590362258599996,True
8096,404,16,3.0947975319e-10,True,0.0592606245837,True,-0.0668745963583,-0.0957077589828,-0.036447134399099995,True
8097,404,17,7.11017941852e-18,True,0.0571857115517,True,-0.07180718091539999,-0.10054518939,-0.0433594778388,True
8098,404,18,3.5517135922600005e-15,True,0.056470309140300004,True,-0.06986654029360001,-0.09730551185650001,-0.040835202716199996,True
8099,404,19,1.1006384220600002e-20,True,0.0581085019979,True,-0.0795516431525,-0.108987401927,-0.0508788999291,True
8100,405,0,19.6950173092,False,0.136989940414,False,-0.038941492208800006,-0.10910606181600001,0.0278838785983,False
8101,405,1,6.69701573538,False,0.10153856014,False,-0.05314015817290001,-0.10134321670499999,0.000195343434599,False
8102,405,2,3.18569413556,False,0.08643907526139999,False,-0.0541696843232,-0.095953597968,-0.00951452270667,True
8103,405,3,2.41675635159,False,0.08067664629589999,False,-0.0525175294846,-0.0903102307023,-0.00963358440648,True
8104,405,4,1.7386022339900002,False,0.0720395596338,True,-0.052940074237,-0.0889872715404,-0.0169477119067,True
8105,405,5,8.915449368460001,False,0.0680366519559,True,-0.0370820052967,-0.07102808731039999,-0.00299143535452,True
8106,405,6,1.7074539312299999,False,0.0642761497738,True,-0.0486153990585,-0.0812537970466,-0.0169776472728,True
8107,405,7,2.75713809804,False,0.0670473344069,True,-0.0447982066983,-0.0769491629334,-0.00990182852649,True
8108,405,8,3.14932614727,False,0.0601936634322,True,-0.0411002203014,-0.0696916617723,-0.009497998340099999,True
8109,405,9,1.10984656218,False,0.062010504364999997,True,-0.04475624334890001,-0.07766455432130001,-0.0156540499563,True
8110,405,10,1.36195034896,False,0.0614313709472,True,-0.0446922448707,-0.0770176037431,-0.015586232795899999,True
8111,405,11,3.9459321348800005,False,0.0595452623405,True,-0.037098091887,-0.0655095288242,-0.00596426648374,True
8112,405,12,0.984431196328,False,0.059856429701,True,-0.043399739204799996,-0.0745062906621,-0.0146498609612,True
8113,405,13,2.7068025493799994,False,0.056993630763600006,True,-0.038785555381,-0.0665424431645,-0.00954881240086,True
8114,405,14,3.81980017605,False,0.06121878743419999,True,-0.040352587870400004,-0.0710388729947,-0.009820085560440001,True
8115,405,15,1.1720734972700002,False,0.056158006880400006,True,-0.041485090112300005,-0.06924869768189999,-0.0130906908015,True
8116,405,16,2.2607265830400003,False,0.058273980827699995,True,-0.038926159651,-0.06930898069510001,-0.0110349998674,True
8117,405,17,8.238902710389999,False,0.0558660243114,True,-0.031008900274099995,-0.0602589580856,-0.004392933774189999,True
8118,405,18,9.57907924257,False,0.0573420484982,True,-0.0310521911237,-0.059851050816299996,-0.0025090023181300004,True
8119,405,19,6.50199405367,False,0.0549542597415,True,-0.032405584994700004,-0.058057062894699994,-0.00310280315321,True
8120,406,0,2.44992879396,False,0.144726763028,False,-0.086652506327,-0.162122160277,-0.0173953972483,True
8121,406,1,2.19158120468,False,0.104141269482,False,-0.0660527036513,-0.119031001464,-0.014889731981799999,True
8122,406,2,8.13515699229,False,0.08706855572360002,False,-0.04656558942530001,-0.0899629931593,-0.00289443743569,True
8123,406,3,1.75740850098,False,0.08189409069510001,False,-0.0555517626221,-0.0943172866528,-0.0124231959577,True
8124,406,4,1.04389964206,False,0.0755048411242,True,-0.05687883652430001,-0.0956304798967,-0.0201256387725,True
8125,406,5,1.1504439435200002,False,0.0682969713237,True,-0.0528630384934,-0.08561742413760001,-0.017320452813900003,True
8126,406,6,0.185369147902,True,0.0661238155863,True,-0.0572004582498,-0.0892016932113,-0.023077877625000003,True
8127,406,7,8.72482472982e-08,True,0.0639920731285,True,-0.0679713368452,-0.10081908716299999,-0.0368270140348,True
8128,406,8,4.79525641264e-05,True,0.060607766105,True,-0.070281237483,-0.101488673708,-0.040880907602800005,True
8129,406,9,4.5999407229200003e-07,True,0.0605626044747,True,-0.0630343428107,-0.09429623465360001,-0.033733630178799996,True
8130,406,10,0.00114186148491,True,0.060263047545999995,True,-0.061940177246400004,-0.0936265702832,-0.0333635227372,True
8131,406,11,0.0160891191432,True,0.0628370800559,True,-0.0624234339805,-0.092592563091,-0.029755483035,True
8132,406,12,7.70377180531e-13,True,0.058944356014099995,True,-0.07136549114289999,-0.100379286579,-0.0414349305653,True
8133,406,13,4.014165153169999e-20,True,0.0569604712019,True,-0.07578604373860001,-0.104896931611,-0.0479364604091,True
8134,406,14,1.30468323328e-11,True,0.059047556978,True,-0.0727788090357,-0.102287957394,-0.043240400416199996,True
8135,406,15,7.557895902230001e-17,True,0.056406671812100004,True,-0.071354267182,-0.09948241639630001,-0.0430757445842,True
8136,406,16,9.91100161996e-13,True,0.056005131875,True,-0.0648824318502,-0.0926292398953,-0.0366241080203,True
8137,406,17,0.00740386044859,True,0.0570790644355,True,-0.0652675494261,-0.09549507995760001,-0.038416015522,True
8138,406,18,1.9259437890500003e-17,True,0.0550335848331,True,-0.0687892558902,-0.0950577897436,-0.040024204910499996,True
8139,406,19,7.543195985420001e-17,True,0.056219530282399996,True,-0.0708155527036,-0.0978045789787,-0.0415850486963,True
8140,407,0,34.3670157858,False,0.14636715599300001,False,0.00149830253689,-0.0720292360657,0.0743379199273,False
8141,407,1,34.201329562199994,False,0.105368297086,False,-0.0221253422524,-0.0745300037207,0.030838293365099998,False
8142,407,2,41.585059335,False,0.09054469082419998,False,-0.0183029706899,-0.0632160642221,0.0273286266021,False
8143,407,3,45.765826464700005,False,0.0811693287397,False,-0.014430571244299998,-0.057002546518800004,0.024166782220799998,False
8144,407,4,47.78567479149999,False,0.0766670458745,True,-0.014289380254299999,-0.052305815386300004,0.024361230488200002,False
8145,407,5,39.6328432699,False,0.0722028468225,True,-0.0195350214261,-0.054512341727,0.017690505095500002,False
8146,407,6,46.625486646400006,False,0.0681958854964,True,-0.0157289058642,-0.0476030089204,0.020592876576,False
8147,407,7,34.135029117600006,False,0.0648278510047,True,-0.0208790828877,-0.052388766441599996,0.0124390845631,False
8148,407,8,33.093662548800005,False,0.0628642086399,True,-0.021219441809900003,-0.051725686218800006,0.0111385224211,False
8149,407,9,5.22072005127,False,0.060834642509900005,True,-0.0374667754679,-0.0689750436694,-0.00814040115955,True
8150,407,10,0.661432369974,False,0.0616394037294,True,-0.0490144808548,-0.0782168054647,-0.0165774017353,True
8151,407,11,0.39021787581399997,False,0.0588518519149,True,-0.0529479761343,-0.0824134602814,-0.023561608366499998,True
8152,407,12,0.016027938882899998,True,0.060110889580499996,True,-0.057646341498499995,-0.0883840714608,-0.028273181880299997,True
8153,407,13,0.045716070976800006,True,0.0579869325185,True,-0.056141428098099994,-0.08591088519099999,-0.027923952672500002,True
8154,407,14,0.000157104271229,True,0.0582522383646,True,-0.0609076541349,-0.090394883295,-0.0321426449303,True
8155,407,15,4.83415399265e-06,True,0.0580509144209,True,-0.0600116294123,-0.089831860761,-0.031780946340099994,True
8156,407,16,0.139138540708,True,0.0558837411116,True,-0.06168300241019999,-0.0891515206016,-0.033267779489999996,True
8157,407,17,1.17098553292e-06,True,0.0574825891022,True,-0.0636526799239,-0.0924108602602,-0.0349282711581,True
8158,407,18,1.7591646306499999e-10,True,0.0566511238076,True,-0.06904157992860001,-0.0971512150925,-0.0405000912849,True
8159,407,19,1.29653267965e-06,True,0.0575056038851,True,-0.069412582103,-0.0987940955106,-0.0412884916254,True
8160,408,0,20.981512225899998,False,0.142753988676,False,-0.0366091362753,-0.11086563103199999,0.0318883576431,False
8161,408,1,2.3426862813900002,False,0.10592369977499999,False,-0.0671022082792,-0.118220125703,-0.0122964259277,True
8162,408,2,7.596487761260001,False,0.08886868221069999,False,-0.0462787399619,-0.09114479771980001,-0.00227611550908,True
8163,408,3,31.877634018000002,False,0.0776756097297,True,-0.0238245997359,-0.0627962845546,0.0148793251752,False
8164,408,4,21.913015359899997,False,0.07349688472410001,True,-0.0293327253545,-0.0664098530071,0.00708703171702,False
8165,408,5,5.700916361869999,False,0.0673946251533,True,-0.0398025083011,-0.0749929382106,-0.00759831305728,True
8166,408,6,18.0503734669,False,0.06661798113390001,True,-0.0291110311022,-0.0630160047369,0.00360197639702,False
8167,408,7,8.620001500439999,False,0.0656236266651,True,-0.0348741621007,-0.06727643212119999,-0.00165280545609,True
8168,408,8,4.869910190630001,False,0.0628095215319,True,-0.039456056481499996,-0.0710630185356,-0.00825349700374,True
8169,408,9,3.9226431162099997,False,0.059670398464400004,True,-0.039049205823699994,-0.0685738133611,-0.00890341489667,True
8170,408,10,1.16810874669,False,0.0619302411043,True,-0.04605136359209999,-0.078955269631,-0.0170250285266,True
8171,408,11,0.62863234085,False,0.057914133530199995,True,-0.0455983358876,-0.07420413352310001,-0.016289999992899998,True
8172,408,12,1.37211160752,False,0.0585765976751,True,-0.0444359130789,-0.0742348241544,-0.0156582264792,True
8173,408,13,1.94257979033,False,0.0587294719375,True,-0.041260407524199995,-0.0699212546989,-0.0111917827614,True
8174,408,14,1.7987167904099999,False,0.056258201732,True,-0.041638845587400004,-0.0709691603598,-0.0147109586278,True
8175,408,15,0.773633354695,False,0.0580847662381,True,-0.044161935718400006,-0.07224434472999999,-0.014159578491899999,True
8176,408,16,0.9431978795460001,False,0.057215359598900006,True,-0.0458029261218,-0.0742556947162,-0.0170403351172,True
8177,408,17,0.137088369704,True,0.0550381427613,True,-0.0477689824465,-0.0750417079166,-0.0200035651553,True
8178,408,18,0.00160687663604,True,0.057606252246500005,True,-0.0574906318542,-0.0841261147021,-0.026519862455599997,True
8179,408,19,0.00410264132077,True,0.0564131508777,True,-0.059613542957499994,-0.0879288191443,-0.031515668266599996,True
8180,409,0,2.39298085793,False,0.136227488254,False,-0.0822388819335,-0.149187418863,-0.012959930608600002,True
8181,409,1,9.70119258302,False,0.103857721774,False,-0.0488921893819,-0.0998977858306,0.00395993594349,False
8182,409,2,2.2846782363900004,False,0.0865794705475,False,-0.056715872910699995,-0.0987754014181,-0.0121959308706,True
8183,409,3,2.74932886782,False,0.0760161348902,True,-0.049804550625400006,-0.088719239255,-0.012703104364799999,True
8184,409,4,9.200245318330001,False,0.0758070812204,True,-0.038491563748199994,-0.0775803306067,-0.0017732493862899997,True
8185,409,5,2.77165501198,False,0.06921121651289999,True,-0.044975296813400005,-0.0796670743707,-0.0104558578577,True
8186,409,6,4.86789433275,False,0.0647778712486,True,-0.0390968143689,-0.071891838781,-0.0071139675324,True
8187,409,7,9.30293338165,False,0.0672694542439,True,-0.035723849273099996,-0.0688316533372,-0.00156219909327,True
8188,409,8,20.6515588747,False,0.062982273044,True,-0.0271520504079,-0.0574005714377,0.00558170160633,False
8189,409,9,30.2106724006,False,0.0605118711604,True,-0.0228666114365,-0.05326868743419999,0.00724318372615,False
8190,409,10,25.086120033,False,0.060805565800300006,True,-0.024992982414700004,-0.054500019256300006,0.006305546543939999,False
8191,409,11,8.490307600960001,False,0.0584611704349,True,-0.0325912457792,-0.062159926541800005,-0.00369875610689,True
8192,409,12,7.15201649646,False,0.0621922681942,True,-0.035070866932999996,-0.0665547919649,-0.00436252377063,True
8193,409,13,10.2960092446,False,0.059096610766,True,-0.0319785292623,-0.0619535645194,-0.00285695375336,True
8194,409,14,11.7805904799,False,0.0576607672409,True,-0.0302385296504,-0.058134469284800004,-0.000473702043884,True
8195,409,15,3.7730523058199994,False,0.057126683686600004,True,-0.0374757822968,-0.0666304931879,-0.009503809501290001,True
8196,409,16,0.851607455724,False,0.0567445928309,True,-0.0456912794553,-0.0728890367456,-0.0161444439147,True
8197,409,17,0.19978030286899998,True,0.058185110695,True,-0.052954185158199996,-0.0826530666736,-0.024467955978599996,True
8198,409,18,0.374835218454,False,0.0567580418288,True,-0.0493561369591,-0.07695800805650001,-0.0201999662277,True
8199,409,19,0.69065671839,False,0.056927579130199996,True,-0.0508652470993,-0.0799671986697,-0.0230396195395,True
8200,410,0,22.8987880129,False,0.139278275229,False,-0.0343977779246,-0.10658162132099999,0.032696653908,False
8201,410,1,27.0476977358,False,0.11152010357,False,-0.027358965164400003,-0.0809634643099,0.030556639260299997,False
8202,410,2,16.9318337445,False,0.0878160215918,False,-0.0335121047914,-0.0769816885195,0.010834333072299999,False
8203,410,3,8.110857424430002,False,0.0794738330448,True,-0.0415390252409,-0.084188154046,-0.00471432100112,True
8204,410,4,3.9029097629600003,False,0.07522601919750001,True,-0.0452111255575,-0.08392834402310001,-0.008702324825540002,True
8205,410,5,0.452734693847,False,0.0683057168683,True,-0.0558890393705,-0.0901133710443,-0.021807654176,True
8206,410,6,0.913040591085,False,0.0661944123105,True,-0.055034347289999994,-0.08671862915239999,-0.020524216841900002,True
8207,410,7,0.000142234104218,True,0.062669246106,True,-0.06886025805410001,-0.100591863199,-0.0379226170925,True
8208,410,8,0.09844669083669999,True,0.060916176848099995,True,-0.06672849813500001,-0.0960649591282,-0.035148782280099995,True
8209,410,9,6.17953114982e-05,True,0.0611915642785,True,-0.06123613757140001,-0.0918961820355,-0.030704617757,True
8210,410,10,0.000627336492323,True,0.0598090513148,True,-0.061660628128,-0.09128258775560001,-0.0314735364408,True
8211,410,11,5.06354397273e-07,True,0.0586964290912,True,-0.0662754726497,-0.0938080565669,-0.0351116274757,True
8212,410,12,8.89617298822e-17,True,0.059684439205900004,True,-0.0715458208443,-0.103381185983,-0.0436967467772,True
8213,410,13,2.6703914959599996e-20,True,0.0601595875454,True,-0.0741939481801,-0.1025584562,-0.042398868654899995,True
8214,410,14,2.08228950052e-17,True,0.057590580197199995,True,-0.0705135515559,-0.09840914937249999,-0.0408185691753,True
8215,410,15,3.0632139839499998e-09,True,0.0573423537895,True,-0.0661662296694,-0.09469645778789999,-0.0373541039984,True
8216,410,16,2.33236190463e-22,True,0.0598363202734,True,-0.0765205839945,-0.105612217804,-0.0457758975306,True
8217,410,17,7.813707616419999e-25,True,0.0551911419044,True,-0.07722106425419999,-0.10608812758300001,-0.05089698567840001,True
8218,410,18,2.8257063536799997e-16,True,0.057146286776400004,True,-0.07689318318039999,-0.10543437663899999,-0.0482880898626,True
8219,410,19,4.15636617899e-11,True,0.054396781721199994,True,-0.0753173217717,-0.10302727014,-0.0486304884189,True
8220,411,0,10.3046113871,False,0.140531367488,False,-0.056955031222400004,-0.130056389665,0.010474977823,False
8221,411,1,9.62978661592,False,0.101983470105,False,-0.0470677415598,-0.09712739159739998,0.004856078507729999,False
8222,411,2,14.6624577527,False,0.0883027227575,False,-0.0372853769017,-0.0818813779871,0.00642134477033,False
8223,411,3,13.8656129428,False,0.0793516414798,True,-0.0355728247415,-0.07555331072860001,0.0037983307512499996,False
8224,411,4,1.9138382011300001,False,0.07264534148110001,True,-0.0495776021579,-0.08307712444639999,-0.010431782965299998,True
8225,411,5,2.4427134902,False,0.0721965924224,True,-0.0485360328489,-0.08562495766169999,-0.0134283652393,True
8226,411,6,1.38357239976,False,0.0659339353652,True,-0.04927981724719999,-0.082078682347,-0.016144746981799997,True
8227,411,7,4.72775519945,False,0.0657313066184,True,-0.0399776908773,-0.071595173377,-0.005863866758600001,True
8228,411,8,0.9414068259999999,False,0.0640267155479,True,-0.0493691175191,-0.0815942180628,-0.017567502514900003,True
8229,411,9,0.194960430702,True,0.0618955437935,True,-0.05414212011530001,-0.08716924485819999,-0.0252737010647,True
8230,411,10,0.050138429008599994,True,0.059162703240900005,True,-0.0543978873266,-0.0834663169536,-0.0243036137127,True
8231,411,11,0.325923305789,True,0.05814417413930001,True,-0.0508613777186,-0.07888498446219999,-0.020740810322900004,True
8232,411,12,0.7723092955959999,False,0.059326373778,True,-0.0480612722176,-0.077041173054,-0.017714799276,True
8233,411,13,0.388429114348,False,0.0584224340892,True,-0.0471239493721,-0.0784832327566,-0.020060798667299998,True
8234,411,14,0.235744706225,True,0.059058713717400006,True,-0.05009197466799999,-0.07916282515669999,-0.0201041114393,True
8235,411,15,0.0516567200186,True,0.0566616464174,True,-0.0516817166818,-0.0791987215152,-0.0225370750978,True
8236,411,16,0.093321532508,True,0.0557345151707,True,-0.0523177992904,-0.0815117043269,-0.025777189156299996,True
8237,411,17,0.00189227852267,True,0.0571482464317,True,-0.053162139270099995,-0.08111110513860001,-0.023962858706900004,True
8238,411,18,0.165915862466,True,0.055193961814400005,True,-0.0508161300937,-0.07679661722999999,-0.021602655415599997,True
8239,411,19,1.5758154560799997,False,0.0560192532983,True,-0.041012529418599994,-0.06890754969660001,-0.012888296398200001,True
8240,412,0,8.47571810263,False,0.145614798266,False,-0.06175094718640001,-0.135892784849,0.00972201341681,False
8241,412,1,3.64625057021,False,0.0970437597282,False,-0.0570308238175,-0.10619856613,-0.009154806402030001,True
8242,412,2,20.4313955599,False,0.09025646406230001,False,-0.0310206364822,-0.07135424538530001,0.018902218677,False
8243,412,3,14.7351982097,False,0.07992348182419999,True,-0.0358488017537,-0.0780264888527,0.00189699297148,False
8244,412,4,8.054191989400001,False,0.07531140666160001,True,-0.0405495674109,-0.07791754655989999,-0.0026061398982399997,True
8245,412,5,1.0355111699700001,False,0.0710507781655,True,-0.054986043583699996,-0.0914644291863,-0.0204136510208,True
8246,412,6,0.7181999955580001,False,0.0681072844677,True,-0.0526732183911,-0.0851748601338,-0.0170675756661,True
8247,412,7,2.14938992744,False,0.06409901113119999,True,-0.044246070749000006,-0.0781734440851,-0.014074432953899998,True
8248,412,8,3.34196517697,False,0.0657469773969,True,-0.0430618605517,-0.07535482223189999,-0.00960784483506,True
8249,412,9,1.26753586525,False,0.061188830924199994,True,-0.044475724551999996,-0.076272626468,-0.015083795543799999,True
8250,412,10,2.22704479788,False,0.0600862905791,True,-0.0421499593564,-0.0708687702598,-0.010782479680600001,True
8251,412,11,4.15401163107,False,0.0577694011964,True,-0.0376696841729,-0.06599282933009999,-0.00822342813366,True
8252,412,12,2.49949943324,False,0.056691250046100004,True,-0.0389189426019,-0.0664601225318,-0.00976887248567,True
8253,412,13,1.46493064218,False,0.0583707569384,True,-0.042850279414499995,-0.0728538167015,-0.014483059763100001,True
8254,412,14,1.21410839466,False,0.0586456342783,True,-0.0442347470917,-0.0723137126481,-0.0136680783698,True
8255,412,15,0.7912757031700001,False,0.05865705558999999,True,-0.045746933607900005,-0.07628210931910001,-0.0176250537291,True
8256,412,16,0.319148754991,True,0.056494353204199994,True,-0.0500112214348,-0.0783878950521,-0.021893541847900003,True
8257,412,17,0.56701822543,False,0.055565772849500004,True,-0.0476020201874,-0.0752576718555,-0.019691899006,True
8258,412,18,0.340015588082,False,0.0575195495452,True,-0.048749210741800005,-0.0791857079566,-0.021666158411300002,True
8259,412,19,0.168156303985,True,0.058305876761099995,True,-0.0532163493927,-0.0810522112865,-0.0227463345254,True
8260,413,0,28.6281997629,False,0.145996256306,False,-0.0199643867285,-0.0922840724932,0.0537121838124,False
8261,413,1,15.9036328202,False,0.105898344611,False,-0.0390924486972,-0.0934542100378,0.0124441345728,False
8262,413,2,21.720315916,False,0.0893615942838,False,-0.0324060465246,-0.0795601199121,0.00980147437167,False
8263,413,3,6.06584733244,False,0.0777017971625,True,-0.043153482822199996,-0.0811685599501,-0.00346676278757,True
8264,413,4,0.6149663777009999,False,0.07222183174880001,True,-0.057727917257900004,-0.0934466488308,-0.021224817082000004,True
8265,413,5,0.5911415403729999,False,0.07084800958060002,True,-0.0560238502128,-0.09070559110189999,-0.0198575815213,True
8266,413,6,4.81069219652,False,0.06721288207000001,True,-0.040460936238000005,-0.07220730412569999,-0.00499442205571,True
8267,413,7,7.31265436175,False,0.06290534581059999,True,-0.0357717681616,-0.0660875520055,-0.00318220619496,True
8268,413,8,5.154306257809999,False,0.0652118461341,True,-0.0396314366609,-0.0723798306518,-0.00716798451767,True
8269,413,9,1.83794802418,False,0.0604695170261,True,-0.044655159780199995,-0.07564510293480001,-0.015175585908700003,True
8270,413,10,1.0728301818100001,False,0.062268735060900006,True,-0.0489284805772,-0.081441011145,-0.019172276084200003,True
8271,413,11,0.0825864852871,True,0.058670279439500005,True,-0.0536232213941,-0.08433899859889998,-0.025668719159400003,True
8272,413,12,0.247180849602,True,0.0586434498497,True,-0.048852617531900004,-0.0772242468372,-0.0185807969876,True
8273,413,13,0.308235561306,True,0.058897412138900006,True,-0.053710893285,-0.0814521986356,-0.022554786496599998,True
8274,413,14,1.1583169474,False,0.057352176372800004,True,-0.0481824164451,-0.076672640577,-0.019320464204099996,True
8275,413,15,0.48134409173299997,False,0.0545160781808,True,-0.051414068173000003,-0.0788213916583,-0.024305313477500003,True
8276,413,16,0.00030468192237,True,0.0580084828598,True,-0.0561832411254,-0.0855621565323,-0.0275536736725,True
8277,413,17,9.79495247146e-09,True,0.0569559992879,True,-0.0646735256271,-0.092084562992,-0.0351285637042,True
8278,413,18,0.0008544928308060002,True,0.056931841205400006,True,-0.06755979337740001,-0.0971824607352,-0.040250619529800004,True
8279,413,19,7.70658653545e-11,True,0.056721126086999994,True,-0.06798448717540001,-0.0963888181708,-0.0396676920839,True
8280,414,0,25.7370472671,False,0.14552616656099998,False,-0.0295044348587,-0.10514237208100001,0.040383794479699996,False
8281,414,1,17.381609191,False,0.10145557853800001,False,-0.0387054392629,-0.0907574988396,0.010698079698900001,False
8282,414,2,2.6463575880400003,False,0.0889226265312,False,-0.0563568695995,-0.09934420449100001,-0.0104215779598,True
8283,414,3,2.32096946347,False,0.07862118235889999,True,-0.05377036416830001,-0.09247419437789998,-0.013853012018999999,True
8284,414,4,0.648591235268,False,0.07313467793,True,-0.056225936569,-0.0934834134229,-0.020348735492900002,True
8285,414,5,2.56747670065,False,0.0686133920911,True,-0.0472787904692,-0.0814673924747,-0.012854000383600002,True
8286,414,6,2.38734454336,False,0.06504102344019999,True,-0.044385624900900006,-0.0758814720904,-0.0108404486501,True
8287,414,7,2.99194680107,False,0.061083975647300004,True,-0.0415457156799,-0.0724620940987,-0.011378118451399999,True
8288,414,8,0.569055591214,False,0.0626082820477,True,-0.0502794166113,-0.0822636635519,-0.0196553815042,True
8289,414,9,0.19874533282200002,True,0.0617235277656,True,-0.0540808423406,-0.08408435852980001,-0.022360830764200004,True
8290,414,10,0.14583380075,True,0.060688609533599995,True,-0.053199894160900006,-0.0839270869572,-0.0232384774236,True
8291,414,11,0.10129325810900001,True,0.0589578288031,True,-0.0531863145963,-0.0846119568938,-0.025654128090699998,True
8292,414,12,0.8768109739159999,False,0.0580516365259,True,-0.04635279037619999,-0.0759111976103,-0.0178595610844,True
8293,414,13,0.0524250363865,True,0.057029728514599996,True,-0.0555007977276,-0.08278867265310001,-0.025758944138500002,True
8294,414,14,0.000579531348134,True,0.0570518380442,True,-0.0573200714929,-0.08565487931339999,-0.028603041269200002,True
8295,414,15,0.010968056321100001,True,0.056966369354499995,True,-0.0552514347205,-0.08377021802210001,-0.026803848667599998,True
8296,414,16,0.12049459861400001,True,0.05606897659749999,True,-0.0567224040596,-0.0842786082666,-0.028209631669200003,True
8297,414,17,0.170652791783,True,0.0560642926629,True,-0.0522902273542,-0.0802148382538,-0.0241505455909,True
8298,414,18,0.09369372931350001,True,0.05692254918359999,True,-0.0549876728675,-0.0839819519898,-0.0270594028062,True
8299,414,19,0.109328811271,True,0.0563690813893,True,-0.0632650398246,-0.0911524575223,-0.034783376133,True
8300,415,0,9.931683113150001,False,0.137823428581,False,-0.0574544002946,-0.122125661128,0.015697767453,False
8301,415,1,3.84960985773,False,0.102660605276,False,-0.0612361184215,-0.113876734514,-0.011216129238200001,True
8302,415,2,0.42610281178900006,False,0.0897388981981,False,-0.0689833106816,-0.11686353475500001,-0.0271246365568,True
8303,415,3,0.796862340902,False,0.07739135098399999,True,-0.059715455583300006,-0.0982970017952,-0.0209056508112,True
8304,415,4,8.73269827572,False,0.07409185742110001,True,-0.037839358125400006,-0.07570713022969999,-0.0016152728086,True
8305,415,5,2.02034079324,False,0.0701870219894,True,-0.04624150347580001,-0.0825482363507,-0.012361214361299997,True
8306,415,6,2.05856243175,False,0.0658404243937,True,-0.044219722958199995,-0.076611188666,-0.010770764272399999,True
8307,415,7,1.75231809781,False,0.06452699672619999,True,-0.0472321332877,-0.0782892697438,-0.0137622730176,True
8308,415,8,1.0748867705,False,0.0631451578803,True,-0.0503745897084,-0.0827372069437,-0.0195920490634,True
8309,415,9,0.00424183409434,True,0.061344022180699995,True,-0.0637393548143,-0.09599251637970001,-0.034648494199,True
8310,415,10,0.0566412172165,True,0.0609540438405,True,-0.06433979188149999,-0.09477639247710001,-0.0338223486366,True
8311,415,11,0.011179113255399999,True,0.0572130722987,True,-0.0649677681252,-0.0956141368221,-0.0384010645234,True
8312,415,12,7.27767362479e-13,True,0.0595272204813,True,-0.0666961185708,-0.09708442318339999,-0.0375572027021,True
8313,415,13,0.05771955567969999,True,0.05894373822369999,True,-0.06675004029630001,-0.09591835750870001,-0.036974619284999996,True
8314,415,14,0.0008308629429780001,True,0.0599988997245,True,-0.0601475832703,-0.0896699027099,-0.029671002985299996,True
8315,415,15,0.0165080078996,True,0.058433011378800005,True,-0.0611638527202,-0.089891840199,-0.0314588288202,True
8316,415,16,1.12006659524e-05,True,0.057290291524,True,-0.062715241173,-0.09084210337269999,-0.0335518118487,True
8317,415,17,1.6584073794e-06,True,0.0570664241661,True,-0.0692060126091,-0.0979181121896,-0.0408516880235,True
8318,415,18,0.0009354023711529999,True,0.06041186973130001,True,-0.061728633659,-0.0926440403573,-0.032232170626,True
8319,415,19,0.0007627793284550001,True,0.0581838997779,True,-0.059843024578599996,-0.08866854876360002,-0.0304846489857,True
8320,416,0,3.48264323075,False,0.145524217643,False,-0.0827547931747,-0.14960055331900002,-0.00407633567635,True
8321,416,1,15.488636596800001,False,0.101966249176,False,-0.041569547643,-0.0913650144839,0.010601234692500001,False
8322,416,2,13.7098727098,False,0.08961594110860001,False,-0.0382637367831,-0.0821626434496,0.00745329765896,False
8323,416,3,16.523953892999998,False,0.0800807110897,False,-0.0327682825482,-0.07016610206989998,0.00991460901981,False
8324,416,4,2.9421680281200002,False,0.0727157007357,True,-0.046005343328099996,-0.08146217613619999,-0.00874647540051,True
8325,416,5,1.2222967293200002,False,0.07003294083660001,True,-0.0524332338903,-0.0867506736337,-0.016717732797100003,True
8326,416,6,0.033979861469099995,True,0.0670497587065,True,-0.0602066150711,-0.0952628054677,-0.0282130467612,True
8327,416,7,0.047496047358400004,True,0.0644966806782,True,-0.0633416291452,-0.09510197285219998,-0.030605292174,True
8328,416,8,0.146476688167,True,0.062395717940800004,True,-0.05867526166119999,-0.0897993081209,-0.0274035901801,True
8329,416,9,2.54462783485e-10,True,0.060092099336,True,-0.0668734847977,-0.0958850615934,-0.0357929622574,True
8330,416,10,0.0016596656351099998,True,0.0593713656501,True,-0.0666331247201,-0.09688007776180001,-0.0375087121116,True
8331,416,11,0.10263042565700001,True,0.0589116484943,True,-0.0612277188742,-0.09171038086339998,-0.032798732369,True
8332,416,12,0.108380071885,True,0.0600980225483,True,-0.0595841487109,-0.08891430165380002,-0.0288162791055,True
8333,416,13,2.8820445277399997e-09,True,0.0574674246711,True,-0.0686457133689,-0.0967392709553,-0.039271846284199996,True
8334,416,14,2.01439677275e-08,True,0.0570567139013,True,-0.06081930599259999,-0.0879201733435,-0.0308634594421,True
8335,416,15,0.0938300792406,True,0.056966550876699995,True,-0.0588630258359,-0.08845232789640001,-0.031485777019700005,True
8336,416,16,0.00194107913935,True,0.058134265294900005,True,-0.0634538380442,-0.0918589232846,-0.0337246579897,True
8337,416,17,1.9075384181800001e-07,True,0.0570946270082,True,-0.0666507236105,-0.09578116661630001,-0.0386865396081,True
8338,416,18,9.31452549007e-08,True,0.0564794474296,True,-0.07179003843239999,-0.0996077441642,-0.0431282967346,True
8339,416,19,6.26151713174e-21,True,0.054740189370999996,True,-0.0758111951411,-0.103872097141,-0.049131907769800004,True
8340,417,0,14.413308027200001,False,0.14060778029999998,False,-0.0477173488007,-0.117690687332,0.0229170929679,False
8341,417,1,30.5608984632,False,0.104928860712,False,-0.0237736342453,-0.073439327602,0.0314895331097,False
8342,417,2,13.4649389843,False,0.08963451960629999,False,-0.038597842135,-0.0815219295498,0.008112590056559999,False
8343,417,3,12.5466990127,False,0.08112286643630001,False,-0.038860650383,-0.0799694943757,0.0011533720606600002,False
8344,417,4,20.8559947756,False,0.0734730385208,True,-0.030080625187499998,-0.0681592801878,0.00531375833304,False
8345,417,5,22.976253109,False,0.07085816430030001,True,-0.027019721679599998,-0.0630958481875,0.0077623161127400005,False
8346,417,6,4.08428583012,False,0.0689151687737,True,-0.0433131714498,-0.0755702043196,-0.00665503554586,True
8347,417,7,2.13996347623,False,0.0653369075016,True,-0.046168314331499996,-0.0799651359301,-0.0146282284286,True
8348,417,8,2.64135661792,False,0.06503179659080001,True,-0.044624015482400005,-0.0771306274603,-0.012098830869400001,True
8349,417,9,0.573607255402,False,0.062484199448199995,True,-0.0498664597523,-0.08173901619900001,-0.0192548167508,True
8350,417,10,0.6110001170570001,False,0.0616322754915,True,-0.0460860645479,-0.0787305345398,-0.0170982590482,True
8351,417,11,0.653284160152,False,0.05956747923280001,True,-0.046308432924600004,-0.0764407692895,-0.0168732900567,True
8352,417,12,0.610362194909,False,0.0600097022047,True,-0.0483637937122,-0.07927952176360001,-0.0192698195588,True
8353,417,13,0.00346383128493,True,0.0579782443242,True,-0.052760848343900005,-0.0811302378593,-0.023151993535099998,True
8354,417,14,0.8160809569230001,False,0.0605590144224,True,-0.049365597765499994,-0.0790145858656,-0.018455571443199998,True
8355,417,15,0.442923053479,False,0.058117575755000005,True,-0.05230355337209999,-0.08240253831069999,-0.0242849625557,True
8356,417,16,0.123774755893,True,0.0579966613982,True,-0.0524525872121,-0.0821033420982,-0.024106680699999997,True
8357,417,17,0.014512914605799999,True,0.057929556095199994,True,-0.05508979567000001,-0.08457590365119999,-0.026646347555999997,True
8358,417,18,0.058424521758,True,0.0565790785187,True,-0.0547188247128,-0.083814330907,-0.0272352523882,True
8359,417,19,0.305082136357,True,0.056942914435099995,True,-0.051089497438199995,-0.0817474935289,-0.024804579093900003,True
8360,418,0,34.3480111335,False,0.140264470035,False,-0.00917947258157,-0.0789892101375,0.0612752598972,False
8361,418,1,25.7425494471,False,0.101943079526,False,-0.028761392859700002,-0.08182844067310001,0.020114638852799998,False
8362,418,2,21.4434020274,False,0.0904691234107,False,-0.0319817146268,-0.07641679463550001,0.014052328775299999,False
8363,418,3,29.9811545125,False,0.0773631277687,True,-0.0250209157105,-0.0641161654244,0.0132469623444,False
8364,418,4,24.194972666399998,False,0.0735807750151,True,-0.027107238747499998,-0.0632943687309,0.0102864062843,False
8365,418,5,19.8283357538,False,0.0698164739544,True,-0.0289615822218,-0.0630251193561,0.00679135459832,False
8366,418,6,3.1783858215900005,False,0.0669546989977,True,-0.0437198702274,-0.0769281720962,-0.009973473098459999,True
8367,418,7,5.988154247330001,False,0.0632642949521,True,-0.0377372182002,-0.0698775564822,-0.0066132615301200005,True
8368,418,8,6.52414444005,False,0.06478077987019999,True,-0.0374456879547,-0.0697101436117,-0.00492936374154,True
8369,418,9,1.4285007657100002,False,0.06083209367240001,True,-0.0442065374132,-0.0730146245852,-0.012182530912899999,True
8370,418,10,3.152486151,False,0.0639040280993,True,-0.0437460771145,-0.07586863973380001,-0.0119646116344,True
8371,418,11,4.42736645373,False,0.0608354281664,True,-0.0382770348128,-0.06806076130119999,-0.00722533313483,True
8372,418,12,4.36387565418,False,0.0584773606235,True,-0.0371413748524,-0.0652032698764,-0.00672590925291,True
8373,418,13,2.53583470982,False,0.0594991790312,True,-0.04108075758080001,-0.0708754108379,-0.0113762318068,True
8374,418,14,1.2563661150399998,False,0.0578225662912,True,-0.0441909038239,-0.0730694994487,-0.0152469331575,True
8375,418,15,1.3366783084,False,0.0563267831341,True,-0.0435197266175,-0.0710322194685,-0.0147054363344,True
8376,418,16,1.42791848132,False,0.0570703817837,True,-0.0460079426297,-0.075003637615,-0.0179332558313,True
8377,418,17,0.537805435762,False,0.05775478167880001,True,-0.04782665577330001,-0.0768113433205,-0.0190565616417,True
8378,418,18,0.126536693461,True,0.055159118199,True,-0.0497964108434,-0.07865954816080001,-0.0235004299617,True
8379,418,19,0.35949987795,False,0.0575987359374,True,-0.0526670062156,-0.08163531363589999,-0.024036577698499997,True
8380,419,0,2.96923360585,False,0.142532607544,False,-0.0813332114436,-0.156379912282,-0.0138473047383,True
8381,419,1,1.43479346408,False,0.104176535145,False,-0.0697344440216,-0.122974142264,-0.0187976071188,True
8382,419,2,1.1569109033,False,0.0891127383014,False,-0.0636637901289,-0.10507745564,-0.0159647173388,True
8383,419,3,0.305308072658,True,0.0807091567145,False,-0.0701300505624,-0.1128436494,-0.0321344926858,True
8384,419,4,1.0396123353,False,0.07521210793050001,True,-0.0544074305546,-0.0915278089752,-0.0163157010448,True
8385,419,5,1.8227633492200002,False,0.0701577539556,True,-0.049195966651400004,-0.082832543679,-0.012674789723399998,True
8386,419,6,0.8864384864720001,False,0.0671991381944,True,-0.0545280252381,-0.087265691039,-0.0200665528446,True
8387,419,7,0.0563584233155,True,0.0655569416184,True,-0.0626100833065,-0.09525819091050002,-0.029701249292200003,True
8388,419,8,0.152389048725,True,0.061499659300300005,True,-0.0590100769207,-0.0890214914988,-0.0275218321985,True
8389,419,9,0.40991324799,False,0.0628914533462,True,-0.05236802496759999,-0.0840028948145,-0.0211114414683,True
8390,419,10,0.907757439084,False,0.061865026454699996,True,-0.0502750137968,-0.08157437062049999,-0.0197093441658,True
8391,419,11,0.107115121375,True,0.059406822562800006,True,-0.0519910121852,-0.08223542389610002,-0.022828601333300003,True
8392,419,12,0.151437320461,True,0.058086427844699993,True,-0.0533330906221,-0.0845525546081,-0.026466126763400002,True
8393,419,13,0.143604558876,True,0.05805079900809999,True,-0.0502272322439,-0.0797337262217,-0.0216829272136,True
8394,419,14,0.034246430834,True,0.058054620625099994,True,-0.05760521598709999,-0.0869063145542,-0.0288516939291,True
8395,419,15,4.07406298398e-06,True,0.0566433824998,True,-0.058060219449899995,-0.0863127354339,-0.0296693529341,True
8396,419,16,0.145985616969,True,0.057442029759,True,-0.052361458787,-0.08079720730039999,-0.0233551775415,True
8397,419,17,0.00120963863742,True,0.0556210917351,True,-0.0540091263623,-0.0822477219867,-0.026626630251599996,True
8398,419,18,0.126063207375,True,0.0575359215548,True,-0.0527535631228,-0.0806785675343,-0.0231426459795,True
8399,419,19,0.428289336066,False,0.0570268132978,True,-0.050329181251,-0.0782736170954,-0.021246803797599998,True
8400,420,0,28.6364810348,False,0.14772151480100001,False,-0.0171792673628,-0.0882745380094,0.059446976792099995,False
8401,420,1,19.277466270599998,False,0.10354620511399999,False,-0.0360075977819,-0.0874184010873,0.0161278040263,False
8402,420,2,31.1606506254,False,0.08420819021880001,False,-0.024638237554599998,-0.0660026579603,0.0182055322585,False
8403,420,3,7.581115593410001,False,0.0787510993473,True,-0.0423954728934,-0.0801363686322,-0.00138526928488,True
8404,420,4,5.80009866544,False,0.0735031682138,True,-0.0424013673145,-0.0801882430435,-0.0066850748297,True
8405,420,5,2.7309784259099996,False,0.0705414988419,True,-0.04588433500109999,-0.0809356992502,-0.0103942004082,True
8406,420,6,0.196767734703,True,0.064764512107,True,-0.0550570129899,-0.0872690781943,-0.022504566087199997,True
8407,420,7,0.42130754182999997,False,0.0657900676631,True,-0.0561439171221,-0.0874019376272,-0.021611869964099997,True
8408,420,8,1.5382369953600001,False,0.06402984705180001,True,-0.0472125012806,-0.0794684939623,-0.0154386469105,True
8409,420,9,0.561730526454,False,0.06116593924119999,True,-0.049414265863500006,-0.07902087736489999,-0.017854938123700002,True
8410,420,10,1.31862643917,False,0.0617981657668,True,-0.04554740311919999,-0.0778727780654,-0.0160746122986,True
8411,420,11,0.100814022395,True,0.05853278179409999,True,-0.05385542388069999,-0.0830984890275,-0.0245657072334,True
8412,420,12,0.000143623338913,True,0.056310232506300004,True,-0.057980816357399996,-0.0850376900989,-0.028727457592599998,True
8413,420,13,0.0317359140822,True,0.0588452718751,True,-0.0575146897245,-0.0880013631226,-0.0291560912476,True
8414,420,14,0.0538632034336,True,0.0597916426219,True,-0.0521886921791,-0.0816149292721,-0.021823286650200002,True
8415,420,15,0.020849380607700002,True,0.057583118145300004,True,-0.056097428552099995,-0.0869059197487,-0.0293228016033,True
8416,420,16,0.03447314829130001,True,0.057691264569,True,-0.054344212941300006,-0.0840706294032,-0.0263793648342,True
8417,420,17,0.430372050669,False,0.0573120040543,True,-0.0495461783269,-0.0782441147843,-0.02093211073,True
8418,420,18,0.5247113184309999,False,0.05759299323480001,True,-0.04991126740119999,-0.07700160303810001,-0.019408609803400003,True
8419,420,19,0.141024092401,True,0.056561549834000004,True,-0.051842197235400005,-0.0806317471627,-0.0240701973287,True
8420,421,0,30.180168215300004,False,0.142188320378,False,-0.015082556912899999,-0.0819592793102,0.0602290410676,False
8421,421,1,20.722736428399998,False,0.10771117620899999,False,-0.0356184809344,-0.08953563857289999,0.0181755376366,False
8422,421,2,1.8172731872999999,False,0.08912971688419999,False,-0.060869805285300005,-0.104806044022,-0.0156763271381,True
8423,421,3,1.30524964802,False,0.0811277848403,False,-0.0606682685785,-0.101324398458,-0.0201966136177,True
8424,421,4,0.0138732375415,True,0.0760718209756,True,-0.0761372264278,-0.116153134931,-0.0400813139558,True
8425,421,5,0.013024079297400001,True,0.06947081078310001,True,-0.0674795548922,-0.10209158200200001,-0.0326207712184,True
8426,421,6,0.005138518467739999,True,0.0663563692526,True,-0.06337853833880001,-0.09631878036830001,-0.029962411115599996,True
8427,421,7,0.212800535683,True,0.0637272091044,True,-0.05570112208740001,-0.0872654994133,-0.023538290309000003,True
8428,421,8,0.282335736675,True,0.06216819425980001,True,-0.060936377158,-0.0919998880391,-0.0298316937793,True
8429,421,9,7.90020387202e-06,True,0.060729264793,True,-0.0674999334515,-0.09918093546369999,-0.038451670670699996,True
8430,421,10,0.06631482820989999,True,0.0608610926937,True,-0.0634178418722,-0.093907852916,-0.0330467602223,True
8431,421,11,0.0034121833740700003,True,0.0583519367035,True,-0.0565453273487,-0.0857010716475,-0.027349134944,True
8432,421,12,0.0005608114554530001,True,0.0605571119468,True,-0.061913665999499996,-0.0917647458184,-0.0312076338716,True
8433,421,13,0.00172797799169,True,0.05740668663219999,True,-0.0634854997944,-0.09227425548419999,-0.0348675688521,True
8434,421,14,2.4820553835599998e-26,True,0.056873982538599994,True,-0.07672419010710001,-0.105053407196,-0.0481794246576,True
8435,421,15,2.66821645755e-37,True,0.0574060596552,True,-0.0827252824228,-0.111480931319,-0.0540748716639,True
8436,421,16,2.6293077625299998e-24,True,0.0565676245658,True,-0.07566385197660001,-0.10342211579,-0.0468544912237,True
8437,421,17,1.0645235433100002e-20,True,0.05678667404419999,True,-0.0771723250973,-0.10495035466800001,-0.0481636806236,True
8438,421,18,1.96894476554e-19,True,0.0554533258826,True,-0.07411497862380001,-0.10168619074200001,-0.0462328648594,True
8439,421,19,2.344798967e-09,True,0.05597062391419999,True,-0.0656295354003,-0.0922183051214,-0.0362476812071,True
8440,422,0,6.27334935885,False,0.138908867593,False,-0.0672188662084,-0.136599194411,0.00230967318202,False
8441,422,1,2.87590848881,False,0.105427962172,False,-0.0647770624286,-0.117024650077,-0.011596687904999998,True
8442,422,2,2.41763617835,False,0.087357470864,False,-0.055042287076699996,-0.0994711026647,-0.0121136318007,True
8443,422,3,8.72380250739,False,0.0784129476084,True,-0.04069345203,-0.07888887791299999,-0.000475930304639,True
8444,422,4,1.03751150732,False,0.07449215800539999,True,-0.05500399502140001,-0.0946604666806,-0.0201683086752,True
8445,422,5,0.784530626469,False,0.0711863435625,True,-0.0576983995968,-0.0934568658663,-0.0222705223038,True
8446,422,6,0.134659612665,True,0.0675723334424,True,-0.06055184194069999,-0.09309562145139999,-0.025523288009,True
8447,422,7,0.20704275501699998,True,0.0641444980755,True,-0.057378028635,-0.0882759861818,-0.024131488106299996,True
8448,422,8,0.34924905914000004,False,0.0647158019986,True,-0.055534900770800005,-0.08924105432690001,-0.0245252523282,True
8449,422,9,0.129789997551,True,0.062281992186900004,True,-0.0529127260982,-0.0818959622172,-0.0196139700303,True
8450,422,10,0.50358489444,False,0.0598023840861,True,-0.05214589979590001,-0.08032300144610001,-0.020520617359900004,True
8451,422,11,0.248483047855,True,0.05949264323990001,True,-0.0551212026126,-0.08350041969069999,-0.024007776450799996,True
8452,422,12,0.159659980119,True,0.0592618273644,True,-0.0518493510015,-0.0812895320471,-0.0220277046827,True
8453,422,13,0.0662101603211,True,0.05869387322380001,True,-0.056005964976199994,-0.0841846837473,-0.0254908105235,True
8454,422,14,0.0116180028789,True,0.0580827583431,True,-0.0564922296109,-0.0853752968148,-0.0272925384717,True
8455,422,15,0.206621016913,True,0.057385505231,True,-0.0564316291761,-0.0848289488827,-0.0274434436517,True
8456,422,16,0.123939822787,True,0.0575999602774,True,-0.0516274598457,-0.0804472131355,-0.0228472528581,True
8457,422,17,0.34435212271399995,False,0.055343433218999996,True,-0.0496276425075,-0.0772999568166,-0.0219565235976,True
8458,422,18,0.194085501396,True,0.0542529650149,True,-0.053880439188,-0.0802698765411,-0.026016911526099997,True
8459,422,19,0.100569164772,True,0.0589304924883,True,-0.0596112603691,-0.08893769903889999,-0.030007206550599998,True
8460,423,0,2.65573106309,False,0.137496816849,False,-0.0815874848463,-0.153060231931,-0.0155634150823,True
8461,423,1,43.8885627629,False,0.105926619097,False,-0.00972226929407,-0.061084062688,0.0448425564086,False
8462,423,2,48.036461102,False,0.09038938180189998,False,-0.0117680630042,-0.0579897100715,0.0323996717303,False
8463,423,3,52.6815200725,False,0.0797564479598,True,-0.00941384657772,-0.0509324086148,0.028824039345,False
8464,423,4,41.9158263265,False,0.07415958529780001,True,-0.0172290568006,-0.053677722594499995,0.020481862703299998,False
8465,423,5,46.346847527799994,False,0.0711630028387,True,-0.0165993194165,-0.0525449559423,0.018618046896400002,False
8466,423,6,34.6623913583,False,0.06603920147850001,True,-0.020044971997099998,-0.0521000448262,0.0139391566523,False
8467,423,7,22.9190474984,False,0.0654050037405,True,-0.0263311624376,-0.05851140048930001,0.006893603251199999,False
8468,423,8,21.6158601459,False,0.0626991110768,True,-0.0271612821889,-0.05887687333740001,0.0038222377393899998,False
8469,423,9,15.5786201594,False,0.060530694417699996,True,-0.0283782324707,-0.058846395115099995,0.0016842993025599998,False
8470,423,10,16.4616619767,False,0.058962765434999995,True,-0.0281627523373,-0.0579487819886,0.00101398344637,False
8471,423,11,7.319428187610001,False,0.0585847061873,True,-0.0325988754257,-0.061597443381400004,-0.00301273719415,True
8472,423,12,8.70564358462,False,0.061319774767800005,True,-0.0331294737187,-0.0650059279696,-0.0036861532017100004,True
8473,423,13,4.85730731809,False,0.058174793462500006,True,-0.0369947518427,-0.0645987917115,-0.00642399824898,True
8474,423,14,1.91243485958,False,0.05823624849230001,True,-0.0420967196866,-0.0722742108502,-0.0140379623579,True
8475,423,15,0.862424404569,False,0.057600415378300004,True,-0.044821302622499996,-0.0720621475534,-0.014461732175200002,True
8476,423,16,1.39672331887,False,0.0546878844668,True,-0.04207062880009999,-0.0698200191918,-0.015132134725,True
8477,423,17,0.826670702937,False,0.0569427254913,True,-0.0479334316698,-0.0752091904722,-0.018266464981,True
8478,423,18,0.299958071482,True,0.056968113756800005,True,-0.0496360400466,-0.07837250523469999,-0.021404391477900003,True
8479,423,19,0.18874455819000002,True,0.05692535024619999,True,-0.05166571054980001,-0.0782177233547,-0.0212923731085,True
8480,424,0,14.1367418371,False,0.143353340546,False,-0.048139267876199994,-0.1145426604,0.0288106801458,False
8481,424,1,4.114293400269999,False,0.104434398023,False,-0.059151072511,-0.111151136995,-0.0067167389718,True
8482,424,2,2.6962465674900002,False,0.0899674567648,False,-0.058146379571199995,-0.10630566989,-0.0163382131256,True
8483,424,3,2.57795467446,False,0.08047714336230001,False,-0.050493784217900003,-0.09100052247320001,-0.010523379110999998,True
8484,424,4,1.1036165423100002,False,0.0729390346883,True,-0.0531933264388,-0.0890077486743,-0.016068713986,True
8485,424,5,2.83161205666,False,0.069165252321,True,-0.0486231743255,-0.08365027214739999,-0.0144850198264,True
8486,424,6,8.33060931878,False,0.0664442471099,True,-0.036307517006199996,-0.070857720767,-0.00441347365706,True
8487,424,7,1.69766013835,False,0.0639816510987,True,-0.04556588505609999,-0.0768207535633,-0.0128391024646,True
8488,424,8,0.563919200846,False,0.061922988318600006,True,-0.05146947040569999,-0.0823163269427,-0.020393338624099998,True
8489,424,9,1.6257948399200002,False,0.0613158112108,True,-0.04584570054269999,-0.0773253162097,-0.016009504998899998,True
8490,424,10,0.48913942127800003,False,0.059788558372,True,-0.0483469095624,-0.07690257396939999,-0.0171140155974,True
8491,424,11,0.0834613917182,True,0.060267150638800004,True,-0.052954222426300004,-0.08284392672439998,-0.022576776085700002,True
8492,424,12,0.694559926169,False,0.059244339894400005,True,-0.0497946345569,-0.0793038300282,-0.020059490133799998,True
8493,424,13,0.969584969772,False,0.059007939996800006,True,-0.044308517098,-0.0732102987666,-0.0142023587698,True
8494,424,14,0.8624106118770001,False,0.057034564423400005,True,-0.045389905946500005,-0.07364828004730001,-0.0166137156239,True
8495,424,15,0.005381686643920001,True,0.056863640964099994,True,-0.057515802283199996,-0.08486930365749999,-0.0280056626934,True
8496,424,16,0.390920934754,False,0.0557836487429,True,-0.0517577938728,-0.0816138127977,-0.025830164054799997,True
8497,424,17,0.360056450456,False,0.059494259056599996,True,-0.050728985922,-0.0815343532023,-0.0220400941457,True
8498,424,18,0.688220876415,False,0.0577275085057,True,-0.046674818747399996,-0.0762061568499,-0.0184786483442,True
8499,424,19,0.0858638340174,True,0.056680512196199996,True,-0.0552203492662,-0.0835569035944,-0.0268763913982,True
8500,425,0,4.6868197060300005,False,0.13518837209,False,-0.069093405671,-0.136022995077,-0.0008346229867310001,True
8501,425,1,9.07230927896,False,0.105565947475,False,-0.048893184972800006,-0.100421235178,0.0051447122972,False
8502,425,2,6.946179432869999,False,0.08836410182189999,False,-0.0476649489378,-0.0899587966155,-0.00159469479354,True
8503,425,3,4.91780405316,False,0.078947781377,True,-0.046444314109,-0.0858407546256,-0.00689297324856,True
8504,425,4,0.646514185331,False,0.07046427132619999,True,-0.0582532376629,-0.0941435291032,-0.023679257777,True
8505,425,5,0.20709737328400002,True,0.0679887090217,True,-0.0640357264615,-0.0969715618072,-0.0289828527856,True
8506,425,6,0.209518111019,True,0.0649956284204,True,-0.0558020314908,-0.08807648532639999,-0.0230808569061,True
8507,425,7,0.209518858481,True,0.062475998746999994,True,-0.0568547500835,-0.0881079314725,-0.0256319327255,True
8508,425,8,2.74267573715e-05,True,0.06254481473590001,True,-0.0649308718808,-0.0970920903208,-0.0345472755849,True
8509,425,9,1.26480995504e-09,True,0.0617809051707,True,-0.0736137106944,-0.10462798641799999,-0.0428470812471,True
8510,425,10,0.11400162838,True,0.0629314563243,True,-0.06289284540159999,-0.0955269835596,-0.0325955272353,True
8511,425,11,1.18473759305e-05,True,0.059586393869000005,True,-0.0688453670338,-0.0992065557869,-0.039620161918,True
8512,425,12,0.000483846052701,True,0.05802291983440001,True,-0.06096606824300001,-0.0896303504535,-0.031607430619,True
8513,425,13,0.0251293816413,True,0.058356399257300004,True,-0.0555789866224,-0.0856856277623,-0.027329228505099997,True
8514,425,14,0.21974333278799998,True,0.05946728274259999,True,-0.0581177016158,-0.08709259620920001,-0.027625313466599997,True
8515,425,15,1.14148996631e-07,True,0.057167193269100004,True,-0.0650150653442,-0.09334947945180001,-0.036182286182699995,True
8516,425,16,8.197173370339999e-10,True,0.056959414072599995,True,-0.0687181326682,-0.0959843599107,-0.0390249458381,True
8517,425,17,4.3902044127e-18,True,0.053980137334400005,True,-0.07321229085360001,-0.101330666535,-0.047350529201,True
8518,425,18,1.97088463518e-06,True,0.0575381524833,True,-0.0668451565402,-0.0939536139483,-0.036415461465,True
8519,425,19,1.7326057860599997e-08,True,0.0574101462952,True,-0.07007568707669999,-0.0976174859111,-0.0402073396159,True
8520,426,0,26.1720451863,False,0.143840979509,False,-0.029035015735299995,-0.0991872617453,0.0446537177635,False
8521,426,1,35.1689852904,False,0.10654744792500001,False,-0.0193570754296,-0.07185641066060001,0.0346910372641,False
8522,426,2,53.1107051142,False,0.0898766188796,False,0.0029722384796599995,-0.0411276166709,0.048749002208699994,False
8523,426,3,48.2095265092,False,0.07728896711130001,True,0.0149079609983,-0.0215925392358,0.0556964278755,False
8524,426,4,60.205491564,False,0.0737669207622,True,0.0038273013397700003,-0.031340396880900005,0.0424265238813,False
8525,426,5,62.6109861463,False,0.0672628283663,True,-0.006603044723029999,-0.0395390297464,0.027723798619999997,False
8526,426,6,70.46261120529999,False,0.0683277319279,True,0.000678179936666,-0.0331515402736,0.035176191654300006,False
8527,426,7,70.3889016009,False,0.06648138126190001,True,-0.0016042787059000001,-0.0342928167403,0.0321885645216,False
8528,426,8,71.94051403510001,False,0.0648145286013,True,-0.0046085198697500005,-0.0376885792446,0.0271259493567,False
8529,426,9,72.1972914286,False,0.059862046146800005,True,-0.00571976281175,-0.0355470378923,0.0243150082545,False
8530,426,10,79.3343252988,False,0.059056459489699994,True,-0.0015420483558800002,-0.030013334043200002,0.029043125446599996,False
8531,426,11,60.741809618000005,False,0.0602099810744,True,-0.0110458179165,-0.041342376625300006,0.0188676044491,False
8532,426,12,65.62495905979999,False,0.0567059986992,True,-0.0109474040582,-0.0385819653467,0.0181240333525,False
8533,426,13,52.5214795918,False,0.057424567375,True,-0.0144278122394,-0.0431447629146,0.014279804460400001,False
8534,426,14,55.169400692399996,False,0.0593422032973,True,-0.014409295091899999,-0.045388484116,0.0139537191813,False
8535,426,15,27.1523230807,False,0.0548389553599,True,-0.022876210035,-0.050027086835400005,0.00481186852449,False
8536,426,16,25.9446985334,False,0.0556793598924,True,-0.023403231215400003,-0.052140828865,0.0035385310274599997,False
8537,426,17,11.4645226578,False,0.058504953630300005,True,-0.030614173413400003,-0.06053393709919999,-0.0020289834689000003,True
8538,426,18,5.54400345798,False,0.056446216594599995,True,-0.034253226693700005,-0.063326175315,-0.00687995872046,True
8539,426,19,5.65663871967,False,0.0586663359146,True,-0.0360396903572,-0.0666957284724,-0.008029392557729999,True
8540,427,0,4.99747694807,False,0.145903959406,False,-0.0732299138397,-0.14905222543500002,-0.00314826602904,True
8541,427,1,25.837233583099998,False,0.110574497257,False,-0.030690700024099998,-0.08541445404110001,0.025160043215799996,False
8542,427,2,4.77494514428,False,0.09046120498339999,False,-0.0531229193321,-0.098984662745,-0.0085234577616,True
8543,427,3,3.9992578226999997,False,0.0825537719089,False,-0.05056652060959999,-0.0920223826213,-0.00946861071238,True
8544,427,4,2.33257729053,False,0.0742383533847,True,-0.0504632470746,-0.0867349174591,-0.012496564074299998,True
8545,427,5,0.586259828306,False,0.071866598874,True,-0.056911938069599995,-0.09362156628769999,-0.021754967413699998,True
8546,427,6,0.7133007072900001,False,0.06610408641490001,True,-0.051257603389400004,-0.08396547615189999,-0.017861389737,True
8547,427,7,0.701713299984,False,0.06532020931350001,True,-0.04905236192990001,-0.0814066266634,-0.0160864173499,True
8548,427,8,0.7270386646860001,False,0.0657126257173,True,-0.052212209194,-0.0835503667272,-0.0178377410099,True
8549,427,9,0.0934159912277,True,0.0627203142378,True,-0.057855319386200005,-0.08967692403139998,-0.026956609793599998,True
8550,427,10,0.0023449867451,True,0.061656626480999996,True,-0.0559458664075,-0.08822821660739999,-0.026571590126299997,True
8551,427,11,0.121557443995,True,0.0629065012181,True,-0.0550185790501,-0.0883878853923,-0.025481384174099998,True
8552,427,12,0.270577946492,True,0.05890819835390001,True,-0.054488701162599996,-0.08484982493969999,-0.0259416265858,True
8553,427,13,0.108107578419,True,0.057912646418500004,True,-0.0541472335656,-0.082552239117,-0.024639592698400003,True
8554,427,14,0.670310451321,False,0.05766367022340001,True,-0.0481335316038,-0.0754397198627,-0.0177760496392,True
8555,427,15,0.000688109679671,True,0.05696897464430001,True,-0.0564100985809,-0.0876068685891,-0.030637893944900005,True
8556,427,16,0.00036637442840300007,True,0.057163531257100005,True,-0.0575148078405,-0.0877429170453,-0.0305793857882,True
8557,427,17,0.260681759231,True,0.057526646846400006,True,-0.054806622422799996,-0.0830824810387,-0.0255558341924,True
8558,427,18,0.000213026101992,True,0.054641419971099996,True,-0.0566620459775,-0.0833901206265,-0.028748700655400004,True
8559,427,19,0.09981562029030001,True,0.0582347594678,True,-0.058246033727400004,-0.0862956321737,-0.028060872705900002,True
8560,428,0,7.992957977839999,False,0.142316393507,False,-0.0639846262495,-0.132598417611,0.009717975896930001,False
8561,428,1,6.38694087675,False,0.105665548618,False,-0.0536573221605,-0.106589227779,-0.0009236791614689999,True
8562,428,2,9.42115856543,False,0.09111370888329999,False,-0.0435696398488,-0.09017658463950001,0.0009371242437899999,False
8563,428,3,17.3153038292,False,0.0787582861963,True,-0.0321797263381,-0.0727197667844,0.00603851941187,False
8564,428,4,6.44313740647,False,0.0742368322192,True,-0.0423801731312,-0.0790525451715,-0.00481571295235,True
8565,428,5,0.852031142509,False,0.0690606701695,True,-0.05617495259290001,-0.0917935074497,-0.022732837280200004,True
8566,428,6,1.9092264136200001,False,0.0652073556433,True,-0.044757519090900005,-0.07854876452819999,-0.013341408884900001,True
8567,428,7,2.5228904005,False,0.0626034642911,True,-0.04314179617319999,-0.0748826057431,-0.012279141451999999,True
8568,428,8,2.05921972527,False,0.06276650462830001,True,-0.0468626689877,-0.07994812883260001,-0.0171816242043,True
8569,428,9,1.4315767771799999,False,0.0633615395524,True,-0.04461306372669999,-0.0753581619626,-0.011996622410200001,True
8570,428,10,3.37333735059,False,0.0600569773426,True,-0.040049254476300006,-0.0690213476171,-0.00896437027453,True
8571,428,11,4.51347410949,False,0.05928071696909999,True,-0.0377045532388,-0.068111147122,-0.00883043015297,True
8572,428,12,4.32095827636,False,0.059725891508099996,True,-0.0374101121922,-0.06744216752940001,-0.007716276021319999,True
8573,428,13,1.18792656095,False,0.0574121254535,True,-0.0429639500894,-0.0732115585676,-0.015799433114100002,True
8574,428,14,4.74775355949,False,0.0587992803567,True,-0.0373376397689,-0.0656732042063,-0.006873923849609999,True
8575,428,15,2.21615943656,False,0.056609875547000005,True,-0.038520680613,-0.0663846397996,-0.00977476425257,True
8576,428,16,0.7572109847699999,False,0.0577794686367,True,-0.0459738481898,-0.074231667576,-0.0164521989393,True
8577,428,17,0.9498514298890001,False,0.0575585674998,True,-0.043800910535300004,-0.0717415835647,-0.014183016065,True
8578,428,18,1.5526159124899999,False,0.0565213014178,True,-0.0425687392406,-0.0727835291675,-0.0162622277497,True
8579,428,19,1.0429840903,False,0.055449470101899996,True,-0.042594912427599996,-0.0702649567649,-0.014815486663,True
8580,429,0,10.2810997144,False,0.13708485917000002,False,-0.057167622099599996,-0.12199558374399999,0.015089275426600001,False
8581,429,1,11.159391308900002,False,0.104763337225,False,-0.045122300652,-0.0951392352203,0.0096241020043,False
8582,429,2,14.707138244300001,False,0.0887150005511,False,-0.037697461786300006,-0.0831111873981,0.00560381315299,False
8583,429,3,19.379279848699998,False,0.0809037701068,False,-0.030548626460799998,-0.0722247181897,0.00867905191712,False
8584,429,4,16.0657414471,False,0.07340748507849999,True,-0.0332817936714,-0.06951539666249999,0.003892088416,False
8585,429,5,8.91199960107,False,0.0686114928053,True,-0.035678728317,-0.07079306719110001,-0.00218157438577,True
8586,429,6,14.6911661467,False,0.0678047564686,True,-0.0309062756699,-0.0657766096396,0.0020281468290300002,False
8587,429,7,17.223220546300002,False,0.06327490556080001,True,-0.028852411279099998,-0.0605223077185,0.0027525978423,False
8588,429,8,1.05895251187,False,0.064454377248,True,-0.0466585305924,-0.07892297033189999,-0.014468593084,True
8589,429,9,0.9935341694750001,False,0.0586477756064,True,-0.0472689546404,-0.077465364445,-0.018817588838599998,True
8590,429,10,1.9203733513699999,False,0.061356653891099996,True,-0.0426340329396,-0.0728276956514,-0.0114710417603,True
8591,429,11,2.15996481232,False,0.0607457530478,True,-0.043258736500699994,-0.0736420995244,-0.012896346476499999,True
8592,429,12,0.448269858864,False,0.0564880717981,True,-0.047168998526999996,-0.07602060019460001,-0.0195325283966,True
8593,429,13,0.479932333037,False,0.0576409659618,True,-0.0505108681747,-0.0787054766522,-0.0210645106904,True
8594,429,14,0.09928581039380001,True,0.05703982993480001,True,-0.0568415026352,-0.0846416602081,-0.0276018302734,True
8595,429,15,0.160189423561,True,0.0562184928977,True,-0.0565901561833,-0.0850923685805,-0.028873875682900004,True
8596,429,16,0.0116011436885,True,0.05496736214819999,True,-0.052096970133600005,-0.0800622199072,-0.025094857758999996,True
8597,429,17,0.00015560242199899997,True,0.0574162664958,True,-0.0580642488682,-0.08648003741589999,-0.0290637709201,True
8598,429,18,0.00018064500378599997,True,0.0553434010938,True,-0.0577956584012,-0.0852117523807,-0.0298683512869,True
8599,429,19,5.09731045717e-06,True,0.055249892270300006,True,-0.0627810868974,-0.0897055987401,-0.0344557064697,True
8600,430,0,33.3585462861,False,0.142794020899,False,-0.00919171622517,-0.0844223445919,0.058371676307,False
8601,430,1,42.3412900359,False,0.102427698476,False,-0.0073417548761000005,-0.056226471616500004,0.0462012268599,False
8602,430,2,38.7616247218,False,0.08859008463269999,False,-0.0185691535319,-0.0633841776284,0.025205907004299997,False
8603,430,3,17.8290090386,False,0.0821921186736,False,-0.0324363005671,-0.07277028184560001,0.00942183682807,False
8604,430,4,19.933099111500002,False,0.0741828963204,True,-0.0305802944928,-0.0652554129647,0.008927483355690002,False
8605,430,5,12.651149818699999,False,0.0693094611692,True,-0.033359437683900005,-0.0692045674087,0.00010489376050000001,False
8606,430,6,3.95823809047,False,0.06720358855,True,-0.0426200482948,-0.0766477847582,-0.00944419620815,True
8607,430,7,0.26746689863699996,True,0.0623834490655,True,-0.053953363614300004,-0.0860946913339,-0.0237112422684,True
8608,430,8,0.189050448788,True,0.0645756692631,True,-0.058246128992099994,-0.09057072852939999,-0.025995059266400004,True
8609,430,9,0.0238542913469,True,0.0638410991682,True,-0.0649071350787,-0.0975383048505,-0.033697205682299995,True
8610,430,10,0.000225126488542,True,0.0589963091333,True,-0.0681223217041,-0.0981795849003,-0.039183275767,True
8611,430,11,0.012798863992299998,True,0.05946654849230001,True,-0.07560860074239999,-0.104484987232,-0.04501843873959999,True
8612,430,12,0.0009446070769089999,True,0.058820831064999995,True,-0.06944321432999999,-0.0972498006384,-0.0384289695734,True
8613,430,13,1.7165080627399998e-08,True,0.05677172522749999,True,-0.0660480566934,-0.0944002434516,-0.0376285182241,True
8614,430,14,7.09758639149e-13,True,0.0563997680682,True,-0.07157789212639999,-0.10111548151699999,-0.0447157134485,True
8615,430,15,2.34837341994e-20,True,0.057300828759699995,True,-0.07598708952739999,-0.10479162499099999,-0.0474907962312,True
8616,430,16,1.59796236936e-30,True,0.05585865069680001,True,-0.08018549246389998,-0.108693787806,-0.0528351371088,True
8617,430,17,8.86319106102e-19,True,0.0547306782926,True,-0.0838878511072,-0.111106035397,-0.056375357104400003,True
8618,430,18,8.48702411972e-07,True,0.0563507836436,True,-0.07656512507669999,-0.104968053304,-0.04861726966009999,True
8619,430,19,9.779609541320001e-09,True,0.055783195630599997,True,-0.0751539325832,-0.101845457805,-0.0460622621747,True
8620,431,0,8.11362252919,False,0.142826551234,False,-0.0604850830432,-0.12974481592700002,0.0130817353074,False
8621,431,1,1.65134163361,False,0.10389631696799999,False,-0.0693596885745,-0.12081116828400001,-0.0169148513167,True
8622,431,2,15.494706320499999,False,0.0887669927472,False,-0.0362583159489,-0.08018607698260001,0.00858091576462,False
8623,431,3,10.4405012452,False,0.07905110388960002,True,-0.0395268364016,-0.0781024315767,0.000948672312945,False
8624,431,4,12.469084562799999,False,0.07460600491910001,True,-0.035433023468,-0.0748001242258,-0.00019411930664800002,True
8625,431,5,28.2868109608,False,0.0685522000622,True,-0.024938779865200003,-0.06003830681340001,0.00851389324887,False
8626,431,6,14.6806466482,False,0.06796427583430001,True,-0.032416810841599995,-0.0664690571413,0.0014952186929900002,False
8627,431,7,2.88103285917,False,0.0656009107005,True,-0.0432397457861,-0.0767818777636,-0.011180967063100001,True
8628,431,8,13.293530673900001,False,0.0623921575243,True,-0.0316955292772,-0.0628989788051,-0.000506821280875,True
8629,431,9,2.9046709325999998,False,0.062404734987000006,True,-0.0409218639335,-0.0717622631927,-0.00935752820573,True
8630,431,10,1.69459148309,False,0.06006640875969999,True,-0.04294840310930001,-0.07259662278519999,-0.012530214025600001,True
8631,431,11,0.512380264938,False,0.060927503010900004,True,-0.051053596899,-0.08345250924889999,-0.022525006238000002,True
8632,431,12,1.3173595542399998,False,0.061034976449300005,True,-0.0470114111667,-0.0777949902274,-0.0167600137781,True
8633,431,13,1.00681724931,False,0.0560851129182,True,-0.0459817213894,-0.0750030261855,-0.0189179132673,True
8634,431,14,0.47945165283,False,0.0588369538305,True,-0.047413518406800005,-0.0770395397098,-0.018202585879299998,True
8635,431,15,0.6963763230660001,False,0.05707132428140001,True,-0.0450979199996,-0.0748588939822,-0.017787569700799997,True
8636,431,16,1.1546796240600001,False,0.059270257894099995,True,-0.046999634001000004,-0.0759160905363,-0.0166458326422,True
8637,431,17,1.40274020516,False,0.054789915134699996,True,-0.04148936566230001,-0.0686122305105,-0.013822315375899999,True
8638,431,18,0.634142355924,False,0.055290484317399996,True,-0.0458708191157,-0.0744439438651,-0.0191534595477,True
8639,431,19,0.018033960991599998,True,0.055440339918300004,True,-0.0530695474275,-0.08041512491510001,-0.0249747849968,True
8640,432,0,6.54499633334,False,0.143270783944,False,0.0652357871095,-0.00249981208182,0.140770971862,False
8641,432,1,28.9797372868,False,0.1008344432,False,0.0271866641428,-0.0232926473599,0.0775417958404,False
8642,432,2,51.0752299725,False,0.08876010424339999,False,0.0120302169211,-0.0310656533044,0.057694450939,False
8643,432,3,55.939917682700006,False,0.0776394319449,True,0.0070810420302500005,-0.0321684107951,0.04547102114990001,False
8644,432,4,64.2658522421,False,0.0737897331789,True,-0.00418588238582,-0.0415919927739,0.0321977404049,False
8645,432,5,54.7900312704,False,0.0685101473068,True,-0.011516536923200002,-0.0465851427071,0.021925004599700003,False
8646,432,6,26.949151919600002,False,0.0652904849377,True,-0.0252336033763,-0.0587742639635,0.00651622097413,False
8647,432,7,32.8250184273,False,0.0648847191791,True,-0.0225481644578,-0.0545083444584,0.010376374720700002,False
8648,432,8,48.683095907799995,False,0.059997590793399995,True,-0.0152902050129,-0.045708954164000004,0.0142886366294,False
8649,432,9,29.7832541835,False,0.060565480314400004,True,-0.0218039518553,-0.051016567424,0.00954891289039,False
8650,432,10,20.6994269144,False,0.0625596024435,True,-0.025878499012700003,-0.0567700029124,0.0057895995310899995,False
8651,432,11,10.8670736066,False,0.060265718871200004,True,-0.030301478910699998,-0.0588107071574,0.0014550117137999998,False
8652,432,12,1.36636380998,False,0.05901668411449999,True,-0.0439062591264,-0.0711743422308,-0.0121576581163,True
8653,432,13,5.168261183769999,False,0.060545315656099996,True,-0.036973141663300006,-0.06616492647250001,-0.00561961081641,True
8654,432,14,1.2623174375,False,0.0600160447559,True,-0.04635420380059999,-0.07628254257610001,-0.0162664978202,True
8655,432,15,0.26546670175500003,True,0.0563344127117,True,-0.048655762981900004,-0.0768823523809,-0.0205479396693,True
8656,432,16,0.670043185232,False,0.05593105323869999,True,-0.04376799026319999,-0.0721057468137,-0.0161746935749,True
8657,432,17,0.27724401542,True,0.0568750773076,True,-0.0470663284915,-0.0744615129666,-0.017586435659,True
8658,432,18,0.313092180813,True,0.056447781975800006,True,-0.0468653335168,-0.074248916065,-0.0178011340892,True
8659,432,19,0.24219687734900003,True,0.0548720903445,True,-0.0514786921247,-0.0774909109775,-0.022618820633,True
8660,433,0,16.5662463239,False,0.142580963776,False,-0.0469976240274,-0.11337560705000001,0.0292053567252,False
8661,433,1,33.6580145954,False,0.10076152856699999,False,-0.022397902437800002,-0.07292295285410001,0.027838575712599997,False
8662,433,2,6.92284628219,False,0.0893572604858,False,-0.047249768640599994,-0.08969855479689999,-0.00034129431113400004,True
8663,433,3,1.7421572751700003,False,0.0783356919178,True,-0.0537226218178,-0.093751054266,-0.015415362348200002,True
8664,433,4,2.41294671718,False,0.07512497834319999,True,-0.049924959695699996,-0.08618823143360001,-0.0110632530905,True
8665,433,5,3.0259376854699997,False,0.07062336821880001,True,-0.046878539429699995,-0.0819466012047,-0.0113232329858,True
8666,433,6,1.9697894914099998,False,0.0681683932233,True,-0.0470143983848,-0.0806300062039,-0.0124616129807,True
8667,433,7,3.79587591698,False,0.0649868458974,True,-0.040102233416499995,-0.0736258754277,-0.00863902953033,True
8668,433,8,0.8982904656910001,False,0.0624362145228,True,-0.046417072466099996,-0.0758443861867,-0.013408171663999999,True
8669,433,9,0.7143145325560001,False,0.0627918592223,True,-0.0522475353339,-0.08337507585010001,-0.020583216627799997,True
8670,433,10,0.20536161266199998,True,0.061158126207,True,-0.055289433620100005,-0.0848646022704,-0.023706476063399998,True
8671,433,11,0.581667074894,False,0.06025100379369999,True,-0.0517226011465,-0.080605840242,-0.0203548364483,True
8672,433,12,0.442970060048,False,0.0597993897102,True,-0.0569204167057,-0.0846749369201,-0.0248755472099,True
8673,433,13,0.0728780600042,True,0.05835835471419999,True,-0.05717290999369999,-0.08784295360099999,-0.0294845988868,True
8674,433,14,0.0336118529818,True,0.0592513235694,True,-0.05367616553830001,-0.08339064230539998,-0.024139318736,True
8675,433,15,0.0168688823726,True,0.058728422362900004,True,-0.056552384083699996,-0.087174990365,-0.0284465680021,True
8676,433,16,0.005916162892380001,True,0.0583799656254,True,-0.0574163602772,-0.0866197061079,-0.0282397404826,True
8677,433,17,5.49722633655e-05,True,0.0556853804187,True,-0.0617080250598,-0.08784644486739998,-0.0321610644488,True
8678,433,18,1.16685082754e-06,True,0.056265451280500006,True,-0.0646761386184,-0.0937683443588,-0.0375028930782,True
8679,433,19,0.0198326000476,True,0.0554625376797,True,-0.0644274077505,-0.0926890578472,-0.0372265201675,True
8680,434,0,27.3340688218,False,0.14367103555400002,False,-0.024958801392,-0.09781464388160001,0.04585639167259999,False
8681,434,1,33.9372379573,False,0.103290029363,False,-0.0229602034755,-0.0760310028382,0.0272590265247,False
8682,434,2,44.9960792276,False,0.0881143944719,False,-0.0135848035562,-0.055378204004300005,0.0327361904675,False
8683,434,3,38.126416574299995,False,0.08126757333910001,False,-0.0193844307689,-0.0593757230237,0.021891850315400002,False
8684,434,4,52.7239815633,False,0.07280701047,True,-0.013126675792100001,-0.0490816475504,0.0237253629196,False
8685,434,5,38.1343831122,False,0.06945573921689999,True,-0.0203987372935,-0.0547854142256,0.014670324991299999,False
8686,434,6,34.1802454168,False,0.0670969720039,True,-0.020865137792799998,-0.0521910801022,0.014905891901799998,False
8687,434,7,16.716318597,False,0.06700009236190001,True,-0.0291839831305,-0.062152464538900005,0.00484762782293,False
8688,434,8,10.839963686099999,False,0.06330209114469999,True,-0.032550907025200006,-0.0635782598184,-0.00027616867371499994,True
8689,434,9,6.038326110930001,False,0.0628041700447,True,-0.0369024218203,-0.0679879780766,-0.00518380803188,True
8690,434,10,4.30466658631,False,0.0593196909578,True,-0.0375854573411,-0.0680296047218,-0.008709913764049998,True
8691,434,11,1.30687683241,False,0.0567666152915,True,-0.0422738837569,-0.0709424271989,-0.0141758119074,True
8692,434,12,3.20410390765,False,0.056852180248999996,True,-0.0376506156433,-0.0672538537716,-0.0104016735226,True
8693,434,13,4.15490547451,False,0.05778071333,True,-0.0369193466368,-0.0659760104435,-0.0081952971135,True
8694,434,14,1.88479660869,False,0.05857039710530001,True,-0.0396865223865,-0.0689392211687,-0.010368824063499999,True
8695,434,15,3.4745719865099995,False,0.0578518231535,True,-0.0371612237111,-0.0658679379906,-0.008016114837109999,True
8696,434,16,8.29194124935,False,0.0560912075086,True,-0.030886226138900002,-0.0590326268694,-0.00294141936077,True
8697,434,17,11.3718155917,False,0.0554376472136,True,-0.0300284642925,-0.057512676629599996,-0.00207502941601,True
8698,434,18,15.7848613204,False,0.0552647084229,True,-0.0269277554715,-0.0535529851179,0.00171172330503,False
8699,434,19,6.56248807352,False,0.0560330164337,True,-0.0335579900516,-0.0627855330788,-0.006752516645090001,True
8700,435,0,1.11064550096,False,0.145184513817,False,-0.0966420307905,-0.164554758987,-0.019370245169400002,True
8701,435,1,1.46035962195,False,0.106799057872,False,-0.0729717455447,-0.124926518007,-0.0181274601342,True
8702,435,2,10.0748806252,False,0.0883855132937,False,-0.0429356970637,-0.0870908236633,0.00129468963034,False
8703,435,3,6.73211287658,False,0.07656160394480001,True,-0.042362790422199995,-0.0793303310039,-0.00276872705906,True
8704,435,4,1.9440391271400002,False,0.0728976591733,True,-0.0528139096239,-0.0881977193619,-0.015300060188500001,True
8705,435,5,0.303166850548,True,0.0697491418245,True,-0.062056897151399996,-0.0965934638414,-0.0268443220169,True
8706,435,6,2.47150496231e-07,True,0.0658194059129,True,-0.0764458473017,-0.10814751348099999,-0.042328107568499994,True
8707,435,7,1.27267246686e-06,True,0.0646035373678,True,-0.0788489509192,-0.110808124066,-0.0462045866983,True
8708,435,8,0.0008186840050910002,True,0.06324932483109999,True,-0.0632559657201,-0.09304781640460001,-0.0297984915735,True
8709,435,9,0.0713516198935,True,0.061822183076300004,True,-0.057652448258,-0.0899263547236,-0.0281041716474,True
8710,435,10,0.487324058339,False,0.05902096036090001,True,-0.055373645036199994,-0.0856298915965,-0.026608931235599997,True
8711,435,11,0.000120835612205,True,0.061554988180800005,True,-0.0630517488997,-0.09494863651180001,-0.033393648330999996,True
8712,435,12,3.69949730902e-05,True,0.058600775783400005,True,-0.0641684214909,-0.09379302901869999,-0.0351922532353,True
8713,435,13,0.0261756390111,True,0.058111988327800006,True,-0.0620255979884,-0.0911164958791,-0.0330045075514,True
8714,435,14,0.000264275462886,True,0.057951055924199996,True,-0.0585462244977,-0.08725504563999999,-0.0293039897158,True
8715,435,15,0.127573462711,True,0.0568976746331,True,-0.0549019733375,-0.0828903615646,-0.0259926869316,True
8716,435,16,0.110894644294,True,0.0590492746395,True,-0.0539703168436,-0.0846073629142,-0.0255580882747,True
8717,435,17,0.0522905595201,True,0.0566646320275,True,-0.053149843778800006,-0.0805472702109,-0.0238826381834,True
8718,435,18,0.0654856817049,True,0.0561597978784,True,-0.05286233814230001,-0.0799009378603,-0.0237411399819,True
8719,435,19,0.00030149963349299997,True,0.05555155365540001,True,-0.0548521647623,-0.0858773114952,-0.0303257578398,True
8720,436,0,33.495034725100005,False,0.14320051317500002,False,0.00362859097439,-0.0660033603971,0.0771971527779,False
8721,436,1,34.8457476165,False,0.10772092942500001,False,-0.019134318572099997,-0.0741078399159,0.0336130895092,False
8722,436,2,45.7026769633,False,0.0962531692399,False,-0.010360461327399999,-0.0565050553904,0.0397481138495,False
8723,436,3,41.9046083397,False,0.08050942699989999,False,-0.016919828624100002,-0.0556231189176,0.0248863080823,False
8724,436,4,60.6711059501,False,0.0770090820518,True,-0.00756925223394,-0.0468267894025,0.030182292649300002,False
8725,436,5,55.38603423520001,False,0.071661542867,True,-0.0126734277116,-0.0477554004461,0.023906142420900004,False
8726,436,6,37.884142332399996,False,0.0683079548,True,-0.0195409948378,-0.054516823614999994,0.0137911311849,False
8727,436,7,24.280820066300002,False,0.06409188911590001,True,-0.0249962372952,-0.057665910729,0.0064259783868599995,False
8728,436,8,23.6170444044,False,0.0624911984561,True,-0.025711110983000003,-0.0566271961025,0.00586400235368,False
8729,436,9,30.4656994746,False,0.0631402290312,True,-0.022219253803500004,-0.0528573845635,0.010282844467600001,False
8730,436,10,24.848882669600002,False,0.061677240889499996,True,-0.0234953428535,-0.055310043798900005,0.00636719709062,False
8731,436,11,21.1111685566,False,0.059674890702300004,True,-0.025311420889400003,-0.0551026725481,0.00457221815429,False
8732,436,12,10.2802129889,False,0.0584443649151,True,-0.031129641564599998,-0.0602978197236,-0.00185345480844,True
8733,436,13,5.6531391502199995,False,0.055979020368999995,True,-0.033052143468400005,-0.061458016416999994,-0.005478996048020001,True
8734,436,14,6.0253127288699995,False,0.0586365930444,True,-0.0347414202075,-0.06361043314960001,-0.004973840105189999,True
8735,436,15,2.45165408222,False,0.0561565470945,True,-0.0394127750684,-0.0674239202341,-0.011267373139599999,True
8736,436,16,4.94756257696,False,0.0587677016407,True,-0.0375925158945,-0.0680819522605,-0.009314250619809998,True
8737,436,17,3.43317678676,False,0.0578644399964,True,-0.0388099836394,-0.06827628074469999,-0.0104118407482,True
8738,436,18,1.25085447865,False,0.055722793906,True,-0.0405352351558,-0.07000057658530001,-0.0142777826793,True
8739,436,19,8.58049903299,False,0.0582766451578,True,-0.0319024333446,-0.0627957593327,-0.00451911417485,True
8740,437,0,31.6421539076,False,0.144873205057,False,0.00717134462025,-0.0667249182538,0.0781482868033,False
8741,437,1,22.7145369248,False,0.10353832944000001,False,-0.032194257038599995,-0.084303479192,0.0192348502477,False
8742,437,2,5.02045708006,False,0.08980221263499999,False,-0.049478121297500004,-0.0963967038679,-0.00659449123288,True
8743,437,3,0.976281751479,False,0.0790280775922,True,-0.060051331097800004,-0.09687735277000001,-0.017849275177799998,True
8744,437,4,0.40636098680699995,False,0.07316453446019999,True,-0.058591028686300006,-0.0947022138115,-0.0215376793513,True
8745,437,5,0.000297003511374,True,0.0705290041815,True,-0.0721620534858,-0.106049222476,-0.0355202182945,True
8746,437,6,0.050326633153200004,True,0.0686299053962,True,-0.0670745946607,-0.09935212140760001,-0.0307222160114,True
8747,437,7,0.00042532838842900006,True,0.06529678095119999,True,-0.0685790312154,-0.100861293664,-0.0355645127125,True
8748,437,8,0.0281629188323,True,0.0643763436143,True,-0.0638120196271,-0.0978780259892,-0.0335016823748,True
8749,437,9,3.29088835635e-05,True,0.062476185860800004,True,-0.06990183652080001,-0.0998972484712,-0.0374210626103,True
8750,437,10,3.923337379689999e-09,True,0.059078025054400005,True,-0.07238169811680001,-0.102504111091,-0.0434260860369,True
8751,437,11,6.66253463445e-07,True,0.060291201162099996,True,-0.0738061673221,-0.104396488331,-0.0441052871684,True
8752,437,12,3.73741896597e-15,True,0.058380598962400006,True,-0.0746724863637,-0.103546665515,-0.04516606655259999,True
8753,437,13,0.00046869091765099996,True,0.0585134488114,True,-0.0751907528966,-0.103490925093,-0.044977476281399996,True
8754,437,14,2.02119495242e-18,True,0.0585264182701,True,-0.07370431223389999,-0.102280336339,-0.043753918068599996,True
8755,437,15,2.84647448165e-19,True,0.057844437395000003,True,-0.07796594011199999,-0.10563742368899999,-0.0477929862941,True
8756,437,16,2.3260250001e-05,True,0.05754596777530001,True,-0.07797413682089999,-0.10791527236,-0.050369304584400004,True
8757,437,17,8.545936468619999e-23,True,0.057248009490599994,True,-0.0786889279844,-0.106007400459,-0.0487593909683,True
8758,437,18,1.39715080645e-28,True,0.057418721101,True,-0.083854139131,-0.11122310434299999,-0.053804383242300004,True
8759,437,19,6.111597431700001e-43,True,0.0586562112323,True,-0.0953467556776,-0.125659255728,-0.0670030444962,True
8760,438,0,30.3731157934,False,0.1412161868,False,-0.0198156141976,-0.09405523572419999,0.0471609510755,False
8761,438,1,10.743893981700001,False,0.106004101948,False,-0.0474947199599,-0.097343448266,0.00866065368182,False
8762,438,2,17.044430573699998,False,0.091154436723,False,-0.034627571257699996,-0.0798318394325,0.0113225972905,False
8763,438,3,15.487385796600002,False,0.07563100774710001,True,-0.0340127239934,-0.0701861599613,0.00544484778575,False
8764,438,4,16.142643245,False,0.0737657600357,True,-0.0323057810225,-0.0706271479625,0.0031386120732399994,False
8765,438,5,24.6884349111,False,0.0710965293661,True,-0.0259568781025,-0.061418401555399994,0.00967812781063,False
8766,438,6,28.1776416959,False,0.0678571363691,True,-0.023375322774400003,-0.057867132132900005,0.00999000423613,False
8767,438,7,42.8079957467,False,0.0642144575992,True,-0.0186413441876,-0.051290272253199994,0.012924185345999999,False
8768,438,8,26.820483544400002,False,0.061956879412199996,True,-0.024598641902200003,-0.055446093835300005,0.00651078557692,False
8769,438,9,26.0932444856,False,0.062261562037899995,True,-0.023598065499999998,-0.0559519860743,0.00630957596359,False
8770,438,10,28.912895976599998,False,0.0603298833981,True,-0.0208604896084,-0.050881751442599994,0.00944813195559,False
8771,438,11,37.199985366599996,False,0.058199616131600004,True,-0.0197717586079,-0.0486461275115,0.009553488620139999,False
8772,438,12,30.0048304417,False,0.057921539187099996,True,-0.021014719355000003,-0.048721682241,0.0091998569461,False
8773,438,13,28.656149834,False,0.057723830192999995,True,-0.0229294651306,-0.052412629188699995,0.0053112010042899995,False
8774,438,14,4.86954289209,False,0.0565556766443,True,-0.0356495330256,-0.0645628812491,-0.00800720460478,True
8775,438,15,4.41608206231,False,0.057071686582100004,True,-0.0360549199064,-0.0657479359611,-0.008676249379010001,True
8776,438,16,1.96438243793,False,0.0601615891686,True,-0.0431812069795,-0.0738017219692,-0.0136401328006,True
8777,438,17,0.33336466096,False,0.0564385338563,True,-0.0508447601078,-0.0783813329697,-0.0219427991134,True
8778,438,18,0.129278555761,True,0.055703735212699994,True,-0.0486543249751,-0.07630651057580001,-0.020602775363099998,True
8779,438,19,1.1033843626100002,False,0.05853861044,True,-0.0473023355571,-0.07553481342289999,-0.0169962029829,True
8780,439,0,35.4460584379,False,0.138148250625,False,0.0011564464730699998,-0.0691677164949,0.0689805341301,False
8781,439,1,20.3981127571,False,0.101416427813,False,-0.035772831660400004,-0.08654430038830001,0.0148721274245,False
8782,439,2,21.2780249396,False,0.0906056044539,False,-0.0320164251681,-0.08086468101319999,0.00974092344068,False
8783,439,3,9.680141580239999,False,0.07728043206610001,True,-0.0386438753757,-0.0768589271773,0.00042150488874499997,False
8784,439,4,12.984872126900001,False,0.0751383624214,True,-0.034288910899,-0.0713652784367,0.00377308398461,False
8785,439,5,8.08333954867,False,0.0697692420751,True,-0.0380685619917,-0.0717404537607,-0.00197121168565,True
8786,439,6,24.231366791,False,0.0638688749708,True,-0.0250000466506,-0.05792024187530001,0.0059486330955,False
8787,439,7,19.5146907129,False,0.06490804487150001,True,-0.0273831484098,-0.058829884142300004,0.00607816072921,False
8788,439,8,1.7162345582700003,False,0.0637077196646,True,-0.044932355065400005,-0.0750652748745,-0.01135755521,True
8789,439,9,0.735816250558,False,0.0609680522291,True,-0.0487793076211,-0.0806535197223,-0.019685467493200003,True
8790,439,10,2.28888342872,False,0.06236484502069999,True,-0.0446183812134,-0.07534226654019999,-0.012977421519500001,True
8791,439,11,0.0034094469015700005,True,0.0598303135085,True,-0.0564890991839,-0.0863113348627,-0.026481021354200003,True
8792,439,12,0.000390243692084,True,0.0577822129947,True,-0.059052846823100004,-0.0868056975143,-0.029023484519599997,True
8793,439,13,0.00502720615657,True,0.0596267331284,True,-0.0563983071292,-0.08410966591810001,-0.0244829327897,True
8794,439,14,0.00198549219205,True,0.057804925154800006,True,-0.0579248503086,-0.086390027161,-0.028585102006200003,True
8795,439,15,0.206381900041,True,0.058933280277000004,True,-0.0572444166467,-0.0872765058195,-0.0283432255425,True
8796,439,16,0.0957063967384,True,0.056021567347800005,True,-0.054926934631000006,-0.08330693864,-0.0272853712922,True
8797,439,17,0.161866279954,True,0.0579470322226,True,-0.052756358156500004,-0.08218600329919999,-0.0242389710766,True
8798,439,18,0.037169676886,True,0.057294421320599996,True,-0.0557168495471,-0.08568994119960001,-0.028395519879000002,True
8799,439,19,0.000873396973898,True,0.056341088689,True,-0.0583315030849,-0.08652639162350001,-0.030185302934500002,True
8800,440,0,21.3361145922,False,0.14071436013900002,False,-0.0360208783759,-0.10463508048,0.036079279659099996,False
8801,440,1,0.550280042031,False,0.10516024433,False,-0.0781335230628,-0.131183739738,-0.0260234954078,True
8802,440,2,0.5288706031,False,0.0875685520706,False,-0.0690083128006,-0.11329222237400001,-0.025723670303599996,True
8803,440,3,0.13786252995999998,True,0.0785039755787,True,-0.0682986982092,-0.107707617048,-0.029203641469099997,True
8804,440,4,1.76782733977,False,0.0729966234163,True,-0.05178935526819999,-0.0848478203165,-0.011851196900200001,True
8805,440,5,1.00748134857,False,0.0697635870881,True,-0.0523411371195,-0.0877407909305,-0.0179772038424,True
8806,440,6,1.9178727786099996,False,0.06906736824519999,True,-0.0486683992674,-0.084739215305,-0.015671847059799997,True
8807,440,7,0.34901301213799996,False,0.0629204811753,True,-0.0521305027104,-0.0832275503681,-0.0203070691928,True
8808,440,8,1.36695999526,False,0.0625059241609,True,-0.0487231073537,-0.0790609882361,-0.0165550640752,True
8809,440,9,0.17427236843199997,True,0.0616225535708,True,-0.057816244675599995,-0.088855681715,-0.0272331281442,True
8810,440,10,0.17639908445799998,True,0.059803713171100004,True,-0.0549400235004,-0.08432912144969999,-0.0245254082786,True
8811,440,11,0.185309470807,True,0.061017730483800006,True,-0.056547899478699995,-0.08622515679500001,-0.0252074263112,True
8812,440,12,0.117685020857,True,0.0574689075788,True,-0.0549688930284,-0.0835867720545,-0.026117864475699998,True
8813,440,13,0.00107762292241,True,0.0592530139828,True,-0.0612379180021,-0.0897893108767,-0.0305362968939,True
8814,440,14,1.41022871633e-18,True,0.058195236024699996,True,-0.0734473466755,-0.102828034888,-0.0446327988634,True
8815,440,15,3.3222313550999996e-13,True,0.05810002705,True,-0.07479430861860001,-0.10452988345599999,-0.0464298564059,True
8816,440,16,1.08646040721e-15,True,0.05856937532769999,True,-0.0720917652983,-0.10012746385099999,-0.041558088523,True
8817,440,17,1.1594132231499999e-14,True,0.0555323137253,True,-0.0722716805141,-0.10011383877499999,-0.04458152504980001,True
8818,440,18,3.2468228870999997e-10,True,0.05448581938369999,True,-0.0671784766199,-0.0928749748451,-0.0383891554614,True
8819,440,19,0.0358772987583,True,0.05516499999340001,True,-0.0626229336702,-0.0895720687937,-0.0344070688003,True
8820,441,0,21.499750224099998,False,0.140965257472,False,-0.0357631695689,-0.10224068843499999,0.038724569036500005,False
8821,441,1,28.2996257592,False,0.10362697076300001,False,-0.0265980004928,-0.078583999688,0.025042971075400003,False
8822,441,2,16.2169423083,False,0.08657177991389998,False,-0.0353581641021,-0.0767660246172,0.00980575529669,False
8823,441,3,2.07012892024,False,0.0799937799207,True,-0.0528074078689,-0.0909553287988,-0.0109615488781,True
8824,441,4,0.280197663909,True,0.07394145428650001,True,-0.06848418574519999,-0.10481472583200001,-0.0308732715454,True
8825,441,5,0.0331666370811,True,0.0709324283467,True,-0.06724573829819999,-0.101892756551,-0.0309603282039,True
8826,441,6,0.155142367936,True,0.0660053269775,True,-0.0573836521573,-0.08973185126219999,-0.023726524284700002,True
8827,441,7,0.837807696494,False,0.0653622906475,True,-0.0542216417002,-0.08622400529430001,-0.0208617146468,True
8828,441,8,0.313907757576,True,0.0632483034237,True,-0.05291371475869999,-0.083586023659,-0.0203377202353,True
8829,441,9,0.103952626989,True,0.0625749819563,True,-0.0626293863489,-0.0936884510461,-0.0311134690898,True
8830,441,10,1.53892611822e-05,True,0.060672870132099994,True,-0.060838638716599995,-0.0909129132012,-0.030240043069099998,True
8831,441,11,0.09493495012389999,True,0.059399926520499996,True,-0.056281240445800004,-0.08577563741580001,-0.0263757108953,True
8832,441,12,0.201859722051,True,0.0607215363908,True,-0.051419733643199995,-0.0833436484208,-0.022622112030000002,True
8833,441,13,1.0349083528299998,False,0.059604704381200004,True,-0.045840398213200004,-0.07796596048510002,-0.018361256104,True
8834,441,14,0.05610717029159999,True,0.057727821374599995,True,-0.05195469240069999,-0.0796178927591,-0.0218900713845,True
8835,441,15,0.0763415060065,True,0.0558991736965,True,-0.0572946288346,-0.085695718938,-0.0297965452415,True
8836,441,16,0.035746804223800006,True,0.0572373858632,True,-0.056884542555499996,-0.0859941303874,-0.0287567445242,True
8837,441,17,5.92059463247e-13,True,0.0556305712582,True,-0.06587651521030001,-0.0933354622193,-0.0377048909612,True
8838,441,18,9.36832544431e-05,True,0.0563663144335,True,-0.06773179383219999,-0.0965413985059,-0.0401750840725,True
8839,441,19,0.00297859035743,True,0.057317124611099994,True,-0.0580024906183,-0.0860917769357,-0.028774652324599997,True
8840,442,0,8.440800425439999,False,0.14408037701600002,False,-0.060067535486900005,-0.130832071809,0.013248305207200002,False
8841,442,1,7.734351919339999,False,0.102534223148,False,-0.05190776549599999,-0.10340533364499999,-0.000871110496755,True
8842,442,2,4.55054018798,False,0.0901795180249,False,-0.051936640999800006,-0.09680812707869998,-0.0066286090538100004,True
8843,442,3,0.543772206223,False,0.0777925896096,True,-0.0611538849071,-0.0994127046745,-0.0216201150648,True
8844,442,4,2.6355256442,False,0.0708105072546,True,-0.0457999605633,-0.0812615538983,-0.010451046643700002,True
8845,442,5,0.8789058973970001,False,0.07022682421019999,True,-0.0546663479368,-0.0870372387884,-0.0168104145782,True
8846,442,6,0.029930843922900005,True,0.0647459728421,True,-0.0616457945253,-0.0929409140121,-0.02819494117,True
8847,442,7,0.00968882458585,True,0.0652306213024,True,-0.0641520799663,-0.0966138110409,-0.0313831897384,True
8848,442,8,0.0068529765326699995,True,0.0634806437256,True,-0.061970375318599995,-0.09268394033789999,-0.0292032966123,True
8849,442,9,4.59515266323e-08,True,0.0609928223084,True,-0.06370938238530001,-0.09443342844239999,-0.033440606134,True
8850,442,10,0.0190293106057,True,0.0596445414688,True,-0.0604356514047,-0.09047988407160001,-0.0308353426028,True
8851,442,11,0.00014641646317299997,True,0.0589363561877,True,-0.062337478139,-0.09295955792020001,-0.0340232017325,True
8852,442,12,0.0010235599363899999,True,0.05940912900359999,True,-0.0648386246112,-0.09359036165560002,-0.034181232651999995,True
8853,442,13,1.13527266787e-12,True,0.058695026915199996,True,-0.07716343994260001,-0.105934921593,-0.04723989467780001,True
8854,442,14,2.9543968015299997e-24,True,0.0585248652408,True,-0.0825369319032,-0.113594749281,-0.05506988404,True
8855,442,15,2.23568938726e-19,True,0.057790453052099997,True,-0.07671118284249999,-0.10683385756100001,-0.049043404508999994,True
8856,442,16,4.0705665046e-11,True,0.05606842369850001,True,-0.0832088126998,-0.111250215843,-0.05518179214459999,True
8857,442,17,6.15549529012e-34,True,0.0570226560169,True,-0.0840038982851,-0.111406439612,-0.0543837835948,True
8858,442,18,6.543648455219999e-38,True,0.0569600021924,True,-0.08125267711560001,-0.10946074528899999,-0.052500743096900004,True
8859,442,19,3.79756789965e-22,True,0.0559343282809,True,-0.080245546145,-0.10811569468,-0.0521813663987,True
8860,443,0,2.5808687155700003,False,0.142732310285,False,-0.0846685028965,-0.158841950341,-0.0161096400562,True
8861,443,1,1.37571826944,False,0.10387862962200001,False,-0.0742543396965,-0.128142901363,-0.024264271741499997,True
8862,443,2,1.6249933299500001,False,0.08844861124330002,False,-0.0612772799538,-0.103814600812,-0.0153659895687,True
8863,443,3,0.170256517258,True,0.0786584600018,True,-0.0661966304662,-0.10470334222699999,-0.0260448822253,True
8864,443,4,0.634452779396,False,0.07648802667660001,True,-0.0580437133103,-0.09827705981660001,-0.021789033140000004,True
8865,443,5,3.6638435443100004e-11,True,0.0685889027056,True,-0.0834010722857,-0.119614317926,-0.051025415220599994,True
8866,443,6,1.03124191668e-06,True,0.0649235735835,True,-0.0747003579858,-0.10730128383500001,-0.04237771025190001,True
8867,443,7,1.20780581454e-16,True,0.06644606254549999,True,-0.0837433318124,-0.116176139429,-0.049730076883600004,True
8868,443,8,1.02245431773e-25,True,0.063389993261,True,-0.0859770047085,-0.118455767288,-0.0550657740271,True
8869,443,9,5.81373579694e-26,True,0.0629822500559,True,-0.0849119561658,-0.116200990909,-0.0532187408532,True
8870,443,10,2.0151887866199998e-27,True,0.06078782004930001,True,-0.08514414314989999,-0.114362583433,-0.0535747633835,True
8871,443,11,2.40877366339e-24,True,0.0609678360616,True,-0.0835098105002,-0.11365450652999999,-0.0526866704689,True
8872,443,12,4.75242046471e-13,True,0.0603622900564,True,-0.0784442811477,-0.108167541501,-0.0478052514444,True
8873,443,13,1.66189390976e-18,True,0.0584875539386,True,-0.08688446420669999,-0.11389507175000001,-0.0554075178118,True
8874,443,14,6.4408919037499996e-27,True,0.059962888457699995,True,-0.088818794679,-0.120287312303,-0.0603244238456,True
8875,443,15,9.383162029379999e-22,True,0.055861589592,True,-0.08072998974889999,-0.108911209373,-0.0530496197805,True
8876,443,16,1.54908683127e-28,True,0.056983689983699994,True,-0.08419069198010001,-0.11261355612099999,-0.0556298661375,True
8877,443,17,4.0488288332500005e-34,True,0.0575450959739,True,-0.0834735329705,-0.113541669464,-0.0559965734904,True
8878,443,18,3.719778252169999e-40,True,0.059015857764800006,True,-0.09090125309319999,-0.11840869241699999,-0.0593928346518,True
8879,443,19,3.5465817640499995e-57,True,0.0552669274312,True,-0.0900453029068,-0.117498694544,-0.062231767113,True
8880,444,0,15.0827576524,False,0.135574216926,False,-0.0483177073783,-0.114298800675,0.0212754162507,False
8881,444,1,7.4083407345,False,0.104402042817,False,-0.052809214146999996,-0.102799084616,0.0016029582017699998,False
8882,444,2,16.1562428311,False,0.0878742987052,False,-0.036658510941400005,-0.0801525597137,0.00772173899154,False
8883,444,3,10.856692558399999,False,0.0805690707556,False,-0.0378666658031,-0.0779300405734,0.00263903018226,False
8884,444,4,36.6377465798,False,0.0773625542082,True,-0.0205689724467,-0.0601915268646,0.0171710273436,False
8885,444,5,23.732193183299998,False,0.0718122645512,True,-0.0255729980842,-0.0628364681683,0.00897579638285,False
8886,444,6,12.2778041683,False,0.0705166323356,True,-0.0332790598754,-0.0685848791864,0.0019317531491700002,False
8887,444,7,9.468105363089999,False,0.0626560639565,True,-0.0333113360916,-0.0641405357628,-0.0014844718063299997,True
8888,444,8,15.523209621400001,False,0.0625076091157,True,-0.0283086378982,-0.05773418957569999,0.00477341953994,False
8889,444,9,11.229524525899999,False,0.0631523921294,True,-0.0325868824255,-0.061363068250400006,0.00178932387901,False
8890,444,10,13.4415104224,False,0.0590387833062,True,-0.0298251112213,-0.05946593838380001,-0.00042715507769399997,True
8891,444,11,6.1941127722500005,False,0.0595189827546,True,-0.03525939540840001,-0.0652477702842,-0.00572878752968,True
8892,444,12,9.34934456028,False,0.0605746353539,True,-0.0319441525245,-0.062215932370600004,-0.00164129701668,True
8893,444,13,4.73173386521,False,0.0593032212365,True,-0.0364955195889,-0.06767029399090001,-0.00836707275438,True
8894,444,14,2.12684723689,False,0.0565860176822,True,-0.0415882767966,-0.0689222692137,-0.0123362515316,True
8895,444,15,3.7689016458999998,False,0.0585195293236,True,-0.0390197772222,-0.06817900521879999,-0.00965947589523,True
8896,444,16,0.6759543588339999,False,0.057502735094900004,True,-0.046145756032300006,-0.0745262632469,-0.017023528152,True
8897,444,17,1.4248638661300002,False,0.0581114645779,True,-0.0416577013512,-0.0701100153563,-0.0119985507784,True
8898,444,18,1.0848465620899999,False,0.056384533174300006,True,-0.042234587973,-0.0708125679093,-0.014428034735000001,True
8899,444,19,0.158422244834,True,0.056689991761,True,-0.0490040485092,-0.0774285167947,-0.020738525033700002,True
8900,445,0,15.2190026669,False,0.144540939995,False,-0.0460427592337,-0.11663756206499999,0.0279033779305,False
8901,445,1,18.9784994104,False,0.105850715866,False,-0.0359710007461,-0.0885416997023,0.0173090161642,False
8902,445,2,13.270400688299999,False,0.08904518153760001,False,-0.0400765768382,-0.08295756390180001,0.006087617635819999,False
8903,445,3,15.8279093679,False,0.07738240060610001,True,-0.0344066431218,-0.072006283645,0.005376116961109999,False
8904,445,4,13.3419830473,False,0.0747580150627,True,-0.0352715268527,-0.07081792675210001,0.0039400883106,False
8905,445,5,8.60224204651,False,0.0713898972925,True,-0.0370737728442,-0.07334721868499999,-0.00195732139251,True
8906,445,6,12.031667179500001,False,0.0661746201564,True,-0.0336401234864,-0.0664142351709,-0.000239615014468,True
8907,445,7,1.33730149973,False,0.0663675324861,True,-0.04946593344669999,-0.0840738649158,-0.0177063324297,True
8908,445,8,5.03494996167,False,0.0628268455929,True,-0.038895251123999997,-0.0698813124191,-0.00705446682622,True
8909,445,9,1.8724904752900002,False,0.0621657259473,True,-0.0451176505384,-0.0760629231394,-0.013897197192,True
8910,445,10,0.608263588459,False,0.0595402378546,True,-0.050932602992900006,-0.0816700192936,-0.022129781439,True
8911,445,11,0.150568346037,True,0.0607175250203,True,-0.0538320705391,-0.0850063247312,-0.024288799710800002,True
8912,445,12,0.119030891231,True,0.0590933568925,True,-0.056376793208300004,-0.08645953664560001,-0.027366179753099996,True
8913,445,13,0.147884071507,True,0.0582785805136,True,-0.0515968419139,-0.0806083120289,-0.0223297315154,True
8914,445,14,0.0346493272259,True,0.055819033900100005,True,-0.0508635612182,-0.07810182832189999,-0.0222827944218,True
8915,445,15,0.23022963607799998,True,0.0572666480613,True,-0.049895361161400004,-0.077195532446,-0.019928884384800002,True
8916,445,16,0.567374386934,False,0.055687447110599995,True,-0.050587262120599996,-0.07903050740380001,-0.0233430602932,True
8917,445,17,0.221477379038,True,0.057656658649699995,True,-0.05755941539480001,-0.08690896992360002,-0.0292523112738,True
8918,445,18,0.003351729294,True,0.0572446137218,True,-0.057819564168,-0.0861588765345,-0.0289142628127,True
8919,445,19,8.44395102084e-07,True,0.0553019223333,True,-0.0574972714966,-0.0853287778334,-0.0300268555002,True
8920,446,0,9.25940028974,False,0.13967468777,False,-0.0577523137294,-0.129840589319,0.00983409845071,False
8921,446,1,21.702499033400002,False,0.0994673189438,False,-0.0345950325959,-0.0849484649632,0.0145188539807,False
8922,446,2,41.6590571543,False,0.09083122268100001,False,-0.0152817313629,-0.0615352543754,0.029295968305599995,False
8923,446,3,42.7276256866,False,0.0824594428965,False,-0.0161218110744,-0.05550798418240001,0.026951458714200002,False
8924,446,4,56.1970222522,False,0.0740267259018,True,-0.011475304274500001,-0.0481189736729,0.025907752228900002,False
8925,446,5,44.105494890600006,False,0.0684346372621,True,-0.0186301098453,-0.052422834486,0.0160118027761,False
8926,446,6,14.123022011600002,False,0.0678681931015,True,-0.0325706901897,-0.0654773798882,0.0023908132133099998,False
8927,446,7,5.69805192862,False,0.0658233970568,True,-0.039343842856999996,-0.0723796979182,-0.0065563008613800005,True
8928,446,8,10.0850943037,False,0.0640832649436,True,-0.0331594475911,-0.06548243706569999,-0.0013991721221099998,True
8929,446,9,20.254672076600002,False,0.0630681468049,True,-0.0259635040094,-0.0579487569967,0.00511938980817,False
8930,446,10,14.169256109,False,0.0618381733225,True,-0.029470529935,-0.0616100270098,0.00022814631266099996,False
8931,446,11,15.0506726112,False,0.0594613496901,True,-0.028460189311,-0.05838553537280001,0.0010758143172,False
8932,446,12,16.8585886284,False,0.0597313916829,True,-0.0271249393121,-0.0582490319169,0.00148235976607,False
8933,446,13,14.5540471701,False,0.0583866552977,True,-0.0280979634592,-0.05474442838719999,0.0036422269105799996,False
8934,446,14,13.50989507,False,0.057997852619400006,True,-0.0305472862605,-0.057490984864800004,0.0005068677545590001,False
8935,446,15,5.09632889663,False,0.055903534910599996,True,-0.0350738719782,-0.0638335149408,-0.00792998003014,True
8936,446,16,0.853877337358,False,0.057777560030500004,True,-0.04276198675969999,-0.07283268279039999,-0.0150551227599,True
8937,446,17,0.15341317818,True,0.0589908110715,True,-0.058003999977599995,-0.0871647807488,-0.0281739696773,True
8938,446,18,0.15132901134500001,True,0.0551366428008,True,-0.0545425514465,-0.0817062790798,-0.026569636279,True
8939,446,19,0.0364068365444,True,0.058223533435199995,True,-0.0524491763814,-0.08253777468189999,-0.024314241246700005,True
8940,447,0,2.65699034841,False,0.14382407236300002,False,-0.0876453979556,-0.156974598046,-0.013150525683,True
8941,447,1,32.328621876999996,False,0.106856047465,False,-0.0215526933633,-0.0726004050809,0.0342556423838,False
8942,447,2,22.113356052600004,False,0.08990516117000001,False,-0.0303860683387,-0.0726678101625,0.0172373510076,False
8943,447,3,14.351199104300001,False,0.08164441553969999,False,-0.0347378277665,-0.07526823041839999,0.006376185121329999,False
8944,447,4,13.5523993576,False,0.0717728704757,True,-0.034368754865199996,-0.0679427419644,0.00383012851131,False
8945,447,5,2.3141475082099996,False,0.0707450637313,True,-0.0491062034714,-0.08688082909469999,-0.016135765363399997,True
8946,447,6,1.2765593455700002,False,0.0678760765396,True,-0.0480782977148,-0.08253069913210001,-0.0146546225925,True
8947,447,7,0.818932111059,False,0.0657782166594,True,-0.0510376496887,-0.08464115288310001,-0.0188629362237,True
8948,447,8,1.1606137330700002,False,0.0669727994998,True,-0.04973734064040001,-0.0818692694149,-0.0148964699151,True
8949,447,9,2.06826778227,False,0.0585234073852,True,-0.0445022868495,-0.0750296757714,-0.0165062683862,True
8950,447,10,1.59239573396,False,0.0612982423501,True,-0.0452129853358,-0.0760794227118,-0.0147811803617,True
8951,447,11,0.211587659457,True,0.0573215914542,True,-0.051123528379499995,-0.0796034839988,-0.022281892544599998,True
8952,447,12,1.8317369345400003,False,0.058461653735300004,True,-0.0428525671423,-0.07330852309580001,-0.0148468693606,True
8953,447,13,0.44660717432400004,False,0.058991346107400006,True,-0.047430170150800005,-0.0750257631141,-0.0160344170067,True
8954,447,14,2.06190654157,False,0.0589733622681,True,-0.0414848976112,-0.07164311697810001,-0.01266975471,True
8955,447,15,0.787216275475,False,0.0568536706841,True,-0.045565991131999994,-0.0744788091734,-0.0176251384893,True
8956,447,16,0.300086708391,True,0.056470856178199996,True,-0.048008939258000004,-0.0763667698857,-0.0198959137074,True
8957,447,17,0.408510517848,False,0.055639156428800005,True,-0.049136550389,-0.07630697976339999,-0.0206678233345,True
8958,447,18,0.0203845821364,True,0.05560537385369999,True,-0.050503894718100004,-0.07870576802899999,-0.023100394175400003,True
8959,447,19,0.11529454767899999,True,0.057902719343,True,-0.053608861719899994,-0.0822088369885,-0.0243061176455,True
8960,448,0,8.60420701044,False,0.139443782094,False,-0.0585690920341,-0.128681412958,0.0107623691356,False
8961,448,1,7.810983716769999,False,0.10204018248800001,False,-0.0516132664219,-0.102992166051,-0.0009519835622080001,True
8962,448,2,0.8888065049330001,False,0.0861848667915,False,-0.0655550853655,-0.109315525049,-0.023130658257,True
8963,448,3,0.08773769141169999,True,0.07951121089760001,True,-0.07381497433560001,-0.11514841103,-0.035637200132,True
8964,448,4,1.19233950965,False,0.0738423783458,True,-0.05727691083480001,-0.0975701088008,-0.0237277304549,True
8965,448,5,0.0114930567834,True,0.0704107537933,True,-0.068588028484,-0.102820079224,-0.0324093254303,True
8966,448,6,0.014740049166600001,True,0.0674088845526,True,-0.06835920249750001,-0.100422804949,-0.0330139203966,True
8967,448,7,0.268946943868,True,0.0671792247709,True,-0.058082254589900004,-0.0907044854448,-0.0235252606739,True
8968,448,8,1.3333542008,False,0.0621463124289,True,-0.0489061923998,-0.0792140608221,-0.017067748393299997,True
8969,448,9,1.10436130506,False,0.06202496370900001,True,-0.0506766259186,-0.0822952780638,-0.0202703143549,True
8970,448,10,0.110426079979,True,0.060581604517599995,True,-0.05588792430719999,-0.08563599077860001,-0.025054386260900004,True
8971,448,11,0.0678058249051,True,0.0599043854909,True,-0.0584865190869,-0.0878100494893,-0.027905663998500002,True
8972,448,12,3.9652259307e-09,True,0.060473782779299996,True,-0.0673411331602,-0.0991316447608,-0.0386578619815,True
8973,448,13,0.000155575016034,True,0.0569385886401,True,-0.0650676368704,-0.0920256355765,-0.0350870469363,True
8974,448,14,0.0130785377715,True,0.0561641406587,True,-0.0644739017374,-0.0942077986465,-0.0380436579878,True
8975,448,15,2.0363637272000001e-13,True,0.0595946712534,True,-0.0698990692218,-0.101872332005,-0.042277660751099996,True
8976,448,16,2.76664549429e-30,True,0.0557430057085,True,-0.0780502023133,-0.1066855391,-0.050942533391500004,True
8977,448,17,1.096791628e-15,True,0.0592191958397,True,-0.07663343046780001,-0.108079249853,-0.04886005401309999,True
8978,448,18,1.3458859122799998e-23,True,0.05595907717780001,True,-0.074978339443,-0.10328336205199999,-0.0473242848739,True
8979,448,19,8.11536331217e-21,True,0.056054809654599996,True,-0.0742044883081,-0.10133951955600001,-0.045284709901300006,True
8980,449,0,0.043561045207,True,0.140396260946,False,-0.128767417819,-0.19730064296,-0.0569043820141,True
8981,449,1,3.24014097178,False,0.10293800325500001,False,-0.06249886871230001,-0.116156966416,-0.013218963161500001,True
8982,449,2,17.0464446663,False,0.0862642466903,False,-0.0366598812712,-0.0817884546573,0.00447579203299,False
8983,449,3,0.728050856768,False,0.0808945297377,False,-0.0618494111229,-0.101124434814,-0.0202299050765,True
8984,449,4,0.418716329603,False,0.075679013406,True,-0.0660876053515,-0.105520671996,-0.0298416585902,True
8985,449,5,0.053665270647999995,True,0.0695153634518,True,-0.0714240524935,-0.106505333562,-0.0369899701103,True
8986,449,6,5.34392805156e-07,True,0.0674192100704,True,-0.0728424843523,-0.107101419708,-0.03968220963730001,True
8987,449,7,1.49177418097e-05,True,0.06574844585249999,True,-0.0748579533374,-0.10729975159,-0.0415513057373,True
8988,449,8,2.7770162717399998e-09,True,0.06351907908990001,True,-0.0711170678815,-0.102479151559,-0.0389600724691,True
8989,449,9,3.24367729846e-13,True,0.0617965173171,True,-0.0741326269126,-0.103496563789,-0.041700046471800006,True
8990,449,10,4.73898715193e-06,True,0.0617621457813,True,-0.07376799205319999,-0.104860292698,-0.043098146917,True
8991,449,11,8.33216696245e-09,True,0.061148951740499995,True,-0.0668413794952,-0.09710143773289999,-0.0359524859924,True
8992,449,12,0.110270877256,True,0.060117285644800005,True,-0.0667170344268,-0.0968876952328,-0.036770409588,True
8993,449,13,0.000291594219388,True,0.060027981630800004,True,-0.061544355703699996,-0.09241085062200001,-0.032382868991299996,True
8994,449,14,0.0011340152231199998,True,0.0571904509535,True,-0.06524050030669999,-0.09268388668639999,-0.0354934357329,True
8995,449,15,7.3508168272e-15,True,0.056618785906999994,True,-0.0746439300399,-0.102656450948,-0.0460376650407,True
8996,449,16,1.04085584676e-16,True,0.0557263605638,True,-0.0814256448215,-0.109557022879,-0.05383066231480001,True
8997,449,17,2.78608084394e-36,True,0.0577858853514,True,-0.0835145141556,-0.114214744084,-0.056428858733,True
8998,449,18,6.39227789207e-42,True,0.056373249943000005,True,-0.0833344198398,-0.11075192169000002,-0.0543786717469,True
8999,449,19,1.4943139052200002e-46,True,0.0558407783744,True,-0.08825503643380002,-0.115617880778,-0.059777102403699996,True
9000,450,0,24.5465205304,False,0.14030481857899998,False,-0.0295980138229,-0.0950365376382,0.0452682809407,False
9001,450,1,7.6810043337,False,0.10455915344200001,False,-0.05084334439759999,-0.105462704718,-0.000903551276671,True
9002,450,2,3.2178725841,False,0.0834864881575,False,-0.0531906490465,-0.0966193881468,-0.0131328999893,True
9003,450,3,13.3619732079,False,0.0797306621214,True,-0.036677242658300004,-0.0780699073584,0.00166075476291,False
9004,450,4,4.14831896681,False,0.0735670787721,True,-0.0451289256114,-0.0818339749741,-0.00826689620202,True
9005,450,5,2.32625315708,False,0.0689778349548,True,-0.049923736251300005,-0.08432320430330001,-0.0153453693485,True
9006,450,6,0.0362892221521,True,0.068209810646,True,-0.0653274512476,-0.100357631882,-0.0321478212363,True
9007,450,7,0.044635569125300006,True,0.0627245057894,True,-0.0703745294146,-0.102206890731,-0.0394823849411,True
9008,450,8,2.04902308464e-06,True,0.06325478965180001,True,-0.0639734331251,-0.0964683893499,-0.0332135996982,True
9009,450,9,0.24289468412700002,True,0.061188206270900006,True,-0.0503629112146,-0.0815238394956,-0.0203356332247,True
9010,450,10,0.0510709207218,True,0.0616174660238,True,-0.0565793467238,-0.0879059694863,-0.026288503462499998,True
9011,450,11,0.00726690146942,True,0.0586852214008,True,-0.0617196370176,-0.09221063221069999,-0.0335254108099,True
9012,450,12,3.544418424e-07,True,0.057738522787100004,True,-0.0654278133926,-0.094081343319,-0.0363428205319,True
9013,450,13,0.0721533087324,True,0.058950396653,True,-0.054767394592300005,-0.08406868366110001,-0.025118287008000003,True
9014,450,14,0.0117194461668,True,0.057835689480699996,True,-0.0603994530499,-0.0885832451003,-0.0307475556196,True
9015,450,15,0.00014488901042700002,True,0.05807750803740001,True,-0.0649053976333,-0.0943083696988,-0.0362308616614,True
9016,450,16,0.000258870152765,True,0.0584753083206,True,-0.0643733139223,-0.0948080060325,-0.0363326977119,True
9017,450,17,1.33723720515e-07,True,0.0547327339219,True,-0.0625490834854,-0.09002436604419999,-0.0352916321223,True
9018,450,18,0.0040915068708599995,True,0.0570491887801,True,-0.0640983663348,-0.0939308496153,-0.036881660835300006,True
9019,450,19,5.9325000501100003e-08,True,0.0572488795735,True,-0.06429033357469999,-0.0927094791571,-0.0354605995836,True
9020,451,0,2.9417659985799998,False,0.147916307441,False,-0.0851873665776,-0.16042423964400002,-0.012507932203200001,True
9021,451,1,0.503982282053,False,0.100760800131,False,-0.0811868725771,-0.132060854191,-0.031300054059099996,True
9022,451,2,1.01076064841,False,0.08483510319569999,False,-0.0628762643182,-0.106023364016,-0.021188260820400002,True
9023,451,3,0.297392225655,True,0.0771544703544,True,-0.0646713285708,-0.101949676601,-0.0247952062465,True
9024,451,4,0.496864580059,False,0.07433559707489999,True,-0.0612943128621,-0.0999169199765,-0.0255813229016,True
9025,451,5,0.731751045834,False,0.0706671684397,True,-0.0546615009578,-0.0903412344563,-0.0196740660165,True
9026,451,6,0.00031920851323,True,0.0652616719579,True,-0.0684033170842,-0.10002771154100001,-0.034766039583,True
9027,451,7,4.40804504899e-09,True,0.06662853968980001,True,-0.07412117745039999,-0.11031141297599999,-0.0436828732861,True
9028,451,8,0.0008945982494260001,True,0.061834417111999995,True,-0.0694990550351,-0.098876923275,-0.037042506163,True
9029,451,9,0.000631821814484,True,0.058761198855900004,True,-0.065635620667,-0.0937833315293,-0.035022132673499996,True
9030,451,10,0.061364237935199996,True,0.05963180712669999,True,-0.0595015776322,-0.0882667167499,-0.0286349096232,True
9031,451,11,1.40684740834e-05,True,0.0591214031257,True,-0.060983022458,-0.0911583463491,-0.0320369432234,True
9032,451,12,0.013506067783999999,True,0.0584507365714,True,-0.05649195640380001,-0.0866170201553,-0.0281662835839,True
9033,451,13,0.34750188600599996,False,0.0591487510112,True,-0.0530349905389,-0.08275695201689999,-0.0236082010056,True
9034,451,14,0.40242734882299996,False,0.0577420713304,True,-0.0525098279309,-0.082569010655,-0.024826939324500003,True
9035,451,15,0.149945184485,True,0.0583153280759,True,-0.05257066206669999,-0.08100188062689999,-0.022686552551099998,True
9036,451,16,0.0008388893239960001,True,0.056401934084,True,-0.05614397337,-0.0852524349468,-0.0288505008629,True
9037,451,17,0.185232923933,True,0.057506764470000006,True,-0.0587819772292,-0.08679721722349999,-0.029290452753499997,True
9038,451,18,5.3850634294e-09,True,0.0561105782329,True,-0.0624128949258,-0.0914395890542,-0.0353290108214,True
9039,451,19,0.00188686199999,True,0.055981224402400005,True,-0.0599290057316,-0.0877442175719,-0.0317629931695,True
9040,452,0,14.8767694427,False,0.142662387019,False,-0.0476918404205,-0.115710046332,0.0269523406863,False
9041,452,1,41.3666056606,False,0.10628900017100001,False,-0.0105531354947,-0.0610058432913,0.0452831568793,False
9042,452,2,48.722148685200004,False,0.090600657226,False,0.0102256829724,-0.0343888787071,0.0562117785189,False
9043,452,3,45.0341576095,False,0.0816395115535,False,-0.012944828707600001,-0.055134510500099994,0.026505001053400003,False
9044,452,4,2.48500103215,False,0.07400798017860001,True,-0.0472147755941,-0.08299740536889999,-0.00898942519032,True
9045,452,5,5.07038130357,False,0.0720863746348,True,-0.0418642434548,-0.0771171088119,-0.0050307341771199995,True
9046,452,6,5.2769649977199995,False,0.066223117549,True,-0.038932995527599996,-0.0735355836136,-0.007312466064609999,True
9047,452,7,15.0182259394,False,0.0661342417787,True,-0.030619345104999997,-0.06250689633090001,0.0036273454477800003,False
9048,452,8,7.9624602342,False,0.06265379045319999,True,-0.0359390531652,-0.0683740646449,-0.00572027419167,True
9049,452,9,5.1171643181699995,False,0.061673833815599995,True,-0.036947458944099995,-0.0662872019421,-0.00461336812645,True
9050,452,10,3.19403032408,False,0.0615796415572,True,-0.041185564757800004,-0.0724595397698,-0.0108798982126,True
9051,452,11,4.92654356353,False,0.0591256728302,True,-0.0367978460057,-0.06661808474019999,-0.0074924119099699996,True
9052,452,12,12.1106887197,False,0.0599506964058,True,-0.0302781735287,-0.0607060350352,-0.0007553386293649999,True
9053,452,13,7.0768971466899995,False,0.0587720249127,True,-0.0343538734588,-0.06294799264380001,-0.00417596773112,True
9054,452,14,2.3278370278900002,False,0.0583469434875,True,-0.0399090006688,-0.0709765669581,-0.012629623470600001,True
9055,452,15,9.00960869375,False,0.0554257054304,True,-0.0310203234161,-0.058848882105099996,-0.0034231766747399995,True
9056,452,16,2.40873216712,False,0.05412486022999999,True,-0.0388126958287,-0.0665647111836,-0.012439850953600002,True
9057,452,17,2.05935437276,False,0.056327338242300004,True,-0.0394180023654,-0.06644155224859999,-0.0101142140062,True
9058,452,18,0.531370784122,False,0.0585053808239,True,-0.0475966597884,-0.0767425084403,-0.018237127616400003,True
9059,452,19,0.527807143005,False,0.05785264360759999,True,-0.0475799764606,-0.0743701114388,-0.0165174678313,True
9060,453,0,20.1344975955,False,0.138122344276,False,-0.0393604615864,-0.108577111218,0.0295452330584,False
9061,453,1,4.69557430754,False,0.101161256842,False,-0.056349778342300004,-0.109227433684,-0.00806617684196,True
9062,453,2,0.38650472990999996,False,0.0896132951362,False,-0.0708831215504,-0.116225202287,-0.0266119071508,True
9063,453,3,0.400281628619,False,0.0804938031683,False,-0.06577675600459999,-0.10907067198300001,-0.028576868815,True
9064,453,4,0.550216655852,False,0.0731341740708,True,-0.0592153718759,-0.09524062460339999,-0.0221064505326,True
9065,453,5,0.103396756985,True,0.07079502157920001,True,-0.061401013289599994,-0.09835777390139999,-0.027562752322200002,True
9066,453,6,0.00281476356413,True,0.06427890775299999,True,-0.06845222192030001,-0.09991399705949999,-0.0356350893065,True
9067,453,7,0.000145598637199,True,0.06503213063180001,True,-0.067527497635,-0.0988125897875,-0.0337804591557,True
9068,453,8,0.0028448650602600004,True,0.061650279754,True,-0.0627986987399,-0.0940114145128,-0.032361134758700005,True
9069,453,9,0.143696117047,True,0.0595945942645,True,-0.056220625051699995,-0.08503608795430001,-0.0254414936897,True
9070,453,10,0.0927200735788,True,0.0591414119109,True,-0.0537242884289,-0.0848803456282,-0.0257389337173,True
9071,453,11,0.579972506699,False,0.0574621589206,True,-0.047939297384400004,-0.0770141130067,-0.0195519540861,True
9072,453,12,1.8871178656099998,False,0.0609225500505,True,-0.0437543300568,-0.0733600951983,-0.0124375451478,True
9073,453,13,1.1511442732100001,False,0.0596272123618,True,-0.0445311163669,-0.0728436799567,-0.013216467594899998,True
9074,453,14,3.2744332995099996,False,0.058830726647199995,True,-0.039791436669,-0.0698583415548,-0.0110276149076,True
9075,453,15,0.68884620683,False,0.0566662119597,True,-0.045540918310799997,-0.0727532434588,-0.0160870314992,True
9076,453,16,0.279552251603,True,0.05727862600269999,True,-0.0479313292186,-0.0755135324739,-0.018234906471099998,True
9077,453,17,0.0019203118855299999,True,0.0569305450405,True,-0.058232902507300004,-0.0875247031226,-0.0305941580821,True
9078,453,18,0.07973476647250001,True,0.058520255001499995,True,-0.0607129955128,-0.0902781673539,-0.031757912352400004,True
9079,453,19,0.00120342163765,True,0.057248902152899996,True,-0.0589299518338,-0.0876862462201,-0.030437344067199997,True
9080,454,0,22.8226367283,False,0.143126243185,False,-0.033285050797200004,-0.107239559109,0.0358866840759,False
9081,454,1,24.7455890311,False,0.101076355624,False,-0.0299271006197,-0.0809101510128,0.0201662046116,False
9082,454,2,20.3649261043,False,0.088943775133,False,-0.0326747199137,-0.07520401027460001,0.0137397648584,False
9083,454,3,58.724235532200005,False,0.0765525755447,True,-0.006698552250589999,-0.045988057604900004,0.0305645179398,False
9084,454,4,43.7840852182,False,0.0753942231241,True,-0.0180948526067,-0.0575992203755,0.0177950027486,False
9085,454,5,59.5232191196,False,0.0692452238141,True,-0.0102016574219,-0.04643968055509999,0.022805543259,False
9086,454,6,17.6228905301,False,0.0670641101279,True,-0.027907886507700003,-0.0600241990256,0.0070399111023,False
9087,454,7,10.79173252,False,0.0629642118413,True,-0.0330842853167,-0.0637978768784,-0.000833665037094,True
9088,454,8,7.250922536519999,False,0.06363766352149999,True,-0.035576215947800006,-0.067271559626,-0.00363389610446,True
9089,454,9,3.50774367584,False,0.0621901974246,True,-0.0397477365474,-0.07040509175,-0.00821489432545,True
9090,454,10,0.920331046286,False,0.061707168782400006,True,-0.048022709204500004,-0.07952240392110001,-0.0178152351387,True
9091,454,11,0.548032312443,False,0.0608185634284,True,-0.049905718207199995,-0.07994362213480001,-0.0191250587064,True
9092,454,12,0.34483614519100003,False,0.058534141469199996,True,-0.05258643255459999,-0.08192856051530001,-0.023394419046200002,True
9093,454,13,1.1127491418000002,False,0.059610562438599995,True,-0.0443832092851,-0.07456253569310001,-0.0149519732545,True
9094,454,14,1.25004341268,False,0.0567285104717,True,-0.0442948393126,-0.0731231522993,-0.0163946418276,True
9095,454,15,0.14025307099099998,True,0.058770746537699994,True,-0.05263234132130001,-0.0822653181477,-0.023494571609999997,True
9096,454,16,0.0579991723106,True,0.0572644838733,True,-0.0522313344506,-0.0793417337328,-0.0220772498596,True
9097,454,17,0.07204238035619999,True,0.05580224560930001,True,-0.0555297289956,-0.0830469985195,-0.0272447529102,True
9098,454,18,1.64025942821e-11,True,0.0566413987455,True,-0.0642675182603,-0.09457557651389999,-0.0379341777684,True
9099,454,19,3.949877636830001e-06,True,0.0544091003852,True,-0.062040068847,-0.0873640224251,-0.032954922039900005,True
9100,455,0,6.210629570009999,False,0.14352074704700002,False,-0.0685999685303,-0.13821880254899999,0.00530194449867,False
9101,455,1,7.592201283119999,False,0.10415930263800001,False,-0.0505225982915,-0.10563838074200001,-0.00147907810462,True
9102,455,2,14.7590019741,False,0.08645755728639999,False,-0.0360319568107,-0.0793632731018,0.00709428418463,False
9103,455,3,29.943616697,False,0.0792384503552,True,-0.0261619958158,-0.0644582483369,0.0147802020183,False
9104,455,4,23.1385630826,False,0.0713878076442,True,-0.0282386559586,-0.0661258169601,0.005261990684100001,False
9105,455,5,14.3852220595,False,0.0714539886241,True,-0.0332622156664,-0.0707045040482,0.000749484575893,False
9106,455,6,6.688473333790001,False,0.0657319134336,True,-0.036985429067599995,-0.0712287787791,-0.005496865345569999,True
9107,455,7,1.3585273115600003,False,0.0651979669751,True,-0.047230740217500004,-0.0802889585831,-0.015090991607999999,True
9108,455,8,0.35570842190499996,False,0.0605062496981,True,-0.05116377368009999,-0.0801281364796,-0.0196218867815,True
9109,455,9,0.160256971234,True,0.0594680210178,True,-0.056966094475,-0.08717657130110001,-0.0277085502833,True
9110,455,10,0.169527832218,True,0.0620253509846,True,-0.0543773925016,-0.08617193459339999,-0.0241465836088,True
9111,455,11,0.410108291665,False,0.0602174382766,True,-0.050235752710800004,-0.0818311242306,-0.021613685954,True
9112,455,12,0.40471794681699996,False,0.0584139905841,True,-0.050149918921699996,-0.0792150652479,-0.0208010746637,True
9113,455,13,0.22640772195300002,True,0.058962811045300004,True,-0.0535719122172,-0.0830621182317,-0.0240993071864,True
9114,455,14,8.31397380095e-05,True,0.059107365548300005,True,-0.0606163312831,-0.088871988224,-0.0297646226757,True
9115,455,15,6.43790419769e-05,True,0.0564172696392,True,-0.0590393674913,-0.0861015800516,-0.0296843104124,True
9116,455,16,0.0042689120517,True,0.055592149372300004,True,-0.05697422671630001,-0.0843410688711,-0.028748919498900002,True
9117,455,17,0.00018185375873700004,True,0.058601718481,True,-0.060187552707400005,-0.0908092517722,-0.0322075332912,True
9118,455,18,0.00119055863915,True,0.05765999119469999,True,-0.0570514839198,-0.0860853800746,-0.028425388879900003,True
9119,455,19,9.82499923499e-12,True,0.056800301233800005,True,-0.0644708557627,-0.0918521000628,-0.035051798829,True
9120,456,0,29.7362880666,False,0.137678994253,False,-0.020074437774700003,-0.09120506299249999,0.046473931260900006,False
9121,456,1,4.72165124772,False,0.105425146445,False,-0.0577240056893,-0.111228537053,-0.005803390607609999,True
9122,456,2,16.0864080875,False,0.0902348997048,False,-0.0348319893927,-0.07809645201210001,0.0121384476927,False
9123,456,3,14.3421507954,False,0.0772433148632,True,-0.0362624065936,-0.0728700994187,0.00437321544449,False
9124,456,4,7.25086344759,False,0.0751454968213,True,-0.041187858007400005,-0.07975139312099999,-0.00460589629974,True
9125,456,5,0.38071903568800003,False,0.07018941867430001,True,-0.060520614590300004,-0.0951815781385,-0.024992159464199998,True
9126,456,6,4.1588030879099994e-06,True,0.0676517853904,True,-0.0722877122239,-0.10337667031199999,-0.0357248849214,True
9127,456,7,0.0953417959023,True,0.0662910253818,True,-0.059545562925399996,-0.0934731423203,-0.0271821169385,True
9128,456,8,0.763846466488,False,0.0630785587575,True,-0.055547985124699994,-0.0864126379993,-0.0233340792419,True
9129,456,9,0.12750309048800001,True,0.06485003346059999,True,-0.057271684067099995,-0.08941079868820001,-0.0245607652276,True
9130,456,10,0.0707311701805,True,0.0631915036384,True,-0.0625332075646,-0.09583311480239999,-0.032641611164,True
9131,456,11,0.0280408372268,True,0.0582750193128,True,-0.0666535710434,-0.0954035068672,-0.0371284875544,True
9132,456,12,1.2866611892000001e-12,True,0.060559250242800004,True,-0.07568879670169999,-0.105426590291,-0.0448673400481,True
9133,456,13,3.59720558971e-19,True,0.059792119542699994,True,-0.0727477975903,-0.104176148709,-0.04438402916590001,True
9134,456,14,1.21455882459e-16,True,0.057218444853,True,-0.0709856992823,-0.0998664222591,-0.042647977406199994,True
9135,456,15,2.5508312556600003e-09,True,0.0564415089023,True,-0.06650239385619999,-0.0956016872934,-0.0391601783911,True
9136,456,16,0.000267288086953,True,0.0577200373649,True,-0.061942795372199995,-0.0890390712559,-0.031319033891,True
9137,456,17,0.0893933779875,True,0.056371633662199994,True,-0.058161493735800006,-0.08677190232359999,-0.030400268661400002,True
9138,456,18,6.29225150045e-12,True,0.05648744740680001,True,-0.0666823410575,-0.09509944880230001,-0.0386120013955,True
9139,456,19,9.47359221497e-10,True,0.0555837844016,True,-0.0672380788544,-0.09607208678,-0.0404883023785,True
9140,457,0,26.7528315442,False,0.136366845833,False,0.0285119361831,-0.0390090491337,0.09735779669889999,False
9141,457,1,46.338559303500006,False,0.105372969681,False,-0.00258889928963,-0.0561537482828,0.0492192213978,False
9142,457,2,18.3356606591,False,0.08746933626350001,False,-0.0338029578156,-0.0788316881157,0.00863764814786,False
9143,457,3,16.5958952119,False,0.0788806750401,True,-0.0332745691397,-0.07192437105050001,0.00695630398958,False
9144,457,4,1.0278805510200002,False,0.0732977842805,True,-0.056837825976099994,-0.0957850858498,-0.0224873015693,True
9145,457,5,0.611667976533,False,0.0697034423774,True,-0.0554075356219,-0.08915551849580002,-0.0194520761184,True
9146,457,6,0.231548021848,True,0.0662150231854,True,-0.0581577668714,-0.0930694914324,-0.026854468247000003,True
9147,457,7,0.0103127625794,True,0.06511484424240001,True,-0.0684275232755,-0.099422360056,-0.0343075158136,True
9148,457,8,0.000151264775223,True,0.0639667786729,True,-0.0735155450658,-0.105539324949,-0.041572546275999996,True
9149,457,9,1.25648272922e-26,True,0.060614359011699995,True,-0.0809736446572,-0.11160323498,-0.0509888759687,True
9150,457,10,1.6183809544999998e-14,True,0.0608502548501,True,-0.0741510921962,-0.104125566874,-0.04327531202359999,True
9151,457,11,6.70993054748e-22,True,0.059618726682,True,-0.07574046609280001,-0.10505482362,-0.0454360969382,True
9152,457,12,1.05304202719e-17,True,0.0610963575409,True,-0.0807642865053,-0.111496569006,-0.0504002114652,True
9153,457,13,5.27773979626e-23,True,0.056885738869,True,-0.0776891650047,-0.107559165774,-0.0506734269053,True
9154,457,14,4.7825048096300007e-20,True,0.058378317892899996,True,-0.0778672733467,-0.107743122306,-0.04936480441269999,True
9155,457,15,9.5647998532e-15,True,0.0582095440517,True,-0.0759778439181,-0.104941121213,-0.04673157716080001,True
9156,457,16,5.46078687547e-23,True,0.0550229794706,True,-0.07823245505689999,-0.10612634849500001,-0.051103369024800005,True
9157,457,17,2.75508317241e-16,True,0.0553641889567,True,-0.0740505291425,-0.102320333677,-0.04695614472,True
9158,457,18,1.0241718267299999e-40,True,0.0561871557758,True,-0.08495092093,-0.11206510515000001,-0.0558779493737,True
9159,457,19,2.19856633051e-25,True,0.05573900644180001,True,-0.079981854488,-0.10753749983300001,-0.0517984933914,True
9160,458,0,30.9080287102,False,0.142093965692,False,-0.0156269134533,-0.08261235537169999,0.0594816103205,False
9161,458,1,40.7279520372,False,0.10344190467700001,False,-0.0128733348235,-0.062922407218,0.040519497459,False
9162,458,2,37.2749999878,False,0.08579658818050001,False,-0.0203561364152,-0.0627078714271,0.0230887167534,False
9163,458,3,43.6392208796,False,0.0807505708094,False,-0.0149196865629,-0.055596858262099993,0.025153712547400002,False
9164,458,4,40.8125719747,False,0.0736970659442,True,-0.017245248802400002,-0.055605422305699995,0.018091643638400004,False
9165,458,5,16.8222312943,False,0.0687605627835,True,-0.0309483271611,-0.06434270063080001,0.0044178621527299995,False
9166,458,6,6.49439957764,False,0.06699258698890001,True,-0.0382713375591,-0.0714084545355,-0.00441586754663,True
9167,458,7,3.43261319062,False,0.0643759221645,True,-0.040358616862699995,-0.072934573541,-0.00855865137651,True
9168,458,8,3.10513066612,False,0.0633191273988,True,-0.042484804340500004,-0.07190220313510001,-0.00858307573626,True
9169,458,9,6.21416832832,False,0.0605084279826,True,-0.035761399896900005,-0.0671987736377,-0.006690345655069999,True
9170,458,10,13.4294005743,False,0.0604483493545,True,-0.0310197624205,-0.060583688178,-0.000135338823568,True
9171,458,11,6.08538205982,False,0.0615293072941,True,-0.0367375137315,-0.0691201827178,-0.00759087542368,True
9172,458,12,3.2887319453099995,False,0.057967171117699993,True,-0.037200534829,-0.06682306801469999,-0.00885589689702,True
9173,458,13,3.5313599352199994,False,0.0591589498071,True,-0.0382487036132,-0.0679050251478,-0.00874607534068,True
9174,458,14,1.33095826832,False,0.057385560066400006,True,-0.0424849333115,-0.0696373210094,-0.012251760943,True
9175,458,15,0.827487247291,False,0.0554204029099,True,-0.043433206672400006,-0.07096674506289999,-0.015546342153000001,True
9176,458,16,0.602162099276,False,0.0559419522419,True,-0.0446964024933,-0.07160949463239999,-0.0156675423905,True
9177,458,17,0.8755511489480001,False,0.0567571346421,True,-0.047263161599,-0.07561311658210002,-0.0188559819401,True
9178,458,18,0.0204215788632,True,0.0585581710867,True,-0.0530271073332,-0.0831028194274,-0.024544648340699998,True
9179,458,19,0.0646483297695,True,0.056258081259399996,True,-0.053581906145900006,-0.08066344048560001,-0.024405359226099998,True
9180,459,0,8.52608477397,False,0.144898845246,False,-0.06284131911730001,-0.129775208646,0.0151236365995,False
9181,459,1,27.1080459399,False,0.104585928335,False,-0.0280574935947,-0.0802977261877,0.024288202147499997,False
9182,459,2,27.084860155100003,False,0.0891053031724,False,-0.025827046472900003,-0.0703076261969,0.0187976769755,False
9183,459,3,30.8654211113,False,0.080175486769,False,-0.0234446221521,-0.0629131567452,0.0172623300237,False
9184,459,4,22.9855697095,False,0.07434211816439999,True,-0.0286491837264,-0.06570517980219999,0.00863693836221,False
9185,459,5,10.6370338341,False,0.070464284736,True,-0.0348465321964,-0.0714012992292,-0.00093701449324,True
9186,459,6,36.4572400734,False,0.0667159977623,True,-0.0204942630045,-0.052469601665900006,0.014246396096399999,False
9187,459,7,5.66934671606,False,0.063719840027,True,-0.0374266016843,-0.06752314656330001,-0.0038033065363200004,True
9188,459,8,0.5995203384610001,False,0.0614321288313,True,-0.047594071282,-0.079015543147,-0.0175834143157,True
9189,459,9,0.0645063974578,True,0.0608444685167,True,-0.058120386093699995,-0.0878942472479,-0.0270497787312,True
9190,459,10,0.50332759278,False,0.062463800146199996,True,-0.0545361851033,-0.08684007488399999,-0.0243762747378,True
9191,459,11,0.216885555209,True,0.059027286591,True,-0.0573280551608,-0.0859366132542,-0.0269093266632,True
9192,459,12,7.53351500169e-11,True,0.05805461316269999,True,-0.0633459908375,-0.09317618720450001,-0.035121574041800004,True
9193,459,13,0.00091770732355,True,0.056639974621900006,True,-0.06429015503280001,-0.0932026284937,-0.0365626538717,True
9194,459,14,3.16212289747e-11,True,0.0589092302159,True,-0.068337754944,-0.09790710159760001,-0.038997871381699994,True
9195,459,15,5.67166364825e-06,True,0.055076133297100004,True,-0.0629910964271,-0.09170549631449999,-0.0366293630174,True
9196,459,16,0.110607441758,True,0.05479602428330001,True,-0.057143283613,-0.0840286880082,-0.0292326637249,True
9197,459,17,0.027569964941699998,True,0.0574662912184,True,-0.055384643240599996,-0.0820011609537,-0.024534869735300002,True
9198,459,18,0.41991886070699996,False,0.05757884993419999,True,-0.0507353712185,-0.07947035016639999,-0.0218915002322,True
9199,459,19,0.00980965848717,True,0.0560505116852,True,-0.0577864745828,-0.0856489386372,-0.0295984269521,True
9200,460,0,0.172372484299,True,0.14275842960899998,False,-0.116670064613,-0.184240231466,-0.0414818018575,True
9201,460,1,0.000551716370017,True,0.10621978329399999,False,-0.101549783924,-0.151899853042,-0.045680069748400005,True
9202,460,2,0.0112807194672,True,0.08494093183939999,False,-0.08540624439130001,-0.129434651839,-0.0444937199998,True
9203,460,3,0.143119860689,True,0.07917118513060001,True,-0.0698206601716,-0.111089342829,-0.0319181576986,True
9204,460,4,0.0630692021593,True,0.0709431694498,True,-0.0769376637433,-0.110544319618,-0.0396011501683,True
9205,460,5,2.77995277874e-05,True,0.0682370740891,True,-0.07738620505680001,-0.11233612659299999,-0.0440990525043,True
9206,460,6,2.1767658724000003e-19,True,0.0671443633185,True,-0.09026746400039999,-0.122390656886,-0.0552462935675,True
9207,460,7,7.16742041442e-20,True,0.061627013756800006,True,-0.0848541101045,-0.115094595936,-0.053467582178999995,True
9208,460,8,3.4099352105299997e-28,True,0.0610633348721,True,-0.0840609947793,-0.11502378823699999,-0.0539604533648,True
9209,460,9,2.34936410865e-12,True,0.0622304522352,True,-0.08102531934860001,-0.113849470262,-0.0516190180267,True
9210,460,10,2.8825499858199995e-41,True,0.0590393863253,True,-0.08948371502389998,-0.118206021252,-0.0591666349267,True
9211,460,11,9.45424226847e-15,True,0.0612109714884,True,-0.0825642356725,-0.111493741699,-0.0502827702105,True
9212,460,12,1.5597431585499997e-30,True,0.060030480570599995,True,-0.0910147863907,-0.12162553746200001,-0.0615950568919,True
9213,460,13,3.447562525109999e-46,True,0.0599777095263,True,-0.0894813410275,-0.120419551802,-0.0604418422755,True
9214,460,14,1.3639848030799998e-44,True,0.056843280575599994,True,-0.09156841129660001,-0.119475658818,-0.0626323782422,True
9215,460,15,1.2561809344699998e-25,True,0.0591428636295,True,-0.08456276228880001,-0.11119433718,-0.0520514735501,True
9216,460,16,2.92369016602e-39,True,0.0561959057983,True,-0.09014028629969999,-0.119300759849,-0.06310485405069999,True
9217,460,17,7.50616494606e-44,True,0.0572555679966,True,-0.0897935233596,-0.11844671404000001,-0.0611911460434,True
9218,460,18,1.2992920441399998e-46,True,0.056067367293499995,True,-0.0918101843818,-0.119941200751,-0.0638738334578,True
9219,460,19,1.8085917796199996e-35,True,0.0574940511042,True,-0.0940393083298,-0.12223906694299999,-0.0647450158392,True
9220,461,0,16.948652735699998,False,0.142522754094,False,0.044308503086,-0.0273282843182,0.11519446977600001,False
9221,461,1,49.665874108699995,False,0.09799799725310002,False,0.0033094759106100003,-0.0451106403419,0.052887356911199994,False
9222,461,2,53.1934638045,False,0.0892234118912,False,-0.00681621582144,-0.0540374934734,0.035185918417699996,False
9223,461,3,55.5537337305,False,0.07835455391419999,True,-0.008992117087370001,-0.048121970990699994,0.030232582923499996,False
9224,461,4,66.2822844576,False,0.07315696552249999,True,-0.004936474599979999,-0.0408980314718,0.032258934050699996,False
9225,461,5,58.775172628,False,0.0700004282745,True,-0.0103541328757,-0.0450658963942,0.0249345318803,False
9226,461,6,36.5975636605,False,0.06714863603190001,True,-0.020734423380599998,-0.05383832360140001,0.0133103124305,False
9227,461,7,38.4287834898,False,0.0651942642173,True,-0.0191193948477,-0.0526422615823,0.012552002634999998,False
9228,461,8,27.4726755112,False,0.06294947763559999,True,-0.023010864434599997,-0.0530420993536,0.009907378281969999,False
9229,461,9,17.9597763328,False,0.06234747263180001,True,-0.0289859244063,-0.059795978324699996,0.0025514943071599998,False
9230,461,10,5.74855172811,False,0.0633518358017,True,-0.03804102883819999,-0.07237470701780001,-0.00902287121612,True
9231,461,11,3.7604100309699993,False,0.06163117624699999,True,-0.0395620008051,-0.0715551978669,-0.00992402161985,True
9232,461,12,0.8717680205399999,False,0.061160249926000006,True,-0.0472729725309,-0.0761912075106,-0.0150309575846,True
9233,461,13,0.277732728741,True,0.0603479439054,True,-0.052982038158,-0.08387075619460001,-0.0235228122892,True
9234,461,14,0.0494918572135,True,0.06042498513669999,True,-0.056807155105,-0.08728671451789999,-0.0268617293812,True
9235,461,15,0.11800013912900001,True,0.0587743212619,True,-0.0572282190439,-0.08779216006139999,-0.029017838799499998,True
9236,461,16,9.42223730183e-06,True,0.0569692162309,True,-0.06530763044030001,-0.0938416802019,-0.036872463971000004,True
9237,461,17,0.111236822042,True,0.057279042543,True,-0.0637529609791,-0.0928302512275,-0.0355512086845,True
9238,461,18,0.030625308912299996,True,0.0557755940441,True,-0.06374454051,-0.0908026242143,-0.035027030170199994,True
9239,461,19,0.09367819751380001,True,0.0572490650263,True,-0.0631593505154,-0.09257206169900001,-0.035322996672699995,True
9240,462,0,17.926486781199998,False,0.142608679224,False,-0.041275856468699995,-0.11068073097000002,0.0319279482532,False
9241,462,1,6.94331535007,False,0.10732243618699999,False,-0.055096854716300006,-0.108671894466,-0.0013494582793299999,True
9242,462,2,0.8229289870800001,False,0.08788560765660001,False,-0.0676320946426,-0.11261089519000002,-0.0247252875337,True
9243,462,3,1.49551852377,False,0.08022464869,False,-0.057363949576399995,-0.09558434180749999,-0.015359693117500002,True
9244,462,4,2.60085191696,False,0.0729080364147,True,-0.0503571065771,-0.0889720578289,-0.0160640214143,True
9245,462,5,0.42055269813900004,False,0.06802738610230001,True,-0.0553414554287,-0.09089873022949999,-0.0228713441272,True
9246,462,6,3.5082091894e-05,True,0.0655482307896,True,-0.06410107028,-0.09692496315410001,-0.0313767323646,True
9247,462,7,0.0733234803028,True,0.0634160703245,True,-0.07162071514530001,-0.103443589495,-0.04002751917069999,True
9248,462,8,0.19495360364999997,True,0.06292045777869999,True,-0.058324458900899996,-0.09065824645300001,-0.0277377886743,True
9249,462,9,0.498079952776,False,0.059688104225399996,True,-0.0511797472105,-0.0803915717204,-0.0207034674951,True
9250,462,10,0.636734901479,False,0.061391835469000004,True,-0.049192120564400005,-0.08070534278630001,-0.0193135073173,True
9251,462,11,0.286765685373,True,0.0590950857246,True,-0.0515701021562,-0.08084169980650001,-0.021746614081999998,True
9252,462,12,0.0024643085948,True,0.0587600734204,True,-0.0594022917036,-0.08832856936619998,-0.029568495945799998,True
9253,462,13,4.1307343700599996e-08,True,0.0570465841366,True,-0.062862228371,-0.0911014729655,-0.0340548888289,True
9254,462,14,5.5124530747800004e-06,True,0.057191171305999995,True,-0.0621721001026,-0.09104994377720001,-0.0338587724712,True
9255,462,15,1.90197098958e-10,True,0.055919323479699995,True,-0.06836291158480001,-0.0974314872903,-0.0415121638106,True
9256,462,16,4.66361465541e-12,True,0.056291995742499996,True,-0.0672837253519,-0.0955997194492,-0.03930772370669999,True
9257,462,17,3.7074660980100003e-20,True,0.0567980945324,True,-0.0782110975727,-0.10763420069499999,-0.050836106162900005,True
9258,462,18,2.6065707378299998e-20,True,0.056745236865600006,True,-0.0737934698838,-0.101383052268,-0.044637815402,True
9259,462,19,8.94838540401e-10,True,0.0554140967379,True,-0.0701989243228,-0.0982476254983,-0.0428335287604,True
9260,463,0,11.8164924116,False,0.136168551652,False,-0.0529926315271,-0.120782632164,0.015385919488299999,False
9261,463,1,1.02958678521,False,0.105242411417,False,-0.07913657306539999,-0.130290440471,-0.025048029054099998,True
9262,463,2,0.374332635423,False,0.0893693161555,False,-0.0752568392059,-0.11882614007999999,-0.0294568239245,True
9263,463,3,0.057139185391800004,True,0.081559429996,False,-0.07599149369699999,-0.11609992345799999,-0.034540493462099996,True
9264,463,4,0.00462118362568,True,0.0721933383667,True,-0.07136918609010001,-0.106621860507,-0.0344285221399,True
9265,463,5,1.48135213183e-05,True,0.0707465690905,True,-0.07191680791680001,-0.107567022012,-0.0368204529219,True
9266,463,6,0.07418068647869999,True,0.0682665444026,True,-0.0661525704303,-0.0989402376608,-0.0306736932583,True
9267,463,7,0.0572289725995,True,0.0641237586536,True,-0.058075214949900006,-0.0885452867873,-0.0244215281337,True
9268,463,8,0.022223971202,True,0.06367184444969999,True,-0.0649549550758,-0.0978308748161,-0.0341590303664,True
9269,463,9,0.0026040596856100003,True,0.060439772392499994,True,-0.0596556614299,-0.0901457205029,-0.0297059481104,True
9270,463,10,0.0194691586873,True,0.060001434122699995,True,-0.057522997757000004,-0.0863592028383,-0.0263577687156,True
9271,463,11,0.0791141206435,True,0.06048233734090001,True,-0.0577718711386,-0.08813250058589998,-0.027650163245,True
9272,463,12,0.263078971629,True,0.059098279077699996,True,-0.062300553459099996,-0.0922102659114,-0.0331119868337,True
9273,463,13,0.169810083002,True,0.0577333274624,True,-0.0531771454369,-0.0817047949203,-0.023971467457900002,True
9274,463,14,0.00667016289006,True,0.0579007491243,True,-0.05989582065330001,-0.0903776318911,-0.032476882766800004,True
9275,463,15,1.43806573108e-05,True,0.0560909928252,True,-0.0642162096111,-0.0919050683683,-0.0358140755431,True
9276,463,16,0.0169373927699,True,0.057066395079899995,True,-0.058381815890699996,-0.08604904573069999,-0.0289826506508,True
9277,463,17,3.6747536973099997e-06,True,0.056359559036400005,True,-0.0624946211773,-0.0891639949632,-0.0328044359268,True
9278,463,18,1.42440987326e-07,True,0.057472736628900005,True,-0.0643804308144,-0.09312605752049999,-0.0356533208916,True
9279,463,19,1.69405635895e-08,True,0.055635065327300004,True,-0.0642214629689,-0.0918520126264,-0.0362169472991,True
9280,464,0,19.1645329191,False,0.13851510419000002,False,0.035826406116400006,-0.035528038844,0.10298706534600001,False
9281,464,1,32.1330262202,False,0.10275029495200001,False,-0.023012394416099997,-0.076073354937,0.0266769400153,False
9282,464,2,34.3071335658,False,0.0881046526208,False,-0.022778424843,-0.06875362088999999,0.019351031730799998,False
9283,464,3,30.837837556500002,False,0.08215877654360002,False,-0.0235681968315,-0.0637042592985,0.0184545172451,False
9284,464,4,11.639723748900002,False,0.0725128792697,True,-0.0361151762336,-0.0733296510195,-0.000816771749762,True
9285,464,5,21.6281645224,False,0.0719076550262,True,-0.0270389575036,-0.062175015084300005,0.00973263994194,False
9286,464,6,50.5615132097,False,0.06765363247190001,True,-0.0137794903637,-0.047380739532000005,0.020272892939900002,False
9287,464,7,32.6498835608,False,0.0652572956061,True,-0.023146201567599996,-0.0556797203292,0.00957757527691,False
9288,464,8,36.788764532600005,False,0.0654252024792,True,-0.0210570385461,-0.05533700328,0.010088199199200001,False
9289,464,9,24.4456351229,False,0.061918379439400005,True,-0.024408112667900002,-0.0558382246291,0.006080154810350001,False
9290,464,10,9.26587310012,False,0.0609062256702,True,-0.032314052182900004,-0.0641881240507,-0.0032818983805199997,True
9291,464,11,11.5521776399,False,0.05847535115540001,True,-0.0304517845732,-0.0597457012346,-0.00127035007914,True
9292,464,12,11.951469267,False,0.0589146237345,True,-0.0301569282026,-0.0615330701558,-0.00261844642131,True
9293,464,13,3.12980629718,False,0.0573172973315,True,-0.0383856712915,-0.06624505559430001,-0.00892775826282,True
9294,464,14,2.53574651612,False,0.057550976161199995,True,-0.040015371158599995,-0.0689016889804,-0.0113507128192,True
9295,464,15,0.499080439019,False,0.05898832601480001,True,-0.0474029179571,-0.07642032841230001,-0.0174320023975,True
9296,464,16,0.348662118138,False,0.055722949969,True,-0.047638917632999996,-0.0755864643002,-0.0198635143312,True
9297,464,17,0.9965916248729999,False,0.057497155111300005,True,-0.04506162616019999,-0.0740854650536,-0.016588309942299997,True
9298,464,18,0.0436865863839,True,0.055112067735699995,True,-0.0534258012098,-0.0824584445301,-0.0273463767943,True
9299,464,19,0.0580861490013,True,0.055924055774300006,True,-0.0509681269924,-0.078916333452,-0.022992277677700002,True
9300,465,0,20.9801949746,False,0.14266389328600002,False,-0.036496823865400006,-0.10685793518799999,0.0358059580983,False
9301,465,1,10.5400448929,False,0.100602419125,False,-0.044957477086300004,-0.0943157340012,0.00628668512362,False
9302,465,2,19.0157308325,False,0.0874330977722,False,-0.0337256208001,-0.0786876703231,0.008745427449129999,False
9303,465,3,28.6168655137,False,0.0774197991958,True,-0.0254969570099,-0.0639296204071,0.013490178788700001,False
9304,465,4,30.771454256,False,0.07610964333789999,True,-0.022865436261200002,-0.0620057002625,0.0141039430754,False
9305,465,5,13.1570501572,False,0.0680887913464,True,-0.0323760201979,-0.0665250845628,0.0015637067835899997,False
9306,465,6,15.742135296199999,False,0.0664176498179,True,-0.029007785781799997,-0.06386719219340001,0.00255045762455,False
9307,465,7,22.6567768125,False,0.0660596650905,True,-0.0266570714142,-0.0592224154097,0.0068372496808599996,False
9308,465,8,12.458742176,False,0.062207589890400004,True,-0.0304604038917,-0.06324947181530001,-0.00104188192488,True
9309,465,9,25.9192787775,False,0.063982208641,True,-0.023416921589799997,-0.055362178031099996,0.008620030609969999,False
9310,465,10,31.9311647709,False,0.0603043277346,True,-0.020696457119799998,-0.0494623557357,0.0108419719989,False
9311,465,11,23.1194896727,False,0.0608793923429,True,-0.0249229812511,-0.0553399119173,0.0055394804255299995,False
9312,465,12,15.1797550289,False,0.0575960082202,True,-0.028154955430400003,-0.057433653918599996,0.00016235430159600002,False
9313,465,13,8.54653763114,False,0.058182968590599994,True,-0.0334638033176,-0.0622457352434,-0.00406276665287,True
9314,465,14,2.98853254843,False,0.0586958096461,True,-0.0379880355125,-0.0665926195601,-0.00789680991406,True
9315,465,15,0.806321139032,False,0.0576493950257,True,-0.047526126368899996,-0.07667518503830001,-0.019025790012599998,True
9316,465,16,0.413300993444,False,0.056734415527599995,True,-0.0458746032297,-0.074738627391,-0.0180042118635,True
9317,465,17,0.11865022639900001,True,0.054353239052800005,True,-0.0522240517425,-0.07759111346589999,-0.023237874413099997,True
9318,465,18,0.00245826704511,True,0.05628828357469999,True,-0.0552056225083,-0.0832281693116,-0.0269398857369,True
9319,465,19,0.0307510700653,True,0.0546700818429,True,-0.0590939436754,-0.08472486528249999,-0.030054783439599997,True
9320,466,0,22.2003372619,False,0.142968835741,False,-0.03565225022330001,-0.10560714207,0.0373616936706,False
9321,466,1,0.5387147785549999,False,0.103124335406,False,-0.0763690610906,-0.127316055845,-0.024191720438799996,True
9322,466,2,0.00182018041401,True,0.08794836892300001,False,-0.0814695642258,-0.125865747571,-0.0379173786484,True
9323,466,3,0.21340206804499998,True,0.07812145862099999,True,-0.06435618288530001,-0.105471660484,-0.0273502018625,True
9324,466,4,0.162839699602,True,0.0759939110795,True,-0.0671040009861,-0.10529449255699999,-0.029300581477299997,True
9325,466,5,0.444073944354,False,0.0721451955619,True,-0.0613849069452,-0.0966976189658,-0.0245524234038,True
9326,466,6,0.383098285556,False,0.0653399838814,True,-0.055488732721100005,-0.08948213682710002,-0.024142152945699998,True
9327,466,7,0.017484276137599997,True,0.0662232273606,True,-0.059321771224100005,-0.09219807246919999,-0.0259748451087,True
9328,466,8,1.34827267913e-09,True,0.06209513763169999,True,-0.0755556594459,-0.10772811410000001,-0.045632976468400005,True
9329,466,9,3.60338095607e-12,True,0.0601352113734,True,-0.0734295093509,-0.10556428227800001,-0.045429070904599994,True
9330,466,10,0.00255875514092,True,0.0583157822441,True,-0.0670596181594,-0.09478907557010001,-0.036473293325900005,True
9331,466,11,0.0773032667538,True,0.0575999774096,True,-0.060769873247800005,-0.09086354874,-0.033263571330400005,True
9332,466,12,0.00101914615052,True,0.06007130178040001,True,-0.0607472400208,-0.09024203501710001,-0.0301707332367,True
9333,466,13,0.09896735868989999,True,0.0599474538463,True,-0.062087891715,-0.0919486072358,-0.032001153389599996,True
9334,466,14,4.6215937613900004e-10,True,0.0562276668836,True,-0.0648329204555,-0.09144873225089999,-0.035221065367300006,True
9335,466,15,0.008166326127770001,True,0.0568264100089,True,-0.0612241843511,-0.08803141210789998,-0.031205002099,True
9336,466,16,2.43536366543e-06,True,0.057005699944599995,True,-0.0667782110879,-0.09546908708360001,-0.038463387139,True
9337,466,17,4.73074482894e-11,True,0.0573416274295,True,-0.07150979333360001,-0.10091575824200001,-0.0435741308129,True
9338,466,18,5.94126402427e-17,True,0.056337196699199996,True,-0.07248204332739999,-0.100923286424,-0.0445860897248,True
9339,466,19,4.686760143209999e-12,True,0.05756417362169999,True,-0.0683915987199,-0.09784517650180001,-0.040281002880099996,True
9340,467,0,5.8801306001,False,0.14457514623,False,-0.06791550106930001,-0.138862688569,0.0057124576610300005,False
9341,467,1,12.356594115,False,0.100398534393,False,-0.0423951826643,-0.09321032477389998,0.00718820961935,False
9342,467,2,0.9433843365160001,False,0.0853707030894,False,-0.06480119306900001,-0.107495364703,-0.022124661614,True
9343,467,3,0.456418457178,False,0.0788185777731,True,-0.0644237670092,-0.106215746809,-0.0273971690356,True
9344,467,4,1.09828991059,False,0.07281451363510001,True,-0.05430228239400001,-0.0893902983542,-0.0165757847191,True
9345,467,5,0.09310149467420001,True,0.0707593960311,True,-0.06553908344050001,-0.10353523468,-0.032775838648599995,True
9346,467,6,0.0679110548512,True,0.0651313083592,True,-0.0601319772251,-0.0922024095774,-0.0270711012181,True
9347,467,7,0.000115246419201,True,0.0639749334243,True,-0.0691395039301,-0.0999625648989,-0.0359876314746,True
9348,467,8,0.0867202596666,True,0.0642403079464,True,-0.0618926690661,-0.09488618521639999,-0.03064587727,True
9349,467,9,0.0025823052159400003,True,0.06217644439669999,True,-0.0586862442399,-0.08935999556350001,-0.027183551166699998,True
9350,467,10,0.00115364747463,True,0.06224459338859999,True,-0.0622099202956,-0.09110479428739998,-0.0288602008988,True
9351,467,11,0.000666637156367,True,0.059321320701699994,True,-0.060610762302299996,-0.09020035168099999,-0.030879030979299997,True
9352,467,12,7.124987791149999e-07,True,0.0584075035909,True,-0.06265677355980001,-0.0935635821427,-0.0351560785518,True
9353,467,13,3.2445037773400006e-17,True,0.057935108443200004,True,-0.0711974385195,-0.100958103663,-0.0430229952197,True
9354,467,14,0.0679961524422,True,0.055972594520199995,True,-0.0671107983187,-0.0944653591451,-0.038492764624900005,True
9355,467,15,7.462299925319999e-16,True,0.058621102042500005,True,-0.0738743260373,-0.101903842885,-0.0432827408426,True
9356,467,16,9.632851748489998e-22,True,0.057392801561199996,True,-0.08289858087100001,-0.11087560515,-0.0534828035892,True
9357,467,17,4.2667696719300004e-42,True,0.0551622829091,True,-0.08759527958360001,-0.11370036243699999,-0.058538079528400004,True
9358,467,18,3.2943298800599996e-30,True,0.0545381093419,True,-0.08548548652030001,-0.113955350996,-0.05941724165369999,True
9359,467,19,5.16318902596e-35,True,0.0550154454727,True,-0.08425502427880001,-0.111401250406,-0.056385804933,True
9360,468,0,31.4657905039,False,0.142700995969,False,-0.0100410086329,-0.0818224192713,0.0608785766978,False
9361,468,1,45.842397686999995,False,0.100637401168,False,0.007431837744819999,-0.041820357639300004,0.0588170435289,False
9362,468,2,50.26223443560001,False,0.0890976073523,False,-0.00912141693623,-0.052899483895500005,0.0361981234569,False
9363,468,3,55.4902833396,False,0.0790175835953,True,-0.009463336754110001,-0.0506255753826,0.028392008212700003,False
9364,468,4,56.1269452086,False,0.0755182226554,True,-0.009665874142459998,-0.04769318499530001,0.0278250376601,False
9365,468,5,49.0870378557,False,0.0679081461545,True,-0.0151098126654,-0.0503061017141,0.017602044440400002,False
9366,468,6,62.2014347679,False,0.0682586241116,True,-0.00839547162192,-0.0422664210867,0.0259922030249,False
9367,468,7,67.0597113141,False,0.0651714848305,True,-0.00785216311751,-0.0393678713512,0.025803613479200002,False
9368,468,8,30.357462317,False,0.0639076479395,True,-0.0219783238778,-0.0550769128666,0.0088307350729,False
9369,468,9,16.9950930425,False,0.0608099303825,True,-0.028596327835499997,-0.0570488746077,0.0037610557747800003,False
9370,468,10,7.7712152957,False,0.061468130057800004,True,-0.0338937645602,-0.0647688134994,-0.00330068344161,True
9371,468,11,8.02179976632,False,0.0610435252327,True,-0.034261276562900005,-0.0629963378115,-0.0019528125787899998,True
9372,468,12,5.82805757853,False,0.058810668841399995,True,-0.034262787074700006,-0.06347281664990001,-0.00466214780841,True
9373,468,13,3.98910238714,False,0.057940728633199996,True,-0.0366359235478,-0.0655841594368,-0.007643430803609999,True
9374,468,14,11.938982275299999,False,0.0588798898833,True,-0.0309438843726,-0.0600903511778,-0.00121046129444,True
9375,468,15,9.36365723402,False,0.06013723482530001,True,-0.033853362281400005,-0.061534759596100004,-0.0013975247708199999,True
9376,468,16,7.43139218543,False,0.058990893213900004,True,-0.0323536047841,-0.0626650842576,-0.0036741910436999996,True
9377,468,17,15.596497510599999,False,0.058087577034400005,True,-0.027538991069200002,-0.0570641289568,0.00102344807758,False
9378,468,18,5.92382014038,False,0.05566074936630001,True,-0.0337078642292,-0.0614794509547,-0.00581870158833,True
9379,468,19,4.098713257869999,False,0.0547111215872,True,-0.0350826171203,-0.0624029830465,-0.0076918614592499995,True
9380,469,0,35.2147363752,False,0.142086972975,False,0.000603081821778,-0.0724539317012,0.0696330412742,False
9381,469,1,8.58460678122,False,0.102411276131,False,-0.0496359199139,-0.10207045112299999,0.00034082500869300005,False
9382,469,2,8.99635282519,False,0.0872857299515,False,-0.044441913292699996,-0.09013216093219999,-0.0028464309807300003,True
9383,469,3,20.4144168084,False,0.080501970023,False,-0.031012915095500002,-0.0702250362437,0.0102769337793,False
9384,469,4,15.0760181426,False,0.0721350296452,True,-0.033057735049900006,-0.0691893719165,0.0029456577287,False
9385,469,5,22.3878215738,False,0.0693411509771,True,-0.0274545061221,-0.061702322044199995,0.0076388289328100005,False
9386,469,6,21.754759158699997,False,0.0670743293113,True,-0.0267819732509,-0.0614288999913,0.00564542931997,False
9387,469,7,30.2302111033,False,0.0653497714991,True,-0.0237770253698,-0.058157456353699996,0.00719231514542,False
9388,469,8,8.51480332287,False,0.0619804527456,True,-0.034472185597300004,-0.0649595405534,-0.0029790878078,True
9389,469,9,3.3103000040599997,False,0.059854883471499996,True,-0.0391208283783,-0.068684153325,-0.00882926985353,True
9390,469,10,0.66214656538,False,0.058781967131400006,True,-0.04593740498169999,-0.0734303013436,-0.014648334212200001,True
9391,469,11,0.38280132511500004,False,0.060814305530199994,True,-0.051966384603900004,-0.083671975745,-0.0228576702148,True
9392,469,12,0.470992095317,False,0.05898836752230001,True,-0.0494372495907,-0.0773923153915,-0.0184039478692,True
9393,469,13,0.128186494175,True,0.0585527421049,True,-0.0535983056991,-0.08091444328660001,-0.0223617011817,True
9394,469,14,0.103780668547,True,0.056025806474599996,True,-0.058101217276099994,-0.085378456643,-0.029352650168400003,True
9395,469,15,0.0033666028597099996,True,0.057811957142400006,True,-0.0651411806552,-0.09297469952069999,-0.035162742378300006,True
9396,469,16,2.0532873377200003e-10,True,0.0559543804103,True,-0.07107288616600001,-0.0984552147984,-0.042500834388100005,True
9397,469,17,1.0812666750799999e-11,True,0.057729923336500004,True,-0.0721760616551,-0.10076712239499999,-0.0430371990583,True
9398,469,18,3.20719805878e-21,True,0.0569995472377,True,-0.0746847242385,-0.104627033805,-0.047627486567,True
9399,469,19,1.2304467701600001e-14,True,0.056221993774699996,True,-0.07792896304449999,-0.10529917479499999,-0.0490771810207,True
9400,470,0,18.5359442313,False,0.144435935251,False,-0.0431849749158,-0.12070538405400001,0.0237305511974,False
9401,470,1,12.2627896541,False,0.104387212073,False,-0.043220545460700005,-0.0944796003407,0.00990761173198,False
9402,470,2,53.0927434941,False,0.09015855260410001,False,-0.00726003908622,-0.0537789985204,0.0363795540838,False
9403,470,3,27.950921546999997,False,0.08056191087610001,False,-0.0260302450036,-0.06548680781630001,0.0150751030598,False
9404,470,4,22.292287076300003,False,0.0740569257911,True,-0.0287037570212,-0.0648713766074,0.00918554918379,False
9405,470,5,24.1302272358,False,0.068635143513,True,-0.027762689760500003,-0.06413223678640001,0.00450290672659,False
9406,470,6,15.677335355,False,0.0671583449649,True,-0.0308337104102,-0.06566878190849999,0.00148956305647,False
9407,470,7,2.9612168230299996,False,0.0632496625701,True,-0.0413458785629,-0.0731083588399,-0.00985869626977,True
9408,470,8,5.556338430399999,False,0.0649942102182,True,-0.0401944422401,-0.07328892736050001,-0.008294717142290001,True
9409,470,9,6.39572403407,False,0.0617162799113,True,-0.0363441825898,-0.06857878932580001,-0.00686250941457,True
9410,470,10,5.29702554781,False,0.0594706040629,True,-0.0363734759249,-0.06535004569040001,-0.00587944162747,True
9411,470,11,2.7874093212199997,False,0.058912585505599996,True,-0.0401764793445,-0.06902423467299999,-0.0101116491674,True
9412,470,12,0.728084734216,False,0.058801709195300006,True,-0.044984106794800006,-0.07473832418779999,-0.0159366149925,True
9413,470,13,0.7322065927429999,False,0.0585169493218,True,-0.0461011978375,-0.0738283995078,-0.015311450186000001,True
9414,470,14,0.22838595799400002,True,0.057524609529,True,-0.052231947266300004,-0.08153100921630001,-0.024006399687200003,True
9415,470,15,0.5595125315680001,False,0.056633399409,True,-0.0494714761429,-0.0791859514272,-0.0225525520181,True
9416,470,16,0.139222186856,True,0.0560440819395,True,-0.05397673585530001,-0.08245820845599999,-0.0264141265165,True
9417,470,17,4.66988410616e-06,True,0.0568270649427,True,-0.0609960361091,-0.08877608032130001,-0.0319490153785,True
9418,470,18,4.64026978385e-15,True,0.054603718400699996,True,-0.06706780350359999,-0.0947620696483,-0.0401583512476,True
9419,470,19,1.82316284603e-13,True,0.055613991201599995,True,-0.0683655431288,-0.09796734185639999,-0.042353350654800004,True
9420,471,0,30.871555825599998,False,0.143983717751,False,-0.012115290886200001,-0.08106955070069999,0.06291416705040001,False
9421,471,1,39.261885860700005,False,0.10384659360500001,False,-0.0159099682017,-0.069646414076,0.034200179529300004,False
9422,471,2,28.883688235799998,False,0.0864104113392,False,-0.0275848319421,-0.0731708297326,0.0132395816066,False
9423,471,3,45.8635360593,False,0.0791091060262,True,-0.014328292664299998,-0.052649379068200004,0.026459726957999998,False
9424,471,4,38.4395895369,False,0.07303969747439999,True,-0.019645358961200003,-0.055174352455,0.0178653450193,False
9425,471,5,24.2499292484,False,0.06977872293660001,True,-0.0261891477667,-0.0609210879265,0.0088576350101,False
9426,471,6,5.30709968435,False,0.06629289668209999,True,-0.0404008291085,-0.072329418798,-0.00603652211583,True
9427,471,7,0.15728735157999998,True,0.0662542376064,True,-0.0564851274688,-0.08808331059419999,-0.0218290729878,True
9428,471,8,0.459902462764,False,0.0639430266228,True,-0.056349921770699994,-0.0879760143159,-0.0240329876932,True
9429,471,9,0.009134735342040002,True,0.060602659916199994,True,-0.061732406166199995,-0.09221364686799999,-0.031610986951900004,True
9430,471,10,0.00995905738315,True,0.0583091215745,True,-0.0585794865321,-0.08882443946669999,-0.0305153178922,True
9431,471,11,0.0990592597428,True,0.0591078478966,True,-0.0570784403813,-0.0850923990747,-0.025984551178099998,True
9432,471,12,0.560985431541,False,0.060962931334800005,True,-0.0516846905586,-0.08207621116069999,-0.0211132798259,True
9433,471,13,0.615325089292,False,0.0583142150084,True,-0.0497390123812,-0.0801466404908,-0.021832425482400004,True
9434,471,14,0.07123071822,True,0.0574849501552,True,-0.0567203457416,-0.08486364506010001,-0.0273786949049,True
9435,471,15,0.0388158768654,True,0.0601163662428,True,-0.0587253475634,-0.0900366373055,-0.0299202710627,True
9436,471,16,0.028775782859099996,True,0.056449925718,True,-0.057891798905499996,-0.0858051954692,-0.0293552697512,True
9437,471,17,0.201164469185,True,0.0585767022832,True,-0.056053827274799996,-0.08635309300960001,-0.027776390726400004,True
9438,471,18,5.35565353165e-05,True,0.056647520157900005,True,-0.06519947457519999,-0.0916400484657,-0.0349925283078,True
9439,471,19,0.0926460850714,True,0.0560719634805,True,-0.0632638493605,-0.09210108447569999,-0.0360291209952,True
9440,472,0,18.181653045,False,0.136345726383,False,-0.042866318723499997,-0.11036296023600001,0.0259827661472,False
9441,472,1,36.1534899407,False,0.10276117724099999,False,-0.0204014641887,-0.0739284488838,0.0288327283574,False
9442,472,2,15.5225401747,False,0.0857114509633,False,-0.035602913914699996,-0.0813054074043,0.004406043559010001,False
9443,472,3,5.7718948779299994,False,0.0799111210689,True,-0.045869917056400006,-0.08558885130069999,-0.00567773023179,True
9444,472,4,0.833120689389,False,0.0726776990763,True,-0.054190020371099996,-0.08981524487939999,-0.0171375458032,True
9445,472,5,3.4078878049699997,False,0.0716405430176,True,-0.0453174066147,-0.0811774381618,-0.00953689514416,True
9446,472,6,0.716147515466,False,0.06688770588,True,-0.051872371146099994,-0.0854764639415,-0.0185887580615,True
9447,472,7,0.4994902875399999,False,0.06505848750070001,True,-0.0549834255549,-0.0882042821786,-0.0231457946779,True
9448,472,8,3.7624955785400003e-06,True,0.0639178179816,True,-0.0647231874163,-0.0979333254776,-0.034015507496000005,True
9449,472,9,0.015147557949299999,True,0.0619603245895,True,-0.0645872136211,-0.09637009645510002,-0.0344097718656,True
9450,472,10,0.217048462612,True,0.060920035140300005,True,-0.0582594881311,-0.0879764563792,-0.027056421238899998,True
9451,472,11,0.1393613654,True,0.0595515472251,True,-0.0582359502699,-0.08667711409590001,-0.0271255668707,True
9452,472,12,1.96560859694e-09,True,0.0559690786259,True,-0.0665171513707,-0.0934196986411,-0.0374506200152,True
9453,472,13,4.71254183218e-06,True,0.0576819671829,True,-0.0654099028412,-0.0947105419417,-0.03702857475890001,True
9454,472,14,4.9031439802500005e-09,True,0.058306482040599995,True,-0.0682061481222,-0.09719857931430001,-0.038892097273699994,True
9455,472,15,1.57314180805e-16,True,0.0567891266096,True,-0.0709654769377,-0.101136166298,-0.0443470396884,True
9456,472,16,4.52844196e-09,True,0.056028037237400005,True,-0.07199938230719999,-0.100148735036,-0.0441206977982,True
9457,472,17,3.534069462780001e-08,True,0.0561750373823,True,-0.0661887118682,-0.0933659518855,-0.0371909145032,True
9458,472,18,9.53083260751e-19,True,0.05424940467849999,True,-0.06873592389870001,-0.0963483031753,-0.0420988984968,True
9459,472,19,5.85804044535e-09,True,0.05533833009380001,True,-0.0689519202083,-0.0981191381199,-0.042780808026099994,True
9460,473,0,35.1350856522,False,0.138036359901,False,0.000598095893552,-0.0702607209822,0.067775638919,False
9461,473,1,36.1913119659,False,0.10514535685599999,False,-0.019926372117,-0.07149348134860001,0.0336518755073,False
9462,473,2,29.0566169365,False,0.08799916725569999,False,-0.027461969269999997,-0.07016222927610001,0.017836937979700002,False
9463,473,3,16.0505746764,False,0.08074515899839999,False,-0.0338580780784,-0.0750427618232,0.005702397175189999,False
9464,473,4,8.126695341689999,False,0.072787470648,True,-0.0396464513154,-0.07656317769439999,-0.0037757070464000003,True
9465,473,5,2.3507522749,False,0.0700995344946,True,-0.047486827205099995,-0.08215883088050001,-0.012059296385899998,True
9466,473,6,0.0717610976337,True,0.0674756204183,True,-0.06651031875,-0.09944385058180001,-0.0319682301635,True
9467,473,7,0.283680247087,True,0.066434424117,True,-0.054488271868199996,-0.08851886540989999,-0.0220844412929,True
9468,473,8,1.26031153306,False,0.0619442705839,True,-0.047411543646599996,-0.0778372530991,-0.0158929825152,True
9469,473,9,1.91980474338,False,0.0615283286211,True,-0.0437727481215,-0.0761720906343,-0.0146437620132,True
9470,473,10,1.1385043606,False,0.0628717144529,True,-0.0467286245548,-0.07700632876670001,-0.0141346143138,True
9471,473,11,3.2995555093099997,False,0.06156828292219999,True,-0.03990989038830001,-0.0696595684133,-0.00809128549113,True
9472,473,12,3.7870772995699995,False,0.0590492296572,True,-0.038494182456199996,-0.0694615553881,-0.010412325731,True
9473,473,13,1.11127168824,False,0.057460807938800006,True,-0.0405813412766,-0.0685774648293,-0.0111166568906,True
9474,473,14,4.1422462824199995,False,0.0573116240333,True,-0.038032466554099996,-0.0679174972243,-0.010605873190999999,True
9475,473,15,1.0650658745200001,False,0.05814727372830001,True,-0.0445580129115,-0.0719379629698,-0.013790689241599999,True
9476,473,16,0.0565510459029,True,0.0537759745254,True,-0.0507879993435,-0.07789163999160001,-0.0241156654662,True
9477,473,17,0.684555510724,False,0.05629828256680001,True,-0.0471352210389,-0.07581442024780001,-0.0195161376811,True
9478,473,18,0.630469312001,False,0.05740630351459999,True,-0.0438361505187,-0.0725865981921,-0.015180294677500001,True
9479,473,19,3.0994225885900004,False,0.0567294094979,True,-0.0376624236327,-0.0661217798127,-0.00939237031471,True
9480,474,0,31.7756218287,False,0.142655660146,False,-0.0109553072976,-0.0836153415184,0.0590403186278,False
9481,474,1,28.7236922785,False,0.101577032881,False,-0.024623986801400002,-0.0743973103153,0.0271797225657,False
9482,474,2,43.5089665427,False,0.0851740463311,False,-0.016046508687200003,-0.0606235269828,0.024550519348299996,False
9483,474,3,30.545705398600003,False,0.0799335664923,True,-0.0248223643605,-0.0661962819868,0.0137372845055,False
9484,474,4,22.640327715300003,False,0.0726705537562,True,-0.026849829165,-0.06395009658369999,0.00872045717246,False
9485,474,5,3.5993202350300004,False,0.0701335813497,True,-0.042911948823,-0.0789922339175,-0.00885865256783,True
9486,474,6,2.83059026695,False,0.06759111285489999,True,-0.0458229109794,-0.0800404684193,-0.012449355564500001,True
9487,474,7,3.54102038541,False,0.0639188647089,True,-0.04068650539680001,-0.0722358351238,-0.00831697041488,True
9488,474,8,6.407262183049999,False,0.0628785224496,True,-0.0381634749496,-0.0700709807069,-0.00719245825723,True
9489,474,9,2.8223871155199998,False,0.062365593168400006,True,-0.042943528321099995,-0.0740381017193,-0.011672508550899999,True
9490,474,10,0.8178618054260001,False,0.059158836998300005,True,-0.045490465037199994,-0.07499147445450001,-0.0158326374562,True
9491,474,11,0.7035814646940001,False,0.0584781553216,True,-0.04841544397340001,-0.0758698953178,-0.0173917399962,True
9492,474,12,0.17510237938099998,True,0.0588780610008,True,-0.051388772968800005,-0.0780049468987,-0.0191268858979,True
9493,474,13,0.33890326478200006,False,0.0589379282824,True,-0.052717376285499995,-0.0814459909037,-0.022508062621299996,True
9494,474,14,0.052066172899299996,True,0.0572795894219,True,-0.0516056855843,-0.0800441371545,-0.0227645477325,True
9495,474,15,0.00942700193261,True,0.058662576351699997,True,-0.054843161936300004,-0.08465439047939999,-0.025991814127700002,True
9496,474,16,0.0264275024116,True,0.057854313081599995,True,-0.056462340347499994,-0.0843201197456,-0.026465806663900002,True
9497,474,17,0.106136552028,True,0.0576152556529,True,-0.0597784683677,-0.08877775091189999,-0.031162495258999997,True
9498,474,18,2.38710987622e-07,True,0.0557904994091,True,-0.0626190245124,-0.0921289584588,-0.0363384590498,True
9499,474,19,6.00866840049e-05,True,0.055099190696099996,True,-0.062018702508699994,-0.08898645839880001,-0.0338872677027,True
9500,475,0,0.886247967614,False,0.143125741064,False,-0.0986368652813,-0.172142738515,-0.029016997450399998,True
9501,475,1,0.649330666126,False,0.105961866926,False,-0.0811033588482,-0.134982463769,-0.0290205968432,True
9502,475,2,0.293709166687,True,0.0911706783128,False,-0.0797344513209,-0.12286406907099999,-0.0316933907579,True
9503,475,3,0.12273965619999999,True,0.0772448899661,True,-0.0649983194646,-0.102567804234,-0.025322914267700003,True
9504,475,4,0.214271148646,True,0.07417410697139999,True,-0.0630607816081,-0.0995272213325,-0.025353114361099997,True
9505,475,5,0.0907359761661,True,0.06783655930459999,True,-0.0586257778422,-0.0909522214241,-0.0231156621195,True
9506,475,6,0.27927276749499996,True,0.0652356040347,True,-0.0565174588202,-0.090421111417,-0.025185507382299997,True
9507,475,7,2.0171497385299997,False,0.0660339264839,True,-0.0465729203178,-0.08052923047010001,-0.014495303986200001,True
9508,475,8,4.20994657726,False,0.06495325714790001,True,-0.041477779080800005,-0.0744333944658,-0.00948013731791,True
9509,475,9,2.32114749322,False,0.0625846775344,True,-0.043635560815199995,-0.0746752866953,-0.0120906091609,True
9510,475,10,3.8916202073000004,False,0.060847216849499994,True,-0.0377080525953,-0.0669976538739,-0.00615043702441,True
9511,475,11,13.952752766,False,0.0580505112704,True,-0.028432967471,-0.0577998102152,0.000250701055219,False
9512,475,12,16.4025006168,False,0.05913536183280001,True,-0.027469078501300002,-0.0571800292644,0.00195533256846,False
9513,475,13,11.9702747128,False,0.0577574310736,True,-0.0303227281646,-0.0574184535471,0.000338977526467,False
9514,475,14,9.36959090655,False,0.057085606049300006,True,-0.032099701574,-0.0602910963021,-0.0032054902527600005,True
9515,475,15,1.69762061896,False,0.0549464529059,True,-0.0397570264953,-0.0676094804436,-0.012663027537700001,True
9516,475,16,2.0172751902900004,False,0.0572587302295,True,-0.0398014309375,-0.06814051299019999,-0.010881782760600001,True
9517,475,17,0.453582725871,False,0.05594608874,True,-0.04651553650140001,-0.07483426812199999,-0.018888179381900003,True
9518,475,18,0.17263650988499998,True,0.0563107956219,True,-0.0505008635497,-0.0795433838277,-0.0232325882058,True
9519,475,19,0.277888760667,True,0.0557213981279,True,-0.0487498929313,-0.0771796737509,-0.021458275622999998,True
9520,476,0,32.0238792707,False,0.14938112760800001,False,-0.004905086141979999,-0.0773103664573,0.072070761151,False
9521,476,1,16.369587648499998,False,0.10492917973799999,False,-0.038464154684900005,-0.0883554807247,0.0165736990137,False
9522,476,2,4.93019178737,False,0.08959607651820001,False,-0.0515962584478,-0.09425927232680001,-0.0046631958086000005,True
9523,476,3,0.9066753875319999,False,0.0806076538166,False,-0.0600296325077,-0.10103375274,-0.020426098923900002,True
9524,476,4,1.04987931574,False,0.0739281534986,True,-0.0582456126849,-0.09427251849410001,-0.020344364995400002,True
9525,476,5,0.353725567096,False,0.07013716563860001,True,-0.0633852574577,-0.0975397595276,-0.027402593889,True
9526,476,6,0.0181884941555,True,0.0679752676252,True,-0.06792889553619999,-0.102984612622,-0.0350093449971,True
9527,476,7,2.06303878458e-05,True,0.0654229553241,True,-0.0696775081234,-0.102163091766,-0.036740136441699996,True
9528,476,8,0.462348145317,False,0.0626763761752,True,-0.0533224980698,-0.083133461103,-0.0204570849278,True
9529,476,9,0.37649371403000004,False,0.0628166160696,True,-0.05458273744080001,-0.0863801008793,-0.0235634848097,True
9530,476,10,0.157191412296,True,0.0613983633914,True,-0.058240556152900004,-0.08891732248999999,-0.0275189590986,True
9531,476,11,0.7637470630359999,False,0.06161825297159999,True,-0.0471812601427,-0.07590962386280001,-0.014291370891200002,True
9532,476,12,0.7950001644660001,False,0.059587788725699996,True,-0.0508080425414,-0.0795824366565,-0.0199946479309,True
9533,476,13,0.52518877073,False,0.057343031777,True,-0.0483968062763,-0.0759409956575,-0.0185979638804,True
9534,476,14,1.22217811495,False,0.058914206855600004,True,-0.04567253921350001,-0.0750761466283,-0.0161619397727,True
9535,476,15,1.15675349154,False,0.05862935619469999,True,-0.0449744965117,-0.0737358279022,-0.015106471707500001,True
9536,476,16,0.0531571097009,True,0.0576221383101,True,-0.049979588662300005,-0.0788435898119,-0.0212214515018,True
9537,476,17,0.544528980864,False,0.0556267334244,True,-0.0473961719681,-0.0762256648866,-0.0205989314622,True
9538,476,18,0.564556667665,False,0.0564043295029,True,-0.046698409418400005,-0.0737314462894,-0.017327116786599997,True
9539,476,19,0.159069237289,True,0.0562713244376,True,-0.050255235343899994,-0.0805593505937,-0.024288026156099998,True
9540,477,0,31.9197037082,False,0.147229078687,False,0.00848090422813,-0.0727289159716,0.074500162715,False
9541,477,1,32.468755825,False,0.10763128319,False,0.021475379056000003,-0.031182921197799997,0.0764483619923,False
9542,477,2,53.3398290349,False,0.08918497109099999,False,0.00417885300988,-0.0370292180028,0.0521557530882,False
9543,477,3,36.6305811617,False,0.07960420702160001,True,-0.021785395155700004,-0.0627274189765,0.0168767880451,False
9544,477,4,15.934160553499998,False,0.0750972876354,True,-0.0318748567779,-0.0714887395627,0.00360854807269,False
9545,477,5,19.8385655688,False,0.072008372155,True,-0.029594490496600002,-0.06721703565949999,0.00479133649554,False
9546,477,6,11.1967318132,False,0.0698596786458,True,-0.0347637456662,-0.07139331760260001,-0.0015336389567999998,True
9547,477,7,7.7414251336,False,0.06221290409540001,True,-0.034813688142400004,-0.0665500458988,-0.00433714180341,True
9548,477,8,2.01723606197,False,0.0629534444673,True,-0.0432788126946,-0.07405085993089999,-0.0110974154636,True
9549,477,9,5.31971486793,False,0.062392621793599994,True,-0.037896000358000004,-0.068710774671,-0.00631815287744,True
9550,477,10,2.7389037540099994,False,0.0628481089722,True,-0.0425596737826,-0.07420603662019999,-0.011357927648,True
9551,477,11,1.00139144199,False,0.05830821102469999,True,-0.0462359734652,-0.07701058561850001,-0.0187023745938,True
9552,477,12,0.0286677818694,True,0.058301769142000005,True,-0.05479140571550001,-0.08368746235760001,-0.0253856932156,True
9553,477,13,0.17252453034600002,True,0.0591606923443,True,-0.0537184538832,-0.08095982396660001,-0.0217991316223,True
9554,477,14,0.538614586452,False,0.0569024306917,True,-0.046498831106699993,-0.0739399196641,-0.017037488972399997,True
9555,477,15,0.379488455972,False,0.0571540925196,True,-0.0468595879019,-0.0741199893596,-0.01696589684,True
9556,477,16,0.447044701335,False,0.0570969109246,True,-0.0483601992806,-0.0763855073252,-0.0192885964006,True
9557,477,17,0.236446061824,True,0.055251796892300004,True,-0.0575338076528,-0.0830434788172,-0.027791681924900002,True
9558,477,18,0.0744466876854,True,0.0547166480169,True,-0.0613708491433,-0.0888831402496,-0.0341664922328,True
9559,477,19,8.8155640337e-08,True,0.05463237930380001,True,-0.0623885481109,-0.0893792619809,-0.034746882677000004,True
9560,478,0,34.5553579016,False,0.142460161597,False,-0.00167269951156,-0.0713758389667,0.0710843226304,False
9561,478,1,39.8731433007,False,0.10767536699100001,False,-0.0134822530009,-0.0657677601671,0.0419076068236,False
9562,478,2,32.5379117812,False,0.08929940951649999,False,-0.0226908207141,-0.0683327664387,0.0209666430778,False
9563,478,3,47.481748646199996,False,0.0789017988731,True,-0.0143511281816,-0.05457624779490001,0.0243255510782,False
9564,478,4,36.2209916632,False,0.0736954075835,True,-0.021341761055400005,-0.0575879173857,0.0161074901978,False
9565,478,5,15.4254727919,False,0.0710083831692,True,-0.031790616593,-0.0672189220024,0.00378946116681,False
9566,478,6,20.9202750484,False,0.0689252689178,True,-0.0283598568151,-0.0632023792718,0.0057228896460299996,False
9567,478,7,8.77233662943,False,0.0642735348666,True,-0.0348722202746,-0.0664965982472,-0.00222306338063,True
9568,478,8,7.84766041232,False,0.0622649108412,True,-0.03558640347480001,-0.067244117274,-0.00497920643279,True
9569,478,9,4.71911710774,False,0.06294858280759999,True,-0.039153910254,-0.0682743984832,-0.0053258156755699995,True
9570,478,10,3.92741562485,False,0.060265922934,True,-0.0378599887981,-0.06614377416969999,-0.00587785123575,True
9571,478,11,2.9136401746900003,False,0.060552517864199996,True,-0.039866220175,-0.0697123533139,-0.00915983544971,True
9572,478,12,1.02266138004,False,0.0596368676464,True,-0.0450202310553,-0.075178023873,-0.015541156226600001,True
9573,478,13,1.7738111601700002,False,0.0571458022457,True,-0.0410313631036,-0.0686547963797,-0.0115089941341,True
9574,478,14,0.72767551714,False,0.0580978993219,True,-0.0457438518884,-0.0737464993364,-0.0156486000146,True
9575,478,15,0.639393589015,False,0.058297547034900005,True,-0.0477463468896,-0.07644835867580001,-0.018150811640900003,True
9576,478,16,0.998018970495,False,0.054924220747,True,-0.0450326544321,-0.0723819931515,-0.0174577724045,True
9577,478,17,1.55880643687,False,0.05610681195,True,-0.041524378590300004,-0.0691073438405,-0.0130005318905,True
9578,478,18,0.821578911885,False,0.0576958000148,True,-0.0451461165095,-0.0743629074068,-0.016667107392,True
9579,478,19,1.57791960861,False,0.0555333136377,True,-0.041216592181599995,-0.067849271958,-0.0123159583203,True
9580,479,0,33.7842147347,False,0.14326973699200002,False,-0.0017135157324,-0.07570092674750001,0.0675688102446,False
9581,479,1,23.3727991107,False,0.105795453278,False,-0.0319801227002,-0.0820980191584,0.0236974341195,False
9582,479,2,34.8362710834,False,0.0874443979063,False,-0.0222913864857,-0.0669373304501,0.0205070674561,False
9583,479,3,57.340459759,False,0.0815123298573,False,-0.00810363496084,-0.0466623738796,0.0348499559777,False
9584,479,4,39.9550161375,False,0.0780271211027,True,-0.0194305031547,-0.0616548335016,0.016372287601100002,False
9585,479,5,21.1969946371,False,0.0685962378576,True,-0.028729240489,-0.0642924203427,0.00430381751489,False
9586,479,6,23.718105215,False,0.0658800229921,True,-0.025747193717799998,-0.0581021097112,0.00777791328085,False
9587,479,7,44.721009843599994,False,0.064262449143,True,-0.016984035600100002,-0.0503899341198,0.0138725150232,False
9588,479,8,35.704150369699995,False,0.0624225063188,True,-0.020369404673900002,-0.052378165004099995,0.0100443413147,False
9589,479,9,34.577998034000004,False,0.0618878924374,True,-0.020315620027999998,-0.05294289864030001,0.008944993797190002,False
9590,479,10,29.098230758099998,False,0.0593194957619,True,-0.0224016341451,-0.052228611146400004,0.007090884615430001,False
9591,479,11,44.2854986384,False,0.0623286082779,True,-0.0172456771073,-0.0465197994893,0.0158088087887,False
9592,479,12,18.2773639545,False,0.0599820164181,True,-0.0265760878822,-0.055456730233399996,0.0045252861846700005,False
9593,479,13,9.783591624860001,False,0.056824077555099994,True,-0.0303634053568,-0.0591265408445,-0.00230246328948,True
9594,479,14,0.803062757904,False,0.056927069244,True,-0.0440142917031,-0.0730040952073,-0.016077025963299997,True
9595,479,15,0.626764011097,False,0.058551148649399996,True,-0.0485361984399,-0.0785583734133,-0.020007224764,True
9596,479,16,0.463748861492,False,0.057584409868199994,True,-0.049159514451199995,-0.0765492025215,-0.0189647926533,True
9597,479,17,0.8716776292730001,False,0.0559935366342,True,-0.0445788500051,-0.0731707448428,-0.0171772082085,True
9598,479,18,2.6577560185199998,False,0.0577125450521,True,-0.039595337501099996,-0.0685725249839,-0.0108599799319,True
9599,479,19,0.788142599629,False,0.0566969017742,True,-0.04391689326309999,-0.0727010458052,-0.016004144031,True
9600,480,0,30.2973271675,False,0.142839353,False,-0.0158896931177,-0.0870958127761,0.055743540223900004,False
9601,480,1,22.6139050909,False,0.10709016927100001,False,-0.033219471728500004,-0.08216842799339999,0.0249217412778,False
9602,480,2,24.2395685314,False,0.08989241797810002,False,-0.029483767087699998,-0.0734830461605,0.0164093718175,False
9603,480,3,8.3679007715,False,0.0776664580324,True,-0.0411540391626,-0.0819499737626,-0.00428351573015,True
9604,480,4,5.8880281322000005,False,0.0752739503116,True,-0.0428656195371,-0.0816491932077,-0.00637524289605,True
9605,480,5,7.40566721135,False,0.0685375906091,True,-0.0367026624857,-0.0736214185795,-0.00508382797038,True
9606,480,6,15.823285560499999,False,0.0636135883688,True,-0.0302761565611,-0.0635036772091,0.00010991115971899999,False
9607,480,7,5.13970117857,False,0.0664392498145,True,-0.0403422396387,-0.07274828423719999,-0.00630903442269,True
9608,480,8,10.3310788901,False,0.0640589222408,True,-0.034378208067900005,-0.0651184713093,-0.0010595490684299999,True
9609,480,9,16.282505568399998,False,0.0622545438968,True,-0.028674143789900002,-0.0592058919974,0.00304865189933,False
9610,480,10,8.496809305060001,False,0.06305462128480001,True,-0.034070717136599996,-0.0672073513895,-0.004152730104769999,True
9611,480,11,1.50563627843,False,0.0592393316361,True,-0.04288344660130001,-0.072581203501,-0.0133418718649,True
9612,480,12,3.3787887089099997,False,0.059830372078900004,True,-0.0389202249364,-0.067421907413,-0.007591535334109999,True
9613,480,13,2.1483334416599997,False,0.059284702807999995,True,-0.04214820082330001,-0.07090128744530001,-0.0116165846373,True
9614,480,14,1.40852449464,False,0.05749850197369999,True,-0.042232957775999995,-0.07104163078180001,-0.013543128808200001,True
9615,480,15,0.289144344116,True,0.0565181747888,True,-0.045480682550099995,-0.0746385329327,-0.0181203581438,True
9616,480,16,0.115761308267,True,0.0586342550774,True,-0.05376724127,-0.08291211603510001,-0.0242778609577,True
9617,480,17,0.00168625536369,True,0.057665394433000006,True,-0.06024778185190001,-0.08985580287650001,-0.0321904084436,True
9618,480,18,0.040618694546,True,0.055772154953300006,True,-0.0544346825889,-0.08432994000180001,-0.0285577850485,True
9619,480,19,0.07960618416,True,0.055024377006400005,True,-0.057683217943099996,-0.08485860778359999,-0.0298342307772,True
9620,481,0,28.111082996,False,0.142118544145,False,-0.0230842547174,-0.0948259733648,0.0472925707806,False
9621,481,1,39.8695671488,False,0.10758410872199999,False,-0.00982350166437,-0.061770900383,0.0458132083392,False
9622,481,2,46.9478933088,False,0.0869858079029,False,-0.014280972071200002,-0.059163318471999994,0.027822489430900002,False
9623,481,3,44.571152876899994,False,0.0821416352087,False,-0.0164809262403,-0.0571077070094,0.025033928199299997,False
9624,481,4,27.2688685863,False,0.07437071525439999,True,-0.0232184701911,-0.0601795570516,0.0141911582027,False
9625,481,5,30.275711426599997,False,0.0699785503175,True,-0.022813493506700002,-0.059044911991300006,0.010933638326099998,False
9626,481,6,30.814355101900002,False,0.0706452790768,True,-0.022711294288300002,-0.0583822563294,0.0122630227473,False
9627,481,7,33.256784789899996,False,0.06433791444730001,True,-0.021488188661500002,-0.055656136518800005,0.00868177792852,False
9628,481,8,18.857676445,False,0.0625095468939,True,-0.026896971173999997,-0.058774758097599994,0.0037347887962800004,False
9629,481,9,3.22137928648,False,0.0620561222016,True,-0.0403996691332,-0.0712220683496,-0.00916594614794,True
9630,481,10,2.8042665991000004,False,0.0616046600435,True,-0.0420900872875,-0.0731709906251,-0.0115663305816,True
9631,481,11,1.60284306268,False,0.0598703982477,True,-0.042421466031,-0.0730560473845,-0.0131856491368,True
9632,481,12,2.3601375913900005,False,0.0598759703797,True,-0.041940135631699994,-0.07131469460130001,-0.011438724221600001,True
9633,481,13,0.8643607108910001,False,0.059234061453300006,True,-0.045458360837699996,-0.0750618877432,-0.0158278262898,True
9634,481,14,1.0403900261,False,0.0594947693324,True,-0.045440835246900006,-0.0731396548079,-0.0136448854755,True
9635,481,15,1.59381494894,False,0.0586266381926,True,-0.043095454684100004,-0.0708037082332,-0.012177070040599999,True
9636,481,16,1.32113315532,False,0.0561222195945,True,-0.0410056609701,-0.07030080052349999,-0.014178580929,True
9637,481,17,1.7836940812,False,0.056951421284600005,True,-0.0420252418613,-0.06979745321339999,-0.0128460319288,True
9638,481,18,1.7248259904900003,False,0.055956113614099995,True,-0.042610215681800005,-0.0713253793139,-0.0153692656998,True
9639,481,19,3.20400770582,False,0.056301295673900006,True,-0.0378723806918,-0.0670093840623,-0.010708088388399999,True
9640,482,0,19.2822109966,False,0.133708474988,False,-0.0367379621606,-0.102235489871,0.0314729851174,False
9641,482,1,23.5295030487,False,0.102596702452,False,-0.0321952095106,-0.0819993090204,0.0205973934314,False
9642,482,2,35.9049064996,False,0.0891373678148,False,-0.0210994801302,-0.0646772412151,0.024460126599599997,False
9643,482,3,6.2071044968099995,False,0.07987742936360001,True,-0.044464589433,-0.08529694706089999,-0.00541951769732,True
9644,482,4,3.0212236744700003,False,0.075396231664,True,-0.048596567514500005,-0.0893634016755,-0.0139671700116,True
9645,482,5,1.4485274837399997,False,0.0688747633868,True,-0.0493786795555,-0.08254428310669999,-0.0136695197199,True
9646,482,6,0.23433587018399998,True,0.0669166644066,True,-0.057887411016499996,-0.09160443336639998,-0.0246877689598,True
9647,482,7,0.152900534398,True,0.0643006064219,True,-0.060060455484,-0.0892490421325,-0.0249484357106,True
9648,482,8,0.18272664848,True,0.06295029968640001,True,-0.0539671156366,-0.0855583956027,-0.022608095916300003,True
9649,482,9,0.18652649622200002,True,0.0604642155314,True,-0.0583882973314,-0.089112748595,-0.028648533063599997,True
9650,482,10,0.252595502341,True,0.0627818975769,True,-0.05876394521480001,-0.0919551422466,-0.029173244669699998,True
9651,482,11,0.126879585926,True,0.0599950936586,True,-0.0556141002364,-0.08447923070539999,-0.0244841370468,True
9652,482,12,0.0188567296123,True,0.057664610963900007,True,-0.057401460231099995,-0.08559252157649999,-0.0279279106126,True
9653,482,13,0.000256671362311,True,0.0569830608316,True,-0.055686084268300004,-0.0855286287724,-0.028545567940799998,True
9654,482,14,0.032260876851499996,True,0.056665651533399995,True,-0.0535648014425,-0.08145952101460001,-0.024793869481200003,True
9655,482,15,0.0628877800687,True,0.0571664852211,True,-0.054052978681899996,-0.0836493794278,-0.0264828942067,True
9656,482,16,3.98756888145e-05,True,0.056373397302,True,-0.0595283157989,-0.08860168697010001,-0.0322282896681,True
9657,482,17,0.012792157206700001,True,0.0584774288737,True,-0.0555518536763,-0.08575138676110002,-0.027273957887400002,True
9658,482,18,0.08329544771439999,True,0.0541328306927,True,-0.0605480554478,-0.0868451389504,-0.0327123082577,True
9659,482,19,7.32604231715e-11,True,0.056370539359499997,True,-0.06632333021669999,-0.09580116409089999,-0.0394306247314,True
9660,483,0,32.6156718978,False,0.143663224728,False,-0.013729522387099999,-0.0855501947231,0.0581130300045,False
9661,483,1,17.0205159891,False,0.10292197589199999,False,-0.0394493216548,-0.0925487968396,0.010373179052499999,False
9662,483,2,17.6650836001,False,0.0875660819947,False,-0.035683712848,-0.08047482171889998,0.007091260275830001,False
9663,483,3,1.63369137812,False,0.0792797864408,True,-0.054855603740900004,-0.0959549286263,-0.0166751421856,True
9664,483,4,2.0276535837900003,False,0.0744941714472,True,-0.0521304370305,-0.0884797934303,-0.013985621983100001,True
9665,483,5,3.99823565076,False,0.06748249901869999,True,-0.042406763613099994,-0.0743723248936,-0.006889825874899999,True
9666,483,6,3.5936143181699998,False,0.0658064134811,True,-0.042500563603300005,-0.0753110228007,-0.009504609319590001,True
9667,483,7,1.43012958027,False,0.064941601272,True,-0.0469714044522,-0.0792582776254,-0.0143166763534,True
9668,483,8,0.0773023452583,True,0.0640068303863,True,-0.0618895880069,-0.0940468771397,-0.0300400467534,True
9669,483,9,0.429337129753,False,0.0631745923448,True,-0.0566347107501,-0.08930989630010001,-0.026135303955299997,True
9670,483,10,6.86171963098e-06,True,0.060335933427499995,True,-0.06212034745969999,-0.0927726403641,-0.0324367069366,True
9671,483,11,4.90492992951e-10,True,0.058859233110499995,True,-0.06533142349719999,-0.0932688815884,-0.0344096484779,True
9672,483,12,1.42422458215e-08,True,0.0590379049457,True,-0.0661255338054,-0.09550263142610001,-0.0364647264804,True
9673,483,13,2.3466952570299998e-12,True,0.058312794494900004,True,-0.07473905266860001,-0.103726051143,-0.0454132566484,True
9674,483,14,2.5006117898099997e-14,True,0.0586389539795,True,-0.07728066455310001,-0.107812409549,-0.04917345556969999,True
9675,483,15,4.9337334659800004e-20,True,0.0556953284641,True,-0.0729518011453,-0.0995095118223,-0.0438141833582,True
9676,483,16,1.5608740110499998e-24,True,0.0565507896654,True,-0.07155154327989999,-0.09862295213469999,-0.0420721624692,True
9677,483,17,8.340105640060001e-11,True,0.0561393062601,True,-0.075100325725,-0.104138910811,-0.0479996045505,True
9678,483,18,3.53745633039e-17,True,0.0581898121937,True,-0.0767649574648,-0.10612237168199999,-0.0479325594887,True
9679,483,19,1.39827055167e-15,True,0.05536407784519999,True,-0.07755824182860001,-0.10362721101700001,-0.0482631331714,True
9680,484,0,1.43972292208,False,0.14086771675,False,-0.0911986509991,-0.164399503002,-0.023531786252,True
9681,484,1,0.21418983423000001,True,0.10247343347200001,False,-0.0888495135234,-0.138860499918,-0.036387066445800004,True
9682,484,2,0.0167076176557,True,0.0858533078981,False,-0.10511699268300001,-0.146253964921,-0.06040065702269999,True
9683,484,3,0.113323527227,True,0.0810875870133,False,-0.07265943481499999,-0.111739473795,-0.030651886781599996,True
9684,484,4,5.5067984557e-05,True,0.07591244956139999,True,-0.0746010186867,-0.112049265785,-0.036136816224,True
9685,484,5,6.6936112663199995e-06,True,0.0703236907258,True,-0.0763736832905,-0.11122092655400001,-0.0408972358283,True
9686,484,6,4.57734537041e-05,True,0.0657010816874,True,-0.07325491557239999,-0.107179622697,-0.0414785410097,True
9687,484,7,0.273832088582,True,0.0652786137863,True,-0.058693192586000004,-0.0903306755902,-0.025052061803900003,True
9688,484,8,0.14752155090299998,True,0.06342487175980001,True,-0.0623112438129,-0.09296189164039999,-0.0295370198806,True
9689,484,9,8.52219192004e-06,True,0.061994183261199994,True,-0.07093510749210001,-0.101752674947,-0.0397584916857,True
9690,484,10,2.21542973245e-05,True,0.0596588454386,True,-0.07155956504580001,-0.101940431643,-0.04228158620419999,True
9691,484,11,2.60767825741e-26,True,0.059138324092,True,-0.0822885705184,-0.110640376185,-0.0515020520935,True
9692,484,12,9.40011101486e-27,True,0.059896218440300006,True,-0.08239910038960001,-0.110310844465,-0.0504146260243,True
9693,484,13,8.13082404988e-24,True,0.0589083957927,True,-0.080152302504,-0.10892061963199999,-0.0500122238388,True
9694,484,14,1.4215368611099997e-47,True,0.056682476733300007,True,-0.0872407492334,-0.114337987037,-0.057655510304,True
9695,484,15,2.11056143965e-35,True,0.0561793280979,True,-0.0918228422003,-0.120817899158,-0.0646385710597,True
9696,484,16,3.18709901569e-48,True,0.0556924316829,True,-0.0895861421316,-0.118905810318,-0.0632133786348,True
9697,484,17,1.2119912819799999e-62,True,0.0576388827162,True,-0.0948980204201,-0.12358019022500001,-0.0659413075091,True
9698,484,18,2.4349262586800002e-33,True,0.0583686515445,True,-0.08953516858419999,-0.119224320874,-0.060855669329900004,True
9699,484,19,5.764661464080001e-38,True,0.055473561265699994,True,-0.08686886746130001,-0.115825110314,-0.0603515490482,True
9700,485,0,34.6868963689,False,0.140851730703,False,-0.0009813243263389999,-0.0741447078189,0.06670702288430001,False
9701,485,1,29.8177976159,False,0.103218551574,False,-0.026126208106499998,-0.0750564220938,0.0281621294797,False
9702,485,2,1.8699994354700002,False,0.08902524083039999,False,-0.059834896477300004,-0.09994743569329999,-0.0109221948629,True
9703,485,3,0.446118847004,False,0.0797664219451,True,-0.0651072643309,-0.104654089679,-0.024887667734,True
9704,485,4,0.764395572637,False,0.0712620103844,True,-0.055525351698000006,-0.0894353044727,-0.0181732940883,True
9705,485,5,0.685708705395,False,0.0699199391315,True,-0.054640471390300004,-0.0918832346246,-0.021963295493099996,True
9706,485,6,0.34132071335299996,False,0.0658496849063,True,-0.0531581293676,-0.08778277137660001,-0.0219330864703,True
9707,485,7,1.8408151136500002,False,0.0634957954354,True,-0.0460279825339,-0.0776354217833,-0.0141396263478,True
9708,485,8,1.3768418216299998,False,0.06290802793530001,True,-0.045973041602800004,-0.0783382349212,-0.015430206985899999,True
9709,485,9,0.0305492993072,True,0.0606512408076,True,-0.05979576908149999,-0.09115451626160001,-0.030503275454,True
9710,485,10,1.98638928075e-05,True,0.0609651675053,True,-0.0669930451835,-0.09833624250499999,-0.0373710749997,True
9711,485,11,1.9714219290999998e-17,True,0.0598738283625,True,-0.07770256736860001,-0.107150343115,-0.047276514752199995,True
9712,485,12,3.7868339821e-11,True,0.060864276886200004,True,-0.0771221483126,-0.107090356955,-0.0462260800693,True
9713,485,13,1.06602285353e-06,True,0.0592391080137,True,-0.0706678148948,-0.10080617812,-0.041567070106099994,True
9714,485,14,6.80417096237e-08,True,0.059436703504599994,True,-0.0681102694562,-0.0994455667817,-0.0400088632771,True
9715,485,15,5.85264282418e-18,True,0.0568509394734,True,-0.0702744079609,-0.09668311784489998,-0.0398321783716,True
9716,485,16,5.53709958593e-14,True,0.0562329712629,True,-0.0721139910513,-0.101578458221,-0.0453454869579,True
9717,485,17,2.7281074133999996e-16,True,0.0559052209122,True,-0.073700692948,-0.100440477654,-0.044535256741899995,True
9718,485,18,4.0914362049099996e-18,True,0.055139402692300006,True,-0.0768270638452,-0.10580991195699999,-0.050670509264699994,True
9719,485,19,1.30592521819e-10,True,0.0562501515131,True,-0.07286748309810001,-0.10121771215099999,-0.04496756063830001,True
9720,486,0,16.4150024008,False,0.14191290797800002,False,-0.0413594040377,-0.11216316692,0.0297497410582,False
9721,486,1,33.0170271889,False,0.105812009753,False,-0.0216054142759,-0.0759853336943,0.029826676059,False
9722,486,2,49.713925636400006,False,0.0863024952791,False,0.00866252929078,-0.0347184686017,0.0515840266774,False
9723,486,3,41.3263440921,False,0.08035428249439999,False,-0.0181352532621,-0.0585285774372,0.021825705057200002,False
9724,486,4,35.1235216546,False,0.0723758846752,True,-0.0208368169856,-0.05737655764480001,0.0149993270304,False
9725,486,5,51.3886665018,False,0.0699836812938,True,-0.013041243780399999,-0.04861443026880001,0.021369251025,False
9726,486,6,17.3411065302,False,0.0662599392655,True,-0.029730101417099995,-0.0633788832163,0.0028810560492199995,False
9727,486,7,15.0571723434,False,0.0656514811198,True,-0.0308947674083,-0.0639649829838,0.00168649813609,False
9728,486,8,8.0522986739,False,0.0621702691266,True,-0.0351754132817,-0.0663048117372,-0.00413454261059,True
9729,486,9,6.7173112633,False,0.061715985011,True,-0.036184344268099994,-0.0673237194189,-0.00560773440793,True
9730,486,10,5.1650800634400005,False,0.0621029684511,True,-0.0377200440634,-0.0689530993249,-0.006850130873790001,True
9731,486,11,0.40021715444600003,False,0.0608913136207,True,-0.0498882528187,-0.07995955662330001,-0.0190682430026,True
9732,486,12,0.447859172999,False,0.0621683397266,True,-0.0531505443057,-0.08412901665760002,-0.021960676930999998,True
9733,486,13,0.723024393424,False,0.059378228509,True,-0.0507958257225,-0.08048100975219999,-0.0211027812432,True
9734,486,14,0.374072621426,False,0.057133359732599996,True,-0.0497295209188,-0.0790820477183,-0.021948687985700002,True
9735,486,15,0.160119769534,True,0.0569096139228,True,-0.0519377643992,-0.0787395134739,-0.0218298995511,True
9736,486,16,2.2129346749999997e-06,True,0.0563763120218,True,-0.0614981946556,-0.08897536837000002,-0.0325990563483,True
9737,486,17,0.000880956891668,True,0.057992905581300006,True,-0.0601707401025,-0.08982913948410001,-0.0318362339028,True
9738,486,18,0.026165864251200002,True,0.056264819780900005,True,-0.0581103973484,-0.08750703432589998,-0.031242214545,True
9739,486,19,6.245021389560001e-07,True,0.054993946654900004,True,-0.06097576817750001,-0.08860354914969999,-0.033609602494900005,True
9740,487,0,11.3502326983,False,0.14161122326099998,False,-0.0537873563136,-0.122686054937,0.018925168324500002,False
9741,487,1,17.492424184,False,0.10487566704,False,-0.037781332044,-0.0898580338008,0.0150176332387,False
9742,487,2,10.5664260287,False,0.08848291072589999,False,-0.04202517504480001,-0.08540674231249999,0.00307616841341,False
9743,487,3,1.75528644043,False,0.0824253420496,False,-0.0555979579851,-0.0989848147504,-0.0165594727008,True
9744,487,4,4.3005297894800005,False,0.07141073789989999,True,-0.0441058033598,-0.08063490092589999,-0.00922416302601,True
9745,487,5,7.18542033334,False,0.07097545476599999,True,-0.0393251958598,-0.0744484182395,-0.0034729634734199997,True
9746,487,6,4.4712535868800005,False,0.06755180571880001,True,-0.0419753739152,-0.07305540737010001,-0.00550360165133,True
9747,487,7,2.22532629757,False,0.0643576357773,True,-0.045369973731800003,-0.07894466819889999,-0.014587032421600001,True
9748,487,8,1.21918819048,False,0.062259905879100005,True,-0.0489158251309,-0.08171626031689999,-0.0194563544378,True
9749,487,9,1.29664920285,False,0.06344415068300001,True,-0.047251724654199995,-0.07793237765910001,-0.014488226976100001,True
9750,487,10,0.0235949894862,True,0.0605095703488,True,-0.056860964930499996,-0.085697095431,-0.025187525082200003,True
9751,487,11,0.04341373848019999,True,0.05883716148080001,True,-0.0540502490647,-0.08303487638460001,-0.024197714903700002,True
9752,487,12,0.0187557587398,True,0.0570170546522,True,-0.0559693160018,-0.08498132573139999,-0.027964271079099996,True
9753,487,13,0.010397481487,True,0.0586128148357,True,-0.0583635996977,-0.08825954861600001,-0.029646733780299996,True
9754,487,14,6.9521759277599995e-15,True,0.0563213776695,True,-0.0669167599416,-0.0951687297637,-0.0388473520942,True
9755,487,15,0.11820256558700001,True,0.058113791336199996,True,-0.0596791586926,-0.0858924328124,-0.0277786414762,True
9756,487,16,0.0577134190585,True,0.0563145430786,True,-0.06172384378219999,-0.08989418777580001,-0.0335796446972,True
9757,487,17,1.2947247370799998e-06,True,0.054830371131600004,True,-0.060040661360200004,-0.0879934715295,-0.033163100397900006,True
9758,487,18,0.0154627169914,True,0.05549013117669999,True,-0.0584953828292,-0.0878267420472,-0.0323366108706,True
9759,487,19,1.1197872046500001e-07,True,0.05825377790990001,True,-0.0677428293104,-0.0982967298245,-0.0400429519147,True
9760,488,0,2.0623590920400003,False,0.13935906523,False,-0.08543192119139999,-0.149632768108,-0.0102737028777,True
9761,488,1,11.357271886,False,0.103980881173,False,-0.04641418249819999,-0.0999436811688,0.00403720000457,False
9762,488,2,24.3627334663,False,0.09065234877730001,False,-0.0291595732625,-0.07399265221580001,0.0166596965615,False
9763,488,3,14.324661139000002,False,0.07892710742510001,True,-0.0354881942972,-0.0761659853665,0.00276112205863,False
9764,488,4,27.5547929018,False,0.0736965595054,True,-0.0252442281967,-0.061895241636499995,0.0118013178689,False
9765,488,5,31.169725060300003,False,0.0699807364875,True,-0.0245379361766,-0.059805189558199995,0.0101755469292,False
9766,488,6,11.5538519928,False,0.0657321704684,True,-0.032470080553200005,-0.06656700846800001,-0.000834837999635,True
9767,488,7,8.57193533693,False,0.0660781395519,True,-0.0359762897004,-0.068115325807,-0.00203718625504,True
9768,488,8,7.4813514552100004,False,0.0649818465285,True,-0.035854704593000004,-0.0675018656006,-0.00252001907219,True
9769,488,9,3.8525967675099997,False,0.05980138756580001,True,-0.039189738530000004,-0.069169467603,-0.009368080037219999,True
9770,488,10,1.56337246928,False,0.0600305556116,True,-0.045344429086600004,-0.076256287677,-0.016225732065399998,True
9771,488,11,1.82296938969,False,0.0612843296009,True,-0.04443096040080001,-0.0738849857515,-0.0126006561506,True
9772,488,12,0.218732887962,True,0.0601263290271,True,-0.0519338691208,-0.0820760370829,-0.0219497080559,True
9773,488,13,0.17492407773,True,0.056953896386,True,-0.05694943227990001,-0.0859033771267,-0.0289494807407,True
9774,488,14,9.97252021633e-07,True,0.059297824728499995,True,-0.0698562220115,-0.099287785532,-0.0399899608035,True
9775,488,15,1.24507476225e-05,True,0.0570784538808,True,-0.066379783638,-0.0927128481799,-0.0356343942991,True
9776,488,16,0.117728863992,True,0.0565532863803,True,-0.0677849428251,-0.0962430392041,-0.0396897528237,True
9777,488,17,9.172630525669999e-14,True,0.057633108747699995,True,-0.07448247846850001,-0.105660801313,-0.048027692565599994,True
9778,488,18,4.4015581091000003e-23,True,0.0570974304483,True,-0.0792340247321,-0.108717955679,-0.0516205252312,True
9779,488,19,6.745594371899999e-29,True,0.0564719830785,True,-0.0830814807571,-0.112082930459,-0.055610947380400004,True
9780,489,0,19.0887993418,False,0.135073769652,False,-0.0373753557626,-0.106427493115,0.0286462765374,False
9781,489,1,22.3543988908,False,0.0991584141311,False,-0.0326228640303,-0.081444664901,0.017713749230200002,False
9782,489,2,9.629029905960001,False,0.08777553331219999,False,-0.041182779040800005,-0.08671579339749999,0.0010597399147200001,False
9783,489,3,8.95956996582,False,0.0794972446963,True,-0.0404904662789,-0.0800550884018,-0.0005578437055610001,True
9784,489,4,8.3656416285,False,0.0738805082063,True,-0.0395547124527,-0.0756771984372,-0.0017966902309200002,True
9785,489,5,2.13689625444,False,0.0672004430638,True,-0.0459803348728,-0.0792960959378,-0.012095652874000001,True
9786,489,6,23.7483842981,False,0.06580114335369999,True,-0.0262871658479,-0.05889582357530001,0.006905319778430001,False
9787,489,7,19.0936735465,False,0.062489459485300006,True,-0.027079968303400002,-0.058103765969,0.0043856935163500005,False
9788,489,8,21.7415315399,False,0.0626618694102,True,-0.0269799056943,-0.0583072964929,0.004354572917310001,False
9789,489,9,12.994531388499999,False,0.0606776840948,True,-0.0307689636755,-0.0605642495305,0.000113434564294,False
9790,489,10,4.3764435849900005,False,0.061218870701,True,-0.038180964158099996,-0.06975952772489999,-0.00854065702397,True
9791,489,11,1.29391923377,False,0.057683263191800005,True,-0.0412145836361,-0.07065318844150001,-0.0129699252498,True
9792,489,12,3.5883245748800006,False,0.058803640653,True,-0.037477591183599994,-0.0678689291145,-0.009065288461540002,True
9793,489,13,3.6406680947900005,False,0.059838223904300006,True,-0.0394949268127,-0.06923535075739999,-0.00939712685312,True
9794,489,14,2.6329070570299997,False,0.0584291114305,True,-0.0403967838642,-0.0706547941364,-0.012225682705899998,True
9795,489,15,4.9799251968,False,0.0572317215681,True,-0.0350448953582,-0.0617199725049,-0.00448825093677,True
9796,489,16,4.8331272681,False,0.058086479453999994,True,-0.0364018767535,-0.0669581139796,-0.0088716345256,True
9797,489,17,5.0277886112,False,0.0562372961204,True,-0.0357074510553,-0.0640279284373,-0.007790632316899999,True
9798,489,18,2.89955405638,False,0.0546622189479,True,-0.03597907457919999,-0.0638535583277,-0.00919133937982,True
9799,489,19,1.74398934414,False,0.0532845120579,True,-0.038464633300199995,-0.0650074491583,-0.0117229371004,True
9800,490,0,4.581866025319999,False,0.14090442373,False,-0.07455418498630001,-0.145392510354,-0.00448808662474,True
9801,490,1,5.50613577625,False,0.107252534924,False,-0.0587678927381,-0.11332916003599999,-0.00607662511204,True
9802,490,2,36.0493864346,False,0.0900569326737,False,-0.019898286770799998,-0.06497829732869999,0.025078635345,False
9803,490,3,61.195278607,False,0.07919983673980001,True,0.00193157901032,-0.0378533356253,0.0413465011145,False
9804,490,4,61.290643473,False,0.0723920326393,True,-0.0049999078144300005,-0.0404733863805,0.0319186462588,False
9805,490,5,42.9753875421,False,0.0671702910607,True,-0.017377058329099998,-0.0506135460981,0.016556744962599998,False
9806,490,6,43.797585685600005,False,0.0656089771073,True,-0.0176845567191,-0.049127290969199995,0.0164816861381,False
9807,490,7,38.1716438703,False,0.06618357968949999,True,-0.0200163849322,-0.054150240762800006,0.012033338926799999,False
9808,490,8,13.5159244931,False,0.0631882701559,True,-0.0309718071135,-0.0626122117836,0.0005760583723169999,False
9809,490,9,3.5750435540199996,False,0.061797251649000004,True,-0.0413958854352,-0.0716421324104,-0.00984488076147,True
9810,490,10,1.24076003246,False,0.0597167280287,True,-0.04276310724619999,-0.0726122834677,-0.0128955554389,True
9811,490,11,2.43723775112,False,0.059491255786100004,True,-0.041726756437199995,-0.0698035106259,-0.010312254839799999,True
9812,490,12,2.0626496250299997,False,0.06040720626130001,True,-0.0417192722128,-0.070122685027,-0.00971547876565,True
9813,490,13,3.11531442207,False,0.058932171847,True,-0.039220596226,-0.0702244932409,-0.011292321394,True
9814,490,14,2.25581173222,False,0.056178548927,True,-0.042204174367399996,-0.0705565150063,-0.0143779660793,True
9815,490,15,4.36102934945,False,0.056677354195900004,True,-0.0366005923819,-0.06268937687250001,-0.006012022676670001,True
9816,490,16,2.03437021147,False,0.0567898206946,True,-0.0411510565949,-0.06923972816480001,-0.0124499074703,True
9817,490,17,3.24534268979,False,0.0574220677604,True,-0.0395282328881,-0.06760011426649999,-0.0101780465061,True
9818,490,18,1.14994575284,False,0.0564178745734,True,-0.0453939817452,-0.0721081111454,-0.015690236572100003,True
9819,490,19,0.31906891893899997,True,0.0558276707919,True,-0.046562288602,-0.0749969392782,-0.0191692684863,True
9820,491,0,0.8566636209899999,False,0.145057420695,False,-0.100679521538,-0.177792517819,-0.0327350971237,True
9821,491,1,1.32533597071,False,0.105313009805,False,-0.0730318645936,-0.126055861679,-0.020742851874099997,True
9822,491,2,0.40916151115000005,False,0.0923477653997,False,-0.0680744985649,-0.112198435449,-0.019850670048900003,True
9823,491,3,0.27547249940699997,True,0.0801610508402,False,-0.0636989028625,-0.104523729343,-0.024362678502400002,True
9824,491,4,0.129382386644,True,0.0730999323661,True,-0.06628065864709999,-0.10397558926799999,-0.030875656902,True
9825,491,5,1.02351674488,False,0.07160332689410001,True,-0.05293237586630001,-0.08625633481360001,-0.0146530079195,True
9826,491,6,0.8006063328899999,False,0.0668844553106,True,-0.050796531123699994,-0.083968867854,-0.017084412543500002,True
9827,491,7,1.8145138241599998,False,0.0641112601182,True,-0.045173207889400005,-0.0773439909111,-0.0132327307929,True
9828,491,8,0.528936560447,False,0.0631763029124,True,-0.051584792941600004,-0.0831291257171,-0.0199528228047,True
9829,491,9,0.260647962192,True,0.0612832852095,True,-0.0547453697286,-0.0839297566117,-0.0226464714022,True
9830,491,10,0.211596306624,True,0.0604296794959,True,-0.05391059779159999,-0.0835846024227,-0.0231549229269,True
9831,491,11,1.40600306906e-05,True,0.05980685759880001,True,-0.0721287563645,-0.101891186504,-0.042084328905199996,True
9832,491,12,9.94522594986e-14,True,0.0597844073503,True,-0.0748182395574,-0.10502860494300001,-0.0452441975925,True
9833,491,13,1.94668879804e-08,True,0.057923274665900006,True,-0.06980615977850001,-0.09986461435,-0.041941339684000004,True
9834,491,14,7.614805554139999e-06,True,0.0584209692725,True,-0.070769097161,-0.09936405315030002,-0.040943083877800004,True
9835,491,15,1.59083708605e-15,True,0.058518047932199994,True,-0.0712291699848,-0.101676014233,-0.043157966300999995,True
9836,491,16,1.5419194075e-12,True,0.0559364339905,True,-0.07017239378439999,-0.09975671929230001,-0.04382028530180001,True
9837,491,17,0.000174168222413,True,0.0571400224593,True,-0.0638556758025,-0.08972904799499999,-0.0325890255358,True
9838,491,18,2.21657798956e-06,True,0.0577698311456,True,-0.06463606324799999,-0.0914979957934,-0.0337281646478,True
9839,491,19,5.42978644335e-20,True,0.05486219896930001,True,-0.07198532232739999,-0.0986048131604,-0.0437426141911,True
9840,492,0,0.00781302439657,True,0.137977256238,False,-0.126454249469,-0.19664703052700003,-0.0586697742894,True
9841,492,1,0.28175275814399997,True,0.0977706839332,False,-0.08198012428210001,-0.130307772914,-0.0325370889811,True
9842,492,2,0.7874671220039999,False,0.08656967154819999,False,-0.0658264686849,-0.10730848923399999,-0.0207388176857,True
9843,492,3,0.0754842448077,True,0.07966597139430001,True,-0.07405452237730001,-0.11570034203400001,-0.0360343706397,True
9844,492,4,0.17993663358399997,True,0.0720652055392,True,-0.0645473466029,-0.100836196294,-0.028770990754999996,True
9845,492,5,0.29083267004700003,True,0.0727467281505,True,-0.05971988795390001,-0.0956956701185,-0.022948941968,True
9846,492,6,0.434661316868,False,0.0666441897012,True,-0.0547216842334,-0.0885654125152,-0.021921222814000003,True
9847,492,7,0.0711902368091,True,0.06268253040630001,True,-0.0590592085406,-0.09039378880719999,-0.0277112584009,True
9848,492,8,0.033360480042,True,0.0650279617976,True,-0.0616475287923,-0.09634355411160002,-0.031315592313999996,True
9849,492,9,0.00021865006314099994,True,0.06196836698969999,True,-0.07049271276960001,-0.0992128674949,-0.03724450050519999,True
9850,492,10,1.05657767488e-18,True,0.0615856850923,True,-0.07678470522760002,-0.108913947567,-0.0473282624746,True
9851,492,11,5.61478082243e-16,True,0.0624635259746,True,-0.0834074685382,-0.11439387424000001,-0.0519303482656,True
9852,492,12,6.772111196689999e-21,True,0.058645196896699996,True,-0.07832596488239998,-0.108947909836,-0.050302712939,True
9853,492,13,9.42208576299e-18,True,0.05820102866309999,True,-0.07357176364910001,-0.102744796325,-0.0445437676619,True
9854,492,14,1.87228312675e-13,True,0.0583706977484,True,-0.0724669505433,-0.100625984553,-0.0422552868041,True
9855,492,15,3.85602876246e-16,True,0.0564170071682,True,-0.0714500206677,-0.100092935143,-0.0436759279746,True
9856,492,16,7.8175380183e-09,True,0.0573378458776,True,-0.0693901686245,-0.0987328856408,-0.0413950397632,True
9857,492,17,2.3193691594699997e-11,True,0.05793452789609999,True,-0.0736409969685,-0.10126738065600001,-0.0433328527599,True
9858,492,18,2.5699168775099998e-26,True,0.0555992343474,True,-0.0746671154307,-0.102018437522,-0.0464192031749,True
9859,492,19,1.47794462126e-19,True,0.055702969297,True,-0.07348632617810001,-0.101407973308,-0.0457050040108,True
9860,493,0,13.3517537253,False,0.136398836053,False,-0.0508073331287,-0.11876391050799999,0.0176349255455,False
9861,493,1,16.1646153368,False,0.101143318727,False,-0.0385355620575,-0.08972141701439999,0.011421901712200002,False
9862,493,2,30.9025671822,False,0.08679550572599999,False,-0.023628462375799998,-0.0684858551515,0.0183096505746,False
9863,493,3,12.7807089451,False,0.0776833410461,True,-0.036192244048,-0.074097545508,0.0035857955381199996,False
9864,493,4,23.327672592600003,False,0.0743226354282,True,-0.027473814349099998,-0.0649604259974,0.009362209430870001,False
9865,493,5,8.6837539559,False,0.0673044870944,True,-0.036468421719400006,-0.0682827916202,-0.000978304525822,True
9866,493,6,8.03337824143,False,0.0682977633019,True,-0.036556038596800004,-0.0706528809022,-0.00235511760024,True
9867,493,7,2.40050062302,False,0.0636146423028,True,-0.0442068313387,-0.07521517354349999,-0.0116005312407,True
9868,493,8,4.4459843447,False,0.0637836071274,True,-0.0398989235035,-0.0704190813507,-0.00663547422338,True
9869,493,9,2.38822434935,False,0.0623559786205,True,-0.0433933393862,-0.07621008748119999,-0.0138541088606,True
9870,493,10,1.7411809655900001,False,0.059191451588900004,True,-0.0433476746523,-0.0734844163766,-0.0142929647876,True
9871,493,11,1.4857905483200002,False,0.058493590879199996,True,-0.044682760540800004,-0.0749519524504,-0.0164583615712,True
9872,493,12,0.96195025078,False,0.0613032590533,True,-0.0468318273011,-0.0771525253794,-0.0158492663261,True
9873,493,13,0.7889183865549999,False,0.0586576195818,True,-0.048034008415599995,-0.0784782911367,-0.019820671554900002,True
9874,493,14,0.403541772662,False,0.057588652805,True,-0.049012516994400006,-0.0755920647674,-0.0180034119624,True
9875,493,15,7.35341464143e-05,True,0.05828214702600001,True,-0.0604907265204,-0.0899021986472,-0.0316200516212,True
9876,493,16,0.0051744570518900005,True,0.0555238921222,True,-0.058779736494699995,-0.0862155370142,-0.030691644892000002,True
9877,493,17,0.00610249676571,True,0.055837746103,True,-0.0573223734683,-0.08625807171769999,-0.0304203256147,True
9878,493,18,0.028735095729099998,True,0.054604630262,True,-0.0573174311436,-0.0846781172129,-0.0300734869509,True
9879,493,19,1.68003851819e-06,True,0.0560977917564,True,-0.060274006680800005,-0.0887005879755,-0.0326027962191,True
9880,494,0,21.564692973499998,False,0.14294732073,False,-0.0353063576372,-0.10501189013000001,0.0379354305992,False
9881,494,1,15.116416711,False,0.103854294938,False,-0.041329996903900004,-0.0930612883932,0.010793006544600001,False
9882,494,2,0.5068177727009999,False,0.09128728889189999,False,-0.0695850686867,-0.115209828337,-0.0239225394455,True
9883,494,3,0.946568030489,False,0.07936752646989999,True,-0.061934373688400005,-0.102005181002,-0.0226376545323,True
9884,494,4,2.33023515253,False,0.0766283442259,True,-0.05214231793000001,-0.0915584959888,-0.014930151762999999,True
9885,494,5,6.9911247802,False,0.0692161796645,True,-0.038378923843099995,-0.0719479981549,-0.0027318184904499996,True
9886,494,6,3.8651674520699997,False,0.0678902134466,True,-0.0417558376943,-0.0774590182782,-0.0095688048316,True
9887,494,7,4.69777868554,False,0.0671229462743,True,-0.042127980691900005,-0.07595611910330001,-0.00883317282897,True
9888,494,8,13.0684313534,False,0.061874372633199996,True,-0.0301319887552,-0.0627484935864,-0.000874120953281,True
9889,494,9,1.6293430088999998,False,0.061651318,True,-0.043546742517099994,-0.07512341759600001,-0.013472099595999999,True
9890,494,10,1.21737026032,False,0.06079925543319999,True,-0.0453868129763,-0.0738947506431,-0.013095495209899999,True
9891,494,11,1.14888367617,False,0.0616428929236,True,-0.045655448113,-0.0747639238285,-0.0131210309049,True
9892,494,12,1.55947781637,False,0.059824493202099996,True,-0.0451256186003,-0.07441740555489999,-0.014592912352799999,True
9893,494,13,0.252503499064,True,0.059604658600699995,True,-0.054791906666699995,-0.08287642653880001,-0.023271767938099996,True
9894,494,14,0.364814005951,False,0.0571188721461,True,-0.0503403627377,-0.07824572711889999,-0.021126854972799997,True
9895,494,15,0.951965130327,False,0.056716009986300005,True,-0.047376827456800004,-0.0766612805403,-0.019945270554,True
9896,494,16,0.335518294499,False,0.05512854334390001,True,-0.04930489404709999,-0.078153032309,-0.0230244889651,True
9897,494,17,2.73869191972e-05,True,0.05597685278680001,True,-0.055282880104599995,-0.0836542125659,-0.0276773597791,True
9898,494,18,0.00744256650138,True,0.055232031156,True,-0.061025969969600004,-0.0893877523027,-0.0341557211467,True
9899,494,19,1.42696988873e-07,True,0.0561005272631,True,-0.06259444977390001,-0.089592000034,-0.0334914727709,True
9900,495,0,34.8653296515,False,0.141859204626,False,-0.0007254127194019999,-0.0758156179945,0.06604358663189999,False
9901,495,1,11.5847810282,False,0.10325445987700001,False,-0.0449256498861,-0.09785697809739999,0.00539748178005,False
9902,495,2,0.981746705481,False,0.08751986861960001,False,-0.0665031157439,-0.110192940527,-0.0226730719071,True
9903,495,3,4.58925974786,False,0.0799431018796,True,-0.048440726347199994,-0.0890599870297,-0.00911688515005,True
9904,495,4,2.13796048304,False,0.076232249788,True,-0.0519920190765,-0.0893663192386,-0.0131340694506,True
9905,495,5,1.02873772528,False,0.070194620189,True,-0.055074191399300004,-0.09153734560080001,-0.021342725411799997,True
9906,495,6,3.16195411305,False,0.0689468321313,True,-0.044188666485699996,-0.0798227624864,-0.0108759303551,True
9907,495,7,2.07971844314,False,0.06626710638519999,True,-0.0448964122796,-0.0790925414399,-0.0128254350547,True
9908,495,8,3.03275738106,False,0.0632754508711,True,-0.041837153859800004,-0.0743327354428,-0.0110572845717,True
9909,495,9,0.156272153089,True,0.0602569199187,True,-0.054676536852,-0.08598999786689998,-0.025733077948099998,True
9910,495,10,0.796425091168,False,0.060404910917999995,True,-0.049418533916600005,-0.0809618801415,-0.020556969223499998,True
9911,495,11,1.3942524378,False,0.0625237943816,True,-0.047649343615800005,-0.0790889075771,-0.016565113195499998,True
9912,495,12,3.33235720653,False,0.0597667662835,True,-0.0397317417907,-0.0695379809411,-0.00977121465757,True
9913,495,13,4.14742501527,False,0.0592261646119,True,-0.0381151543672,-0.0663324620732,-0.0071062974613,True
9914,495,14,3.28877134667,False,0.05693904152419999,True,-0.03841467186,-0.0662087245156,-0.00926968299144,True
9915,495,15,6.41235077671,False,0.0567901542248,True,-0.0342975271961,-0.0636148579566,-0.00682470373178,True
9916,495,16,1.82270221118,False,0.0560905095748,True,-0.039455041765000004,-0.0675041376416,-0.0114136280668,True
9917,495,17,0.523605731396,False,0.057205128575499996,True,-0.0460391585377,-0.07436710029730001,-0.0171619717217,True
9918,495,18,0.343556849854,False,0.055620241561900007,True,-0.04811373114990001,-0.0758304357799,-0.020210194217999997,True
9919,495,19,0.102842304267,True,0.0559141489581,True,-0.0527453854746,-0.07935208300049999,-0.0234379340424,True
9920,496,0,0.836763268088,False,0.140283067356,False,-0.09708298136710002,-0.16572393237,-0.025440865013900003,True
9921,496,1,4.5580877416000005,False,0.10082847430700001,False,-0.0571524185946,-0.107801701257,-0.00697322695024,True
9922,496,2,17.0929315096,False,0.0875761578205,False,-0.0367420935136,-0.0836822641902,0.00389389363032,False
9923,496,3,13.0238601785,False,0.07901418453860001,True,-0.0368818798888,-0.07668738271839999,0.0023268018202199994,False
9924,496,4,4.9872074905,False,0.074910878661,True,-0.043518258833099996,-0.0825602989849,-0.00764942032395,True
9925,496,5,1.3066676771899999,False,0.0685021073617,True,-0.0513570692677,-0.08425548868039999,-0.0157533813187,True
9926,496,6,0.270960551092,True,0.06668840691380001,True,-0.05711467584840001,-0.0920017861661,-0.025313379252299997,True
9927,496,7,0.0896876224911,True,0.06547141012730001,True,-0.0679698416906,-0.101507131412,-0.0360357212849,True
9928,496,8,0.0978949174086,True,0.0640312624507,True,-0.0603965215552,-0.0909103662475,-0.0268791037968,True
9929,496,9,0.019851338918000002,True,0.0617611083151,True,-0.06897298077769999,-0.0984999596607,-0.0367388513457,True
9930,496,10,0.0036084084924099995,True,0.056777622117800006,True,-0.0656764790154,-0.09341377057110001,-0.0366361484534,True
9931,496,11,0.221518351062,True,0.058646040642,True,-0.06089166826550001,-0.08983110450919998,-0.031185063867200002,True
9932,496,12,0.196699385634,True,0.0591095063868,True,-0.0541643608809,-0.082350678945,-0.0232411725582,True
9933,496,13,2.11684819122,False,0.057760449426,True,-0.0428521313227,-0.071627609778,-0.013867160352,True
9934,496,14,1.10353584607,False,0.0578144020745,True,-0.044466825773,-0.0733093339551,-0.015494931880600001,True
9935,496,15,0.5893929898420001,False,0.056036949819900005,True,-0.046307045093599994,-0.0751377639349,-0.019100814115,True
9936,496,16,0.16319271099500002,True,0.0573375153509,True,-0.0510901321781,-0.07980090747139999,-0.0224633921205,True
9937,496,17,0.0533688557503,True,0.0571739194882,True,-0.057814555931599995,-0.08632885934000001,-0.0291549398518,True
9938,496,18,0.00532543937808,True,0.0557669612273,True,-0.0517473625184,-0.08010471771710001,-0.0243377564898,True
9939,496,19,0.025377528061700003,True,0.0568246030611,True,-0.0602126995436,-0.0886473053252,-0.03182270226409999,True
9940,497,0,0.448213100642,False,0.13688486955600002,False,-0.09914405639530001,-0.169835206247,-0.032950336691200004,True
9941,497,1,1.49158508437,False,0.0996598508519,False,-0.07051139907930001,-0.12048985887800001,-0.0208300080262,True
9942,497,2,0.032622706086499996,True,0.08845507142539999,False,-0.084458700603,-0.129605190788,-0.0411501193626,True
9943,497,3,0.253668338985,True,0.0783817242303,True,-0.068064194182,-0.104760443491,-0.0263787192608,True
9944,497,4,0.380664006022,False,0.0724996797931,True,-0.06231191896430001,-0.09816773513589999,-0.025668055342900002,True
9945,497,5,0.242252990284,True,0.0714089869715,True,-0.0620810362069,-0.0967973627165,-0.025388375745,True
9946,497,6,1.4887576905000002,False,0.0686198114788,True,-0.0486463831584,-0.0820179616932,-0.0133981502144,True
9947,497,7,0.266731548168,True,0.0639453558659,True,-0.057581831691100004,-0.08790335225099999,-0.0239579963851,True
9948,497,8,0.252193331783,True,0.0630873357828,True,-0.05624273050030001,-0.0871660777544,-0.0240787419716,True
9949,497,9,0.155641459324,True,0.0601277692756,True,-0.054081070228399995,-0.0820192384425,-0.021891469166900004,True
9950,497,10,0.618676521606,False,0.0609797508631,True,-0.049406794906500004,-0.0796076718729,-0.0186279210098,True
9951,497,11,2.19716089412,False,0.05844653393759999,True,-0.042137114912099996,-0.0723695759087,-0.013923041971100001,True
9952,497,12,1.09499156296,False,0.058353597630599996,True,-0.046981872637199995,-0.07727903000960001,-0.0189254323789,True
9953,497,13,0.08764427685560001,True,0.056473384205999996,True,-0.0556930500612,-0.08500160203160001,-0.028528217825599996,True
9954,497,14,0.0156958555749,True,0.059415090921599995,True,-0.0543083388107,-0.084757096741,-0.0253420058194,True
9955,497,15,0.00103469492147,True,0.0575148592084,True,-0.059420400071199996,-0.0873111605407,-0.029796301332299997,True
9956,497,16,0.00380358665182,True,0.05726471166680001,True,-0.060537835597199996,-0.08922860268050001,-0.0319638910137,True
9957,497,17,0.0573546818653,True,0.0572135957787,True,-0.05959505830299999,-0.08945083406130001,-0.0322372382826,True
9958,497,18,0.0314865612289,True,0.056585466114,True,-0.0560634086735,-0.0849502289418,-0.0283647628278,True
9959,497,19,0.0764417682236,True,0.0565044067463,True,-0.053841196981,-0.0825004999454,-0.025996093199100002,True
9960,498,0,10.7285759182,False,0.13962304920399998,False,-0.055758923645699995,-0.128698756116,0.010924293088299999,False
9961,498,1,15.943160566500001,False,0.104222684643,False,-0.0416856450009,-0.0965130521686,0.007709632474380001,False
9962,498,2,39.0364368309,False,0.08580285024689999,False,-0.0171909016241,-0.059388570376199996,0.026414279870700004,False
9963,498,3,27.0053082935,False,0.0779694206787,True,-0.026703693840099997,-0.0661624227544,0.011806997924299999,False
9964,498,4,6.31799103243,False,0.0731610316334,True,-0.0418155160161,-0.07714038503949999,-0.00397935340608,True
9965,498,5,2.70536717897,False,0.06838104706880001,True,-0.045458939759800004,-0.07854542849519999,-0.0101643814264,True
9966,498,6,2.2325805745400005,False,0.0675110198697,True,-0.0440355675526,-0.07745998924269999,-0.00994896937298,True
9967,498,7,0.813325608978,False,0.065643242314,True,-0.058740767085,-0.0908652231691,-0.025221980855200003,True
9968,498,8,0.00164598578373,True,0.0617380317794,True,-0.0629118718617,-0.0931317465589,-0.0313937147794,True
9969,498,9,0.0493352265444,True,0.061235489729,True,-0.0631277655298,-0.0927865426623,-0.031551052933299996,True
9970,498,10,0.37204091070900003,False,0.060750761227599995,True,-0.0600555112289,-0.0908446252588,-0.0300938640312,True
9971,498,11,6.259814390459999e-10,True,0.05697905935980001,True,-0.0673670204077,-0.0958992008319,-0.038920141472099996,True
9972,498,12,2.5037947291200005e-10,True,0.05708760067430001,True,-0.07238459848239999,-0.101720332666,-0.044632731992,True
9973,498,13,2.5187227547e-12,True,0.0575274882808,True,-0.07352683637400001,-0.103110296281,-0.0455828079997,True
9974,498,14,9.14608327202e-05,True,0.05849558406619999,True,-0.06495013062419999,-0.0925696508492,-0.034074066783,True
9975,498,15,0.000390978191809,True,0.058574940910400004,True,-0.0628933312134,-0.09281370912419999,-0.0342387682138,True
9976,498,16,0.00389361839608,True,0.0559427162985,True,-0.0578108129131,-0.0857559504194,-0.029813234121,True
9977,498,17,0.00487408550386,True,0.0577836945961,True,-0.059749022701099996,-0.0879235619353,-0.0301398673392,True
9978,498,18,0.00498635536922,True,0.05912953201500001,True,-0.0591631189,-0.0895042280229,-0.0303746960079,True
9979,498,19,2.57168395713e-05,True,0.05390178810269999,True,-0.0588725071488,-0.08550744131589999,-0.031605653213200004,True
9980,499,0,4.40235693241,False,0.138777890937,False,-0.07411178362439999,-0.141669664891,-0.0028917739538400003,True
9981,499,1,4.3468848536,False,0.105274917845,False,-0.060132556642000005,-0.111177826789,-0.0059029089437,True
9982,499,2,1.09513108782,False,0.0890379815114,False,-0.0630464227246,-0.109136830405,-0.0200988488932,True
9983,499,3,0.619496883517,False,0.08102815184619999,False,-0.0646857917558,-0.105057778926,-0.0240296270799,True
9984,499,4,1.34989627247,False,0.07604755231970001,True,-0.0543393997446,-0.09143438902550001,-0.0153868367059,True
9985,499,5,2.60568931811,False,0.0714910596219,True,-0.047240788156399996,-0.08336623495489999,-0.011875175333,True
9986,499,6,4.2022637748300005,False,0.0683670976341,True,-0.042114013708,-0.0778637433915,-0.00949664575742,True
9987,499,7,3.5731738425,False,0.06735358445709999,True,-0.0419954492858,-0.07326622659660001,-0.00591264213954,True
9988,499,8,6.1336095861,False,0.0609050869914,True,-0.036805233858,-0.0687182943532,-0.00781320736172,True
9989,499,9,13.5768536197,False,0.0619797580765,True,-0.0308284323303,-0.0613235166155,0.0006562414609969999,False
9990,499,10,18.4599594025,False,0.059784203243399996,True,-0.0270916774475,-0.055772703022,0.00401150022136,False
9991,499,11,10.5979846808,False,0.060051758140900004,True,-0.0317640342483,-0.0618482715878,-0.0017965134469100001,True
9992,499,12,7.51307139354,False,0.059954380361900005,True,-0.0341147278353,-0.06484164573580001,-0.00488726537392,True
9993,499,13,6.593871067309999,False,0.0573887090587,True,-0.035020756723800006,-0.0640213942096,-0.006632685150939999,True
9994,499,14,7.64362486535,False,0.0599957947647,True,-0.0337871612368,-0.064617798219,-0.00462200345433,True
9995,499,15,3.4542969207599996,False,0.0584531172994,True,-0.0388020259815,-0.0674599334015,-0.00900681610205,True
9996,499,16,4.87165352276,False,0.05794342505800001,True,-0.0362204837155,-0.06600292492700001,-0.00805949986898,True
9997,499,17,7.708638432030001,False,0.05601370223569999,True,-0.0328624913003,-0.062007189657100004,-0.005993487421439999,True
9998,499,18,10.061265171,False,0.0560824926683,True,-0.0299052777643,-0.0569088833447,-0.000826390676377,True
9999,499,19,10.0598910379,False,0.0563484366775,True,-0.030458067605900002,-0.0577165034054,-0.0013680667278800002,True
10000,500,0,22.072233409499997,False,0.141383202244,False,0.0344708494963,-0.034898891459,0.10648431078500001,False
10001,500,1,23.6168658781,False,0.10266872574699999,False,0.0313821278443,-0.0211318962094,0.0815368295372,False
10002,500,2,48.714799972799995,False,0.0897358373919,False,0.0101069079022,-0.0342208656244,0.0555149717675,False
10003,500,3,62.239896183599996,False,0.07988163616289999,True,-0.00454608833514,-0.0458025392217,0.0340790969412,False
10004,500,4,48.8553610362,False,0.07347376559669999,True,-0.0147598711669,-0.051580508004,0.021893257592700003,False
10005,500,5,20.9176486261,False,0.0711037834248,True,-0.0280166080112,-0.0629150241598,0.008188759265,False
10006,500,6,2.71873705059,False,0.0683532483969,True,-0.0444969774444,-0.0789206056312,-0.0105673572343,True
10007,500,7,4.17513305994,False,0.0640552326221,True,-0.0408287377289,-0.07358229337689999,-0.00952706075473,True
10008,500,8,0.155877903824,True,0.0614143690034,True,-0.053729588592800005,-0.0837609148508,-0.022346545847400003,True
10009,500,9,0.00302706065081,True,0.0620338137231,True,-0.058885192985300004,-0.08627304743030001,-0.0242392337072,True
10010,500,10,0.360370738323,False,0.0594577845285,True,-0.05144876395769999,-0.0796236773149,-0.020165892786400002,True
10011,500,11,0.482049611073,False,0.0600080758818,True,-0.048799813700099996,-0.0803019561382,-0.020293880256400002,True
10012,500,12,0.132580121389,True,0.060146930479100004,True,-0.0567934899865,-0.08670373521230001,-0.026556804733099997,True
10013,500,13,0.0961170013632,True,0.060447794209599996,True,-0.061082700853699996,-0.09179694416239999,-0.0313491499528,True
10014,500,14,0.000554055020128,True,0.0576554172212,True,-0.0709092285345,-0.0987638173872,-0.041108400166,True
10015,500,15,7.70464254459e-17,True,0.057355233199399995,True,-0.0719592218993,-0.0987627467856,-0.0414075135862,True
10016,500,16,9.68221589401e-05,True,0.05803635284749999,True,-0.0678260544877,-0.0969013543549,-0.0388650015074,True
10017,500,17,5.15214578897e-06,True,0.0569861850948,True,-0.07032728230610001,-0.09610959049869999,-0.039123405403900004,True
10018,500,18,2.4114247214900003e-18,True,0.0576075736889,True,-0.0712653828514,-0.0994928827254,-0.0418853090365,True
10019,500,19,9.61581767261e-10,True,0.05566799081119999,True,-0.066011431055,-0.093449809616,-0.037781818804800006,True
10020,501,0,15.843044769,False,0.137108735549,False,-0.0462723926181,-0.113333498423,0.0237752371258,False
10021,501,1,22.9338762929,False,0.105436245481,False,-0.0327566184902,-0.0867061733212,0.01873007216,False
10022,501,2,18.405051993,False,0.0912350334902,False,-0.0341921408995,-0.0819922580344,0.009242775455790001,False
10023,501,3,1.05585288223,False,0.07801940601969999,True,-0.060002214516000005,-0.09921241152850001,-0.0211930055088,True
10024,501,4,0.188788121895,True,0.0733747398021,True,-0.05941470230050001,-0.0964562779188,-0.023081538116700002,True
10025,501,5,0.660706761052,False,0.0703056630831,True,-0.0567069707728,-0.09303599947419999,-0.0227303363911,True
10026,501,6,0.204661064131,True,0.0672579034826,True,-0.0590516921105,-0.09150960837719999,-0.0242517048947,True
10027,501,7,0.9957042290799999,False,0.0642502800554,True,-0.053390520675099994,-0.0866299688688,-0.022379688813400002,True
10028,501,8,0.297050689813,True,0.0634273952731,True,-0.0603739066696,-0.09389728013910001,-0.030469884866,True
10029,501,9,0.421358966476,False,0.0638141012063,True,-0.055685921479,-0.0867800716017,-0.022965970395400003,True
10030,501,10,0.39189977651999996,False,0.0595666807331,True,-0.0540022540002,-0.0830768571449,-0.023510176411799998,True
10031,501,11,1.72503092589,False,0.0595513092382,True,-0.043432932058300004,-0.07278503827010001,-0.0132337290319,True
10032,501,12,1.9018689033200002,False,0.0586296746526,True,-0.042121196110500005,-0.0703390067308,-0.011709332078200001,True
10033,501,13,1.16855987749,False,0.0591873050368,True,-0.043550113900800005,-0.07403132688950001,-0.0148440218527,True
10034,501,14,0.319458791818,True,0.057671578312599996,True,-0.05093693216490001,-0.0814660348306,-0.023794456518000003,True
10035,501,15,0.0417043278114,True,0.0578106570567,True,-0.0532715171648,-0.08164212607589999,-0.0238314690192,True
10036,501,16,0.321120407557,True,0.057009964649,True,-0.051809062418800005,-0.0813086145598,-0.0242986499107,True
10037,501,17,0.024983118275599996,True,0.054883747156300004,True,-0.052465598131099994,-0.0806229857352,-0.025739238578900002,True
10038,501,18,0.23410024442400001,True,0.057297953257599996,True,-0.052349908272699995,-0.0816045489046,-0.024306595647,True
10039,501,19,0.004812130382140001,True,0.0547722587844,True,-0.0621067655119,-0.0890460647462,-0.0342738059618,True
10040,502,0,13.554078473499999,False,0.139002409858,False,-0.047479836747199994,-0.11889767539799999,0.0201047344607,False
10041,502,1,34.530087363,False,0.10286021841,False,-0.0221044654371,-0.07202937327360001,0.030830845136799997,False
10042,502,2,16.363151054,False,0.0900530804705,False,-0.0364625468373,-0.0792256557193,0.0108274247511,False
10043,502,3,13.199355475199999,False,0.078031517973,True,-0.035846401453,-0.0746459204025,0.0033855975705499998,False
10044,502,4,23.2848051287,False,0.0725980180794,True,-0.028312145137099995,-0.06275540085530001,0.00984261722412,False
10045,502,5,36.170294490399996,False,0.0684860719287,True,-0.021896262373900004,-0.05729138160180001,0.0111946903269,False
10046,502,6,12.261080235,False,0.0689036013103,True,-0.0326855346355,-0.06619063880319999,0.0027129625071200003,False
10047,502,7,19.543214486900002,False,0.06571792009619999,True,-0.02768196584,-0.0590748430226,0.00664307707363,False
10048,502,8,7.62527594884,False,0.062355923288699995,True,-0.0349916166373,-0.06673813414440001,-0.00438221085574,True
10049,502,9,6.29806230977,False,0.0641902224044,True,-0.0371526391304,-0.0690752418583,-0.00488501945384,True
10050,502,10,5.67851764418,False,0.0627087135726,True,-0.0369103770708,-0.0681777341824,-0.005469020609800001,True
10051,502,11,1.1635274306299999,False,0.0634002652635,True,-0.04741336469600001,-0.08090626983680001,-0.0175060045732,True
10052,502,12,1.3460971235199999,False,0.0573125228967,True,-0.044951320048199996,-0.0737848255688,-0.0164723026721,True
10053,502,13,1.79758925621,False,0.0565167181422,True,-0.0418858270555,-0.0687594643033,-0.0122427461611,True
10054,502,14,0.8947647136210001,False,0.05823499962309999,True,-0.0452432199943,-0.0738785219797,-0.0156435223565,True
10055,502,15,3.5699324533199994,False,0.05641519240349999,True,-0.0369314687746,-0.06427044440169999,-0.00785525199824,True
10056,502,16,1.16167123406,False,0.057115013496000004,True,-0.042127137697300004,-0.0703848351277,-0.0132698216317,True
10057,502,17,1.32156705677,False,0.057616440209300006,True,-0.043290759482899996,-0.0724767845198,-0.0148603443105,True
10058,502,18,0.181860686551,True,0.056377165119799996,True,-0.045953123337900005,-0.07375370060539999,-0.017376535485599996,True
10059,502,19,3.2914942823900004,False,0.0556550936931,True,-0.037001057342300005,-0.0648365459673,-0.00918145227423,True
10060,503,0,15.827875031400001,False,0.146135630854,False,-0.044981031172,-0.119565139554,0.0265704912995,False
10061,503,1,4.17455353816,False,0.10199095637599999,False,-0.0592833976755,-0.11076640624000002,-0.008775449864389998,True
10062,503,2,3.2383194550200005,False,0.08677834514089999,False,-0.054050086325599996,-0.09738972636060002,-0.010611381219699999,True
10063,503,3,7.2457059286300005,False,0.0783050500132,True,-0.042783439061199996,-0.0803280353141,-0.00202298530087,True
10064,503,4,5.34786854935,False,0.075958437569,True,-0.043947914411399995,-0.0823429164359,-0.00638447886694,True
10065,503,5,7.29523243998,False,0.07095004748660001,True,-0.038977231434,-0.0722454698403,-0.00129542235374,True
10066,503,6,1.89621668115,False,0.06958326425030001,True,-0.0498682227169,-0.085007065639,-0.015423801388700002,True
10067,503,7,0.385201640991,False,0.0673509582011,True,-0.0552891762334,-0.0894812471545,-0.022130288953400003,True
10068,503,8,1.2131950815,False,0.06240138587590001,True,-0.050625720629599996,-0.081593976262,-0.019192590386099998,True
10069,503,9,0.185545906904,True,0.0635078726083,True,-0.055705324661600004,-0.0884762254279,-0.024968352819599998,True
10070,503,10,0.0552431473429,True,0.0603466572091,True,-0.0553558551694,-0.0850886211982,-0.0247419639891,True
10071,503,11,0.19072281058899998,True,0.059540491355300006,True,-0.053411154292599995,-0.083745974452,-0.0242054830968,True
10072,503,12,0.0007302808019310002,True,0.0568569847513,True,-0.057164984074599995,-0.08560926206700001,-0.028752277315599997,True
10073,503,13,0.004668888350560001,True,0.057746467494,True,-0.060812226200299996,-0.0895700825891,-0.0318236150951,True
10074,503,14,0.269513800968,True,0.058370220565,True,-0.0542095102586,-0.0850892464425,-0.0267190258775,True
10075,503,15,0.0246680984226,True,0.055060989881499996,True,-0.05275212945180001,-0.08071187327910001,-0.025650883397599997,True
10076,503,16,2.06056322693e-06,True,0.0571884317002,True,-0.0615618250103,-0.09077038743280001,-0.0335819557326,True
10077,503,17,6.74071411609e-07,True,0.055482985211100004,True,-0.0590597388093,-0.0868853398359,-0.0314023546248,True
10078,503,18,0.00012648239388,True,0.05636713732009999,True,-0.0600832607468,-0.08870563423519999,-0.0323384969151,True
10079,503,19,0.014241539476299999,True,0.055647047109900004,True,-0.06445101573390001,-0.09110491614360001,-0.0354578690337,True
10080,504,0,33.7123418335,False,0.145893236236,False,-0.00248910207396,-0.074319627671,0.0715736085647,False
10081,504,1,44.3022338612,False,0.105168024032,False,-0.0061529573840699995,-0.060398273373,0.044769750658800005,False
10082,504,2,44.4878464811,False,0.089909711582,False,-0.014146104000200001,-0.0582082697889,0.0317014417931,False
10083,504,3,49.100283994399994,False,0.0790664670872,True,-0.0152258753957,-0.0571961722976,0.0218702947895,False
10084,504,4,18.245086615,False,0.0751771905725,True,-0.030345246704700003,-0.0664219616708,0.008755228901770001,False
10085,504,5,18.591468334400002,False,0.069608322421,True,-0.028949634298799997,-0.06280183262950001,0.0068064897915,False
10086,504,6,18.2741552915,False,0.0667670909055,True,-0.029166097781400002,-0.062390232461099995,0.0043768584443900005,False
10087,504,7,22.5051705746,False,0.06619497316959999,True,-0.026062149229999998,-0.061378833031900004,0.00481614013764,False
10088,504,8,14.0691633676,False,0.0641567159526,True,-0.031198847442900003,-0.0614147044561,0.0027420114964699996,False
10089,504,9,41.8858778077,False,0.06151423008240001,True,-0.0185156475704,-0.050595404152,0.0109188259304,False
10090,504,10,25.883753258200002,False,0.061760240869000005,True,-0.0232552275616,-0.0528225519139,0.00893768895513,False
10091,504,11,37.517755251,False,0.0600166742948,True,-0.0198530685408,-0.0508516669553,0.009165007339579999,False
10092,504,12,11.1826279902,False,0.057132357024099995,True,-0.030130903851200003,-0.057762255598300005,-0.000629898574215,True
10093,504,13,5.539078663380001,False,0.0589827040795,True,-0.0348690605037,-0.065374070134,-0.006391366054529999,True
10094,504,14,4.94984442049,False,0.0586559657433,True,-0.0360462446185,-0.06625875001630001,-0.00760278427299,True
10095,504,15,9.02469695991,False,0.0585112484401,True,-0.0318209266487,-0.059449274031400004,-0.0009380255913320001,True
10096,504,16,1.59667337118,False,0.05525250900780001,True,-0.041908580873800005,-0.07016242314469999,-0.014909914136900002,True
10097,504,17,0.6448756445220001,False,0.0586499563626,True,-0.0444272783005,-0.0748820663904,-0.0162321100278,True
10098,504,18,0.167435309733,True,0.05575884797569999,True,-0.048693846634099994,-0.07700650014510001,-0.021247652169400003,True
10099,504,19,0.65436059244,False,0.056141060320000005,True,-0.0464774020734,-0.0742595172672,-0.0181184569472,True
10100,505,0,3.1925194634099996,False,0.138082225002,False,-0.0787134629786,-0.148953908811,-0.010871683808600001,True
10101,505,1,4.7991642493199995,False,0.105240981885,False,-0.059580851409200004,-0.114217948826,-0.008976966941530001,True
10102,505,2,12.585375708699999,False,0.0894398586981,False,-0.0384208393147,-0.0822698538002,0.00717000489786,False
10103,505,3,1.4905397949899999,False,0.08053994917489998,False,-0.055041458063599995,-0.09576918459030001,-0.015229235415299998,True
10104,505,4,0.139455120583,True,0.0752214549143,True,-0.06602706707259999,-0.102821349353,-0.027599894439,True
10105,505,5,0.010293602511100002,True,0.07127273456069999,True,-0.0670292029583,-0.10527348556600001,-0.0340007510053,True
10106,505,6,0.00113556893382,True,0.06806477465289999,True,-0.07721017781110001,-0.112737490851,-0.0446727161984,True
10107,505,7,7.7791261492e-18,True,0.0662617837919,True,-0.0832741324009,-0.11615332951099999,-0.0498915457192,True
10108,505,8,2.82891298762e-16,True,0.06604629312680001,True,-0.0874939353036,-0.119463401974,-0.0534171088475,True
10109,505,9,6.11457540109e-05,True,0.0606113685369,True,-0.0721580140831,-0.101772680416,-0.04116131187930001,True
10110,505,10,0.0197486732036,True,0.0586591067821,True,-0.0651482180448,-0.0945273455702,-0.0358682387881,True
10111,505,11,2.7790328599e-05,True,0.058820169122699995,True,-0.0616754641686,-0.091729371087,-0.0329092019643,True
10112,505,12,2.23737614857e-05,True,0.0610902616414,True,-0.0670850386843,-0.09938190284600001,-0.0382916412046,True
10113,505,13,2.30955756363e-13,True,0.056995237852300006,True,-0.06675389979679999,-0.09432335900739999,-0.0373281211551,True
10114,505,14,1.56301923891e-09,True,0.05716800686509999,True,-0.0692274551886,-0.0975400465924,-0.0403720397273,True
10115,505,15,3.12883180843e-07,True,0.053986643937499995,True,-0.0660031149113,-0.09384828034579999,-0.0398616364082,True
10116,505,16,2.88842731354e-19,True,0.0574425629287,True,-0.0714603091587,-0.09993255317819999,-0.0424899902495,True
10117,505,17,1.13430779072e-20,True,0.055577680906300005,True,-0.07778901795460001,-0.104968887134,-0.0493912062281,True
10118,505,18,3.31728350695e-19,True,0.054860941802400004,True,-0.07650082847010001,-0.10421120925699999,-0.0493502674546,True
10119,505,19,1.43732486596e-25,True,0.05507879377230001,True,-0.0746255792216,-0.10207760936,-0.0469988155872,True
10120,506,0,12.5214103353,False,0.140483065708,False,-0.0541142060922,-0.127424147859,0.0130589178489,False
10121,506,1,13.1627293994,False,0.10497995252900001,False,-0.04404536738440001,-0.0977155964675,0.00726435606195,False
10122,506,2,5.111214715369999,False,0.0894183360943,False,-0.0508136431893,-0.0931961747302,-0.00377783863593,True
10123,506,3,0.653359954615,False,0.0781681096975,True,-0.058723868638000006,-0.0954538831371,-0.017285773439599996,True
10124,506,4,0.14469337918,True,0.0770534576582,True,-0.0673193538583,-0.10477138890599999,-0.0277179312482,True
10125,506,5,0.31417843079,True,0.0664881041234,True,-0.065312256294,-0.09915205427110002,-0.0326639501477,True
10126,506,6,1.22128361048,False,0.065090700651,True,-0.047659065567300006,-0.0808540305588,-0.015763329907799998,True
10127,506,7,1.0561309427399999,False,0.0632289573096,True,-0.0489002451176,-0.0820863821809,-0.0188574248713,True
10128,506,8,0.799844984584,False,0.0632304602341,True,-0.0494960015988,-0.0821767170599,-0.0189462568258,True
10129,506,9,1.2983474656,False,0.06203994229169999,True,-0.047498418216500006,-0.0782127771568,-0.0161728348651,True
10130,506,10,1.75216769844,False,0.0620829519527,True,-0.04428261552130001,-0.0758607683218,-0.0137778163692,True
10131,506,11,2.16342904689,False,0.059194913603499995,True,-0.0401239248897,-0.0703067231376,-0.0111118095341,True
10132,506,12,0.5646088081180001,False,0.0577127157756,True,-0.0477393527785,-0.07609679171080001,-0.0183840759352,True
10133,506,13,0.263942061898,True,0.05833780274019999,True,-0.052008430425199995,-0.0802258070945,-0.0218880043544,True
10134,506,14,0.006623118537399999,True,0.058401829879,True,-0.0615776876374,-0.0908702886836,-0.032468458804599996,True
10135,506,15,0.08520063696249999,True,0.057195150938200004,True,-0.0613682168669,-0.0896389191657,-0.032443768227499996,True
10136,506,16,0.00363168639739,True,0.0546103436047,True,-0.0629909326541,-0.0900119727424,-0.035401629137699994,True
10137,506,17,7.128130187829999e-11,True,0.05738813931890001,True,-0.0649835058232,-0.09220737403939999,-0.0348192347205,True
10138,506,18,0.006129297576520001,True,0.0563595560517,True,-0.05911895740209999,-0.08722364021989999,-0.0308640841681,True
10139,506,19,2.98271394937e-05,True,0.0561338279619,True,-0.059374787075,-0.0886466723306,-0.0325128443687,True
10140,507,0,32.0699532712,False,0.141438715568,False,-0.011062490077599999,-0.08523629907439999,0.0562024164934,False
10141,507,1,45.340239321999995,False,0.1063467141,False,-0.00374254510944,-0.056201693161500005,0.05014502093809999,False
10142,507,2,34.1317970894,False,0.09028812818399999,False,-0.0216257423404,-0.0665852497824,0.023702878401599996,False
10143,507,3,48.29462486600001,False,0.0825412849127,False,-0.012810967838600001,-0.054052890735099994,0.0284883941777,False
10144,507,4,34.7772924795,False,0.0727536439097,True,-0.0221469043444,-0.0576691220383,0.0150845218713,False
10145,507,5,15.4649772521,False,0.068336665792,True,-0.0316741682355,-0.0652443132194,0.0030923525726500004,False
10146,507,6,4.45771589732,False,0.0683510390988,True,-0.042077527472400005,-0.07331420855910001,-0.00496316946029,True
10147,507,7,6.570809215080001,False,0.0650620651776,True,-0.0360932120387,-0.0667999186776,-0.00173785350003,True
10148,507,8,3.09732964625,False,0.0636392363495,True,-0.041520159089300006,-0.07271048329030001,-0.00907124694071,True
10149,507,9,3.49186305143,False,0.0589219873094,True,-0.0388376953254,-0.06919125597589999,-0.010269268666499999,True
10150,507,10,4.23401852938,False,0.059933850565,True,-0.038481536462400004,-0.0699436791555,-0.0100098285905,True
10151,507,11,1.8436239246500001,False,0.0602113053756,True,-0.0454439460916,-0.0753093619136,-0.0150980565379,True
10152,507,12,0.645883945542,False,0.0585833343765,True,-0.045132532710499995,-0.0735364151956,-0.0149530808191,True
10153,507,13,0.0049392887821,True,0.0571655639141,True,-0.055040317106099995,-0.0839336975675,-0.0267681336534,True
10154,507,14,0.000259380206855,True,0.0578921877273,True,-0.0566105484291,-0.0862958378482,-0.028403650120900004,True
10155,507,15,2.6850399261299997e-14,True,0.0576676267839,True,-0.0672755877187,-0.09457643188100001,-0.0369088050971,True
10156,507,16,1.6680522186e-11,True,0.0579508867072,True,-0.0670716512851,-0.0979843005895,-0.0400334138823,True
10157,507,17,1.17648314122e-06,True,0.05675061169980001,True,-0.059773820864500005,-0.088245672072,-0.031495060372200005,True
10158,507,18,0.000391648823664,True,0.05696514436319999,True,-0.0604141176715,-0.0894244251888,-0.0324592808256,True
10159,507,19,1.14742347179e-08,True,0.0572424213966,True,-0.0616134925194,-0.0890806185111,-0.0318381971144,True
10160,508,0,12.8222466292,False,0.141451848729,False,-0.0503735929514,-0.118258340942,0.0231935077874,False
10161,508,1,8.97554835604,False,0.10285577536,False,-0.049654898145500004,-0.100518632552,0.00233714280811,False
10162,508,2,0.42879667105999997,False,0.089164217087,False,-0.06770559201880001,-0.11315658225400001,-0.0239923651669,True
10163,508,3,0.183539064064,True,0.0806045078327,False,-0.0722096355959,-0.115247097935,-0.0346425901021,True
10164,508,4,0.144116063185,True,0.0751590647433,True,-0.0665900851306,-0.10604902878799999,-0.0308899640446,True
10165,508,5,1.4428772929299998,False,0.0719686062693,True,-0.0525416633765,-0.0880772009758,-0.016108594706399998,True
10166,508,6,2.10353585077,False,0.0665696978109,True,-0.0465718098935,-0.07811645448589999,-0.011546756675,True
10167,508,7,12.4552053298,False,0.0659062270213,True,-0.031796530614499996,-0.0656590863266,0.00024714069466499997,False
10168,508,8,12.679153145299999,False,0.0616288787803,True,-0.0305564261299,-0.0615955416254,3.33371548971e-05,False
10169,508,9,20.016669764,False,0.061434170621499994,True,-0.026430230395900003,-0.056558959252399996,0.00487521136904,False
10170,508,10,6.7842196904,False,0.058869337017299996,True,-0.0342060564065,-0.0637507546337,-0.00488141761638,True
10171,508,11,1.32202243058,False,0.060283900835300004,True,-0.0435121820146,-0.07302292879380001,-0.012739027958500002,True
10172,508,12,1.23745098821,False,0.0596783911266,True,-0.04271958667,-0.07255795670639999,-0.012879565579799999,True
10173,508,13,1.03091420092,False,0.060755892212899995,True,-0.0474889678984,-0.0789937240937,-0.0182378318808,True
10174,508,14,0.44551500606000005,False,0.057474782608099996,True,-0.0496823870807,-0.0782026633677,-0.020727880759599998,True
10175,508,15,1.0940150473,False,0.058755516565800005,True,-0.0441985348118,-0.0728015751972,-0.0140460586314,True
10176,508,16,0.17140524145999997,True,0.056334177262900006,True,-0.049517667207,-0.07636886616050001,-0.0200346888976,True
10177,508,17,0.597647656889,False,0.0575450082611,True,-0.047321792655800006,-0.07572631562479999,-0.0181813073637,True
10178,508,18,0.548652646003,False,0.054458423202099995,True,-0.0492757200734,-0.0772796853237,-0.022821262121599996,True
10179,508,19,0.036938876882,True,0.0567546961938,True,-0.0538758086869,-0.0816033959099,-0.0248486997161,True
10180,509,0,11.5727681656,False,0.14206239328700002,False,-0.055135740341,-0.124573724389,0.017488668897900003,False
10181,509,1,0.192813110391,True,0.105253646769,False,-0.08580077584349999,-0.138239019704,-0.032985372934500004,True
10182,509,2,0.176103724987,True,0.0896189221243,False,-0.0827123963545,-0.126896565002,-0.037277642877800006,True
10183,509,3,0.216712375048,True,0.0806555076413,False,-0.0733089841645,-0.112752489816,-0.032096982175,True
10184,509,4,0.9672299404799999,False,0.0749395159797,True,-0.05709620334369999,-0.09493577527550001,-0.0199962592958,True
10185,509,5,1.7312240001299999,False,0.0710762536766,True,-0.0510451561531,-0.08697348292439999,-0.0158972292477,True
10186,509,6,0.289564074677,True,0.0680385723094,True,-0.05845688711159999,-0.09229893991049999,-0.024260367601,True
10187,509,7,6.61604696476e-07,True,0.0641513101327,True,-0.0695049680407,-0.102354812942,-0.0382035028092,True
10188,509,8,0.051747355302300006,True,0.0640156955753,True,-0.0629195827493,-0.0963172834387,-0.032301587863400004,True
10189,509,9,0.467034445331,False,0.0619085976535,True,-0.0510383190034,-0.0813776653533,-0.0194690676998,True
10190,509,10,0.610067963531,False,0.059310193527199996,True,-0.047123295235,-0.0764680005952,-0.017157807068000002,True
10191,509,11,1.223251985,False,0.058645231191,True,-0.041883892945300004,-0.0715773682311,-0.0129321370401,True
10192,509,12,0.714065625277,False,0.05748520365180001,True,-0.0461436368937,-0.073957587018,-0.0164723833662,True
10193,509,13,0.19421665787099998,True,0.0585333423374,True,-0.053292127723,-0.080261307347,-0.0217279650096,True
10194,509,14,0.00127689703972,True,0.0579617412782,True,-0.057864992994,-0.0871531118293,-0.0291913705511,True
10195,509,15,0.0547892264877,True,0.057938851144000006,True,-0.0584453674383,-0.08800424893410001,-0.030065397790099996,True
10196,509,16,5.97882071705e-05,True,0.057416888357600004,True,-0.0578584215618,-0.08601345618100001,-0.0285965678235,True
10197,509,17,0.00032447472265200003,True,0.0562634805114,True,-0.06255250217519999,-0.09094731181560001,-0.0346838313042,True
10198,509,18,9.60651494457e-08,True,0.0568732948805,True,-0.062279930322,-0.0910360229752,-0.0341627280947,True
10199,509,19,0.00014161401071399998,True,0.056937771263199995,True,-0.0633431762911,-0.0909280818547,-0.0339903105915,True
10200,510,0,0.551637495722,False,0.14613292372,False,-0.10682556388499999,-0.180219245383,-0.0340863216634,True
10201,510,1,1.0911092632,False,0.10597239057,False,-0.0729180182035,-0.129295289401,-0.0233228988301,True
10202,510,2,4.621442189230001,False,0.09237614663799999,False,-0.0524721463,-0.0948976608706,-0.00252151423259,True
10203,510,3,12.4763939256,False,0.07875249785360001,True,-0.037032295865,-0.0761108339656,0.00264166388797,False
10204,510,4,2.4865781600099996,False,0.0747934813265,True,-0.0478389380746,-0.0861029090384,-0.0113094277119,True
10205,510,5,4.82950702361,False,0.0696217912451,True,-0.04258523074659999,-0.07754744170280001,-0.00792565045771,True
10206,510,6,0.133962122544,True,0.0668829043953,True,-0.05943102759380001,-0.09421176788689999,-0.027328863491700002,True
10207,510,7,0.0196941081823,True,0.0643082776643,True,-0.0618546254529,-0.093930030907,-0.029621753242700003,True
10208,510,8,0.000958221431093,True,0.0631111081845,True,-0.06722057470750001,-0.10105776495100001,-0.0379466567667,True
10209,510,9,1.3333541683200001e-06,True,0.06139352202000001,True,-0.06839227015480001,-0.0996942193278,-0.0383006973078,True
10210,510,10,5.549651192940001e-10,True,0.0599364829999,True,-0.0727533898973,-0.103383129467,-0.0434466464673,True
10211,510,11,4.6855139106e-06,True,0.0597010639673,True,-0.0720784342098,-0.103806220261,-0.044105156294099994,True
10212,510,12,4.6547122311300004e-10,True,0.0591667547155,True,-0.07403911574830001,-0.10329757086100001,-0.04413081614569999,True
10213,510,13,2.12096594522e-07,True,0.0575606839166,True,-0.0692075444046,-0.09950771315130001,-0.0419470292347,True
10214,510,14,0.0010681479707,True,0.05655647524259999,True,-0.0567654314903,-0.0859040118285,-0.029347536585900003,True
10215,510,15,0.17897450239799997,True,0.0562952090703,True,-0.05387930478400001,-0.0827047178424,-0.0264095087721,True
10216,510,16,0.027597901752299998,True,0.0556340579901,True,-0.05577794445090001,-0.08408096776650001,-0.028446909776400003,True
10217,510,17,0.0013952092026199999,True,0.056158670396099994,True,-0.0612463155342,-0.0894042025578,-0.0332455321617,True
10218,510,18,5.48144072033e-07,True,0.0549671208254,True,-0.065998032954,-0.09412990421119999,-0.0391627833858,True
10219,510,19,2.24277060908e-06,True,0.0564221678165,True,-0.0649939325621,-0.0934443679964,-0.037022200179800006,True
10220,511,0,11.116942008099999,False,0.140671361446,False,-0.055418459951599996,-0.126372902106,0.014298459340500001,False
10221,511,1,17.8460026729,False,0.102132669551,False,-0.036242156875,-0.08753768009569998,0.0145949894557,False
10222,511,2,7.793506740630001,False,0.08701997313110002,False,-0.045683257037000005,-0.08770558418289999,-0.000685611051767,True
10223,511,3,16.1729782136,False,0.0809204749438,False,-0.0342409990825,-0.07593677682660001,0.00498369811727,False
10224,511,4,31.4667035575,False,0.07407438172280001,True,-0.0231859996129,-0.0614298218586,0.0126445598642,False
10225,511,5,30.5614928958,False,0.0736918703606,True,-0.023136459783900002,-0.0589041886796,0.014787681680999998,False
10226,511,6,5.45242385459,False,0.06931600181210001,True,-0.0405964605169,-0.0745948692699,-0.005278867457770001,True
10227,511,7,6.10225273553,False,0.0654622091466,True,-0.037758733775,-0.0712273645094,-0.00576515536284,True
10228,511,8,3.91445719852,False,0.0631126397557,True,-0.039674673510300004,-0.0698576669058,-0.00674502715009,True
10229,511,9,4.67278613578,False,0.060152210200100004,True,-0.036598984821800004,-0.0680017146337,-0.007849504433609999,True
10230,511,10,0.793129583194,False,0.058496420126,True,-0.046732806613699995,-0.0760009201724,-0.0175045000464,True
10231,511,11,3.26273137872,False,0.05877168994509999,True,-0.0387076530013,-0.0687310776251,-0.009959387679969999,True
10232,511,12,4.2439227300099995,False,0.0573658483455,True,-0.0368968179732,-0.0662968122118,-0.008930963866260001,True
10233,511,13,0.492894827727,False,0.057566853837,True,-0.0442707078732,-0.071822538765,-0.014255684927999999,True
10234,511,14,0.9065683197740001,False,0.0583572925581,True,-0.0443099778071,-0.0749008757004,-0.0165435831423,True
10235,511,15,0.6516336145180001,False,0.056451119523800004,True,-0.0451640495995,-0.0744606351158,-0.018009515592,True
10236,511,16,0.14268876566299998,True,0.0576284313727,True,-0.0550292982869,-0.0823320883351,-0.0247036569625,True
10237,511,17,1.75565737867e-05,True,0.0566709819434,True,-0.058399047880800005,-0.0881129805754,-0.031441998632,True
10238,511,18,0.000289721863674,True,0.056917805752099995,True,-0.054314205397699995,-0.0805783341972,-0.0236605284451,True
10239,511,19,0.0013803389949499998,True,0.0557461912438,True,-0.0565247403448,-0.08543802466320001,-0.0296918334194,True
10240,512,0,7.51995827599,False,0.14041303036,False,-0.0643261604224,-0.136076215059,0.00433681530054,False
10241,512,1,19.081490543399998,False,0.10287892411499999,False,-0.0351187420341,-0.0870244678069,0.0158544563081,False
10242,512,2,6.142656767159999,False,0.08895236167619999,False,-0.0494952341279,-0.0923981998944,-0.0034458382181999994,True
10243,512,3,0.765152201331,False,0.0765621792387,True,-0.0605212531568,-0.0973652218547,-0.020803042616000002,True
10244,512,4,0.36692151455099997,False,0.073430616037,True,-0.06564709974119999,-0.100378474168,-0.026947858130799997,True
10245,512,5,0.083307600576,True,0.0696738931129,True,-0.06883705385410001,-0.10380998361600001,-0.0341360905029,True
10246,512,6,0.0475520667846,True,0.065248948828,True,-0.0676409418278,-0.10150281756400001,-0.036253868736,True
10247,512,7,0.0603351507283,True,0.0643585039851,True,-0.06936197625439999,-0.100316778683,-0.035958274698,True
10248,512,8,8.648139351699999e-05,True,0.061070125589600004,True,-0.06830289566759999,-0.09940040281710001,-0.0383302772275,True
10249,512,9,0.0531490739783,True,0.0603468763396,True,-0.061579778908799995,-0.0919365731258,-0.0315896967862,True
10250,512,10,0.00214796615288,True,0.0628792637564,True,-0.0657007828266,-0.09752723429919999,-0.034647970542699996,True
10251,512,11,6.4432717241000006e-09,True,0.0593111598224,True,-0.0685654948278,-0.09895099009060002,-0.0396398302682,True
10252,512,12,0.19728429795000002,True,0.05858933053859999,True,-0.0635481790646,-0.0933649281903,-0.0347755976517,True
10253,512,13,0.0102881901851,True,0.058266318115499996,True,-0.06300245756919999,-0.091102981114,-0.0328366629985,True
10254,512,14,2.29155975586e-08,True,0.059642222184,True,-0.0612895800481,-0.0903041801745,-0.0306619579905,True
10255,512,15,0.0009135966005419999,True,0.0582057729261,True,-0.060674986995800005,-0.0913642722151,-0.033158499289099995,True
10256,512,16,0.160121653813,True,0.0554440636548,True,-0.052357794397300005,-0.0780620460708,-0.022617982415999997,True
10257,512,17,0.00108902623903,True,0.0542966881078,True,-0.053970585333000004,-0.0811681132392,-0.0268714251314,True
10258,512,18,3.92189442443e-05,True,0.0552652848147,True,-0.0597782275381,-0.0881195084679,-0.032854223653199996,True
10259,512,19,0.0634317625722,True,0.055417276422499995,True,-0.0543575925627,-0.0825241843738,-0.0271069079513,True
10260,513,0,2.9172211895399998,False,0.140215908572,False,-0.0812961693117,-0.146606827725,-0.006390919153399999,True
10261,513,1,1.7763402086400002,False,0.10373101471799999,False,-0.0703439894486,-0.123323902752,-0.0195928880335,True
10262,513,2,0.09021153383910001,True,0.088333398937,False,-0.0789304080522,-0.124347852139,-0.036014453202300005,True
10263,513,3,3.38196540436,False,0.0779017478542,True,-0.048716931074400005,-0.08783763407260001,-0.0099358862184,True
10264,513,4,3.3012754402999995,False,0.0750198826853,True,-0.046722655169799995,-0.0832878251071,-0.0082679424218,True
10265,513,5,5.0033116635,False,0.0696836185158,True,-0.041387513204800004,-0.0745907900407,-0.00490717152488,True
10266,513,6,3.19125107658,False,0.0671336050378,True,-0.0441157549144,-0.0777433351055,-0.010609730067700001,True
10267,513,7,7.234156399289999,False,0.0617950804825,True,-0.035711993810300005,-0.0655372669569,-0.0037421864744000004,True
10268,513,8,6.96057043887,False,0.06204919486549999,True,-0.035798255318199995,-0.0660752141548,-0.004026019289280001,True
10269,513,9,3.21331753378,False,0.06078709209009999,True,-0.03975632278,-0.06875339288219999,-0.00796630079203,True
10270,513,10,2.0318158572200002,False,0.0589980745744,True,-0.0430487403804,-0.0727336035983,-0.013735529023799998,True
10271,513,11,0.284304056903,True,0.0587548477283,True,-0.052491369724900004,-0.0806867028212,-0.0219318550929,True
10272,513,12,0.66834705883,False,0.0577133659191,True,-0.0481099193709,-0.0758165985348,-0.018103232615700002,True
10273,513,13,0.074282954744,True,0.0577733686901,True,-0.0496755774052,-0.07769603249149999,-0.019922663801400002,True
10274,513,14,0.08111330785,True,0.0570433315252,True,-0.0516120212593,-0.0773334907577,-0.0202901592325,True
10275,513,15,2.34603347674e-06,True,0.057101025745099995,True,-0.0603689937746,-0.089376255383,-0.0322752296379,True
10276,513,16,0.021894015032200002,True,0.0595250357116,True,-0.0583811405036,-0.08735945269739999,-0.0278344169858,True
10277,513,17,0.08691938102739999,True,0.0596371211845,True,-0.0591669737194,-0.0892592329501,-0.0296221117656,True
10278,513,18,1.6406824133699998e-07,True,0.05561566875659999,True,-0.064119626602,-0.0928774459895,-0.0372617772329,True
10279,513,19,6.71475458104e-07,True,0.0571079599359,True,-0.0624796853325,-0.091451651773,-0.034343691837,True
10280,514,0,21.2962478102,False,0.140593661502,False,-0.0340556192561,-0.105101211863,0.0354924496386,False
10281,514,1,40.7926622884,False,0.102849273739,False,-0.0125641268876,-0.064237781566,0.0386114921734,False
10282,514,2,26.8715148354,False,0.08671058456260002,False,-0.028084029607599998,-0.0722624179772,0.014448166585500001,False
10283,514,3,15.6578870823,False,0.0783499200303,True,-0.034358274435,-0.07344046377739999,0.00490945625287,False
10284,514,4,6.90904199119,False,0.0747835454157,True,-0.0406318567505,-0.0769689154207,-0.00218537000503,True
10285,514,5,6.6602200295700005,False,0.0699925950609,True,-0.039371862786199995,-0.07431738976300001,-0.004324794702109999,True
10286,514,6,26.0781172427,False,0.06731186887980001,True,-0.024559405597,-0.0579524313038,0.009359437576069999,False
10287,514,7,38.5146640615,False,0.06561890146169999,True,-0.018918362055,-0.050630419378,0.014988482083600001,False
10288,514,8,32.1925983107,False,0.06404503602020001,True,-0.021895484644999998,-0.0542167395383,0.009828296481850001,False
10289,514,9,37.4196414925,False,0.061801448064599994,True,-0.019520975091,-0.05213400731890001,0.009667440745719999,False
10290,514,10,17.6330186817,False,0.0609896188904,True,-0.027621385679599996,-0.056504673183399995,0.0044849457069799994,False
10291,514,11,23.138676964699997,False,0.060756557042199996,True,-0.025443792124299997,-0.0553526070455,0.005403949996720001,False
10292,514,12,33.2629506215,False,0.059185480818800006,True,-0.0211266604457,-0.0514226016881,0.007762879130729999,False
10293,514,13,23.5525481501,False,0.05695980451569999,True,-0.0238827921862,-0.0524555095292,0.00450429498647,False
10294,514,14,9.8778236253,False,0.0559788294231,True,-0.030151149110000004,-0.057479765606399995,-0.0015009361833499997,True
10295,514,15,15.2399825746,False,0.059932579765800006,True,-0.028454969106799996,-0.0568193674802,0.0031132122855500005,False
10296,514,16,7.616727941410001,False,0.05680934586019999,True,-0.0318730167535,-0.060169405831100004,-0.00336005997091,True
10297,514,17,12.872940746600001,False,0.0594851555872,True,-0.029502925386299998,-0.0604963699467,-0.00101121435951,True
10298,514,18,10.9262155538,False,0.057524748633,True,-0.029873312510599995,-0.0578896492454,-0.00036490061240400005,True
10299,514,19,11.7819967735,False,0.0553549273964,True,-0.029825568043,-0.058857609770000006,-0.00350268237359,True
10300,515,0,25.9238661548,False,0.145291206463,False,-0.0259233753896,-0.100989025302,0.0443021811613,False
10301,515,1,6.619230786369999,False,0.103892463916,False,-0.0523958933234,-0.108544120415,-0.00465165649918,True
10302,515,2,16.8018932169,False,0.0866828925112,False,-0.034500856943699997,-0.0789941335928,0.007688758918359999,False
10303,515,3,41.5572596437,False,0.0777435903327,True,-0.018598512287599997,-0.0566836204021,0.021059969930599998,False
10304,515,4,13.9201366106,False,0.07500104703919999,True,-0.0338647948252,-0.07066660552069999,0.00433444151846,False
10305,515,5,9.933007513049999,False,0.0695108710294,True,-0.03492964732,-0.0685265253422,0.0009843456872180001,False
10306,515,6,13.8887318265,False,0.0648828248616,True,-0.031504932710199995,-0.062444571695099996,0.00243825316652,False
10307,515,7,24.661596089,False,0.0640201271671,True,-0.0246177195132,-0.0563925122059,0.0076276149612,False
10308,515,8,10.468964330599999,False,0.0629022183205,True,-0.0319451380224,-0.0634766552536,-0.000574436933041,True
10309,515,9,5.05465322287,False,0.061130081541099994,True,-0.036727988771300006,-0.0673987128021,-0.006268631261,True
10310,515,10,0.26517750469900003,True,0.058290829149199995,True,-0.0515963077375,-0.0800565241922,-0.021765695043,True
10311,515,11,0.58399751591,False,0.0588083443933,True,-0.04645139563180001,-0.0753118215383,-0.0165034771449,True
10312,515,12,1.35751823604,False,0.0577553177952,True,-0.045318190526900004,-0.0740886988181,-0.016333381023,True
10313,515,13,0.190936683673,True,0.0593145633969,True,-0.0530014351082,-0.0834390448077,-0.0241244814108,True
10314,515,14,0.00176635228329,True,0.0581404134567,True,-0.05749211668330001,-0.08787347431800001,-0.029733060861200002,True
10315,515,15,0.0024319868365500004,True,0.0577127119987,True,-0.059784270048699996,-0.0893084751385,-0.031595763139800004,True
10316,515,16,3.48893034329e-05,True,0.057969537490300004,True,-0.0605280285554,-0.0896046186537,-0.031635081163400004,True
10317,515,17,0.000445612126265,True,0.056212286047900004,True,-0.05946370092130001,-0.08907195565639998,-0.0328596696085,True
10318,515,18,2.8340809823099997e-07,True,0.059685543925,True,-0.06286277668689999,-0.0937323402005,-0.0340467962755,True
10319,515,19,5.8681854159599995e-09,True,0.057020793369000004,True,-0.0648522655317,-0.093621306788,-0.036600513418999996,True
10320,516,0,35.3720034101,False,0.14152655947599999,False,0.0006704417738400001,-0.0699292420353,0.0715973174412,False
10321,516,1,44.5270790601,False,0.102212953562,False,-0.00737953287357,-0.0552805367287,0.0469324168334,False
10322,516,2,35.6497172136,False,0.08750494310779999,False,-0.021030850375700003,-0.0655314248623,0.0219735182455,False
10323,516,3,27.8005383642,False,0.0790923670281,True,-0.025301645236999997,-0.0644559562927,0.0146364107354,False
10324,516,4,30.058335797399998,False,0.0711594654434,True,-0.0234126319488,-0.0578524197985,0.0133070456449,False
10325,516,5,15.269612110499999,False,0.0683194834409,True,-0.0315634146682,-0.0668215963181,0.00149788712277,False
10326,516,6,9.34588099109,False,0.06534574070190001,True,-0.0341492637752,-0.0674129860609,-0.00206724535906,True
10327,516,7,4.447929284280001,False,0.0648554070315,True,-0.0403622092482,-0.0708288305804,-0.00597342354892,True
10328,516,8,5.7265921276,False,0.0628587467367,True,-0.0376792049353,-0.0703510638952,-0.00749231715854,True
10329,516,9,12.2247736815,False,0.0623422641807,True,-0.0314517334847,-0.06178051526430001,0.0005617489163049999,False
10330,516,10,18.5611867007,False,0.059011761575100005,True,-0.0268271355254,-0.057251342972,0.00176041860307,False
10331,516,11,6.84698612669,False,0.0619202201806,True,-0.036122690307199994,-0.0671292889589,-0.0052090687783199995,True
10332,516,12,7.58658434768,False,0.0601398830299,True,-0.0341181617256,-0.0649866787729,-0.00484679574306,True
10333,516,13,4.5076309021,False,0.057859486434000004,True,-0.0374328703955,-0.065887605524,-0.00802811909001,True
10334,516,14,2.32576882613,False,0.0585712999715,True,-0.0398601109453,-0.0691353551372,-0.010564055165799998,True
10335,516,15,2.31194204364,False,0.058288875524699996,True,-0.0397470803885,-0.06945201116060001,-0.011163135636,True
10336,516,16,2.2156220964099997,False,0.0560474474664,True,-0.0398749150338,-0.06730213246,-0.0112546849936,True
10337,516,17,0.902310776202,False,0.0589477202227,True,-0.0451975116663,-0.07430716259510001,-0.015359442372399999,True
10338,516,18,0.198288444704,True,0.0569952075531,True,-0.0512988315106,-0.0804947417663,-0.023499534213200002,True
10339,516,19,0.092864632472,True,0.054154003483800006,True,-0.0490354894917,-0.0743013849336,-0.020147381449700002,True
10340,517,0,10.6588968263,False,0.139495694586,False,-0.05664244653869999,-0.122263670602,0.0172320239838,False
10341,517,1,7.679352389910001,False,0.103544031283,False,-0.0509894163744,-0.104234822883,-0.000690791599805,True
10342,517,2,1.27745247957,False,0.0879995718025,False,-0.0612706658789,-0.105069937451,-0.0170703656488,True
10343,517,3,0.140997124259,True,0.0793309019207,True,-0.0663911917557,-0.109495743119,-0.0301648411981,True
10344,517,4,0.0043860239468599994,True,0.0734571080356,True,-0.0762760757191,-0.112952327716,-0.0394952196806,True
10345,517,5,0.137175196137,True,0.0712148949113,True,-0.0662497263732,-0.10000948535700001,-0.0287945904459,True
10346,517,6,0.046627113663099996,True,0.0669289973387,True,-0.0628620674111,-0.09621078795730001,-0.029281790618599996,True
10347,517,7,0.045026995160499995,True,0.0650975768441,True,-0.0590926951154,-0.0911767916043,-0.0260792147602,True
10348,517,8,0.409433225493,False,0.063264565959,True,-0.0563561452012,-0.0878786440239,-0.024614078065,True
10349,517,9,0.0139432888036,True,0.06177766572269999,True,-0.0579189130362,-0.08895872973089998,-0.0271810640082,True
10350,517,10,5.8803797163e-05,True,0.0620744680073,True,-0.0624807441197,-0.09397220081089999,-0.0318977328036,True
10351,517,11,0.0110414977832,True,0.0594769793632,True,-0.0567306781923,-0.0851071535169,-0.0256301741537,True
10352,517,12,0.0008026778136739999,True,0.0572358799694,True,-0.062315712918600004,-0.09175815201950001,-0.0345222720501,True
10353,517,13,0.00211536220852,True,0.057517500922999995,True,-0.063258464874,-0.0916308751093,-0.0341133741863,True
10354,517,14,3.49612454945e-05,True,0.0572487121045,True,-0.0615695889627,-0.09079631951139999,-0.03354760740690001,True
10355,517,15,0.0370591376766,True,0.058938093629700004,True,-0.0630069097942,-0.0930973212708,-0.0341592276411,True
10356,517,16,1.1048702543600002e-10,True,0.0568260651396,True,-0.0675699610941,-0.09408625688349999,-0.0372601917439,True
10357,517,17,1.989505314e-19,True,0.054834660182499995,True,-0.0703362766802,-0.0970375970248,-0.042202936842300004,True
10358,517,18,1.38739288472e-16,True,0.054929617451599994,True,-0.0715619220361,-0.097743843389,-0.0428142259374,True
10359,517,19,8.233102560850001e-17,True,0.055944488577,True,-0.0718850587788,-0.09960390420189999,-0.043659415625,True
10360,518,0,31.3212159606,False,0.144442958975,False,0.0106120269226,-0.0649932715816,0.0794496873939,False
10361,518,1,41.6688375707,False,0.104478086263,False,-0.0123110085515,-0.0677180508001,0.0367600354634,False
10362,518,2,43.608503525699994,False,0.08769812731210001,False,-0.0161664126977,-0.0610536348224,0.0266444924897,False
10363,518,3,56.932871415600005,False,0.0780577509288,True,-0.00724137128896,-0.0460059587868,0.0320517921421,False
10364,518,4,57.0080539,False,0.0731815016864,True,-0.0107128536207,-0.0475951169084,0.025586384778,False
10365,518,5,35.424534508200004,False,0.07121450823639999,True,-0.0206732212276,-0.0563368583175,0.0148776499189,False
10366,518,6,31.5349529102,False,0.0661058946969,True,-0.0220525185482,-0.0575463647262,0.00855952997078,False
10367,518,7,12.888612908199999,False,0.0636602803186,True,-0.031863429901900005,-0.0626567221272,0.00100355819139,False
10368,518,8,38.6097905181,False,0.061352138590500004,True,-0.0208885153791,-0.05088850957169999,0.010463629018799998,False
10369,518,9,25.313613986700002,False,0.0635372388077,True,-0.025510282055900002,-0.0577238172417,0.00581342156599,False
10370,518,10,13.601681024100001,False,0.0597736650591,True,-0.0295228479288,-0.0594514927786,0.000322172280489,False
10371,518,11,10.2962526528,False,0.060449293624099995,True,-0.032006590431,-0.061804662517599994,-0.0013553688934699998,True
10372,518,12,6.63133103466,False,0.056577791019800004,True,-0.0332495374599,-0.0618327870375,-0.005254996017729999,True
10373,518,13,2.45607835537,False,0.057716290208199995,True,-0.0395975012808,-0.0697068057958,-0.0119905155876,True
10374,518,14,5.1568388564,False,0.0577825434939,True,-0.0352311549404,-0.062442783454099995,-0.00466023996018,True
10375,518,15,2.7300351942299996,False,0.0555031748518,True,-0.0398106712407,-0.0678669486692,-0.012363773817399998,True
10376,518,16,2.1104337724,False,0.0573044930732,True,-0.041519166073,-0.070268010816,-0.0129635177428,True
10377,518,17,1.20863947344,False,0.0561580572234,True,-0.0410267584376,-0.0673472189688,-0.0111891617454,True
10378,518,18,1.59910029916,False,0.054200642747200004,True,-0.039657301744800005,-0.0662714574875,-0.0120708147403,True
10379,518,19,1.64699084425,False,0.0549093730814,True,-0.0410872119807,-0.06981896167650001,-0.014909588595,True
10380,519,0,31.512472094099998,False,0.135978599832,False,0.015679959643700003,-0.055511002776,0.0804675970564,False
10381,519,1,15.938259314300002,False,0.103341948946,False,-0.0402524689901,-0.09167645355000001,0.011665495395599999,False
10382,519,2,3.42025962142,False,0.0901580375356,False,-0.0548047678108,-0.0985705711491,-0.00841253361349,True
10383,519,3,8.5329947137,False,0.0779080107697,True,-0.0408811656065,-0.0790427657063,-0.0011347549366,True
10384,519,4,10.388155126900001,False,0.07436904869639999,True,-0.0364007948505,-0.0745844920177,-0.00021544332127200003,True
10385,519,5,16.1942867154,False,0.070828266354,True,-0.0312715049121,-0.0659147788324,0.00491348752162,False
10386,519,6,5.2732081725099995,False,0.0689393281145,True,-0.0403914908656,-0.0749123642151,-0.005973036100579999,True
10387,519,7,6.885192814560001,False,0.0647920926016,True,-0.037125873419699994,-0.0685457564004,-0.00375366379883,True
10388,519,8,3.71072511016,False,0.0619149940656,True,-0.0397352738849,-0.0698240675439,-0.00790907347837,True
10389,519,9,2.24248136235,False,0.0598762712516,True,-0.0409315101473,-0.07073662396819999,-0.0108603527166,True
10390,519,10,4.3414753982,False,0.0617767132152,True,-0.039897759865099997,-0.0729614686888,-0.011184755473599999,True
10391,519,11,4.61924065957,False,0.058550385174699994,True,-0.037039567664900006,-0.0675945528029,-0.009044167628200001,True
10392,519,12,5.05600763595,False,0.0591941548257,True,-0.0356960243719,-0.0667858477932,-0.00759169296749,True
10393,519,13,2.58151839312,False,0.057088588817099994,True,-0.0388747375373,-0.0670378023625,-0.00994921354534,True
10394,519,14,2.96314534577,False,0.0587576113096,True,-0.0416022779732,-0.0704847614815,-0.0117271501719,True
10395,519,15,2.2897574782,False,0.05928653325950001,True,-0.040020917249400004,-0.0719284507421,-0.0126419174827,True
10396,519,16,0.93446602881,False,0.0580364592192,True,-0.0442444455466,-0.0738125351496,-0.0157760759304,True
10397,519,17,0.461427123005,False,0.05383701414369999,True,-0.046578696193699996,-0.0719192686173,-0.0180822544736,True
10398,519,18,0.152808563643,True,0.0557634197801,True,-0.05299371386,-0.0804637965438,-0.0247003767637,True
10399,519,19,0.0245573020262,True,0.0578631053833,True,-0.0553519115497,-0.0852104494382,-0.027347344054900004,True
10400,520,0,13.0073547193,False,0.141590290249,False,-0.0523186851536,-0.123288492924,0.018301797325099997,False
10401,520,1,4.85929372879,False,0.103490259719,False,-0.056775424415999996,-0.110186468535,-0.006696208815369999,True
10402,520,2,5.806295176080001,False,0.0897763461662,False,-0.048684341037099996,-0.0930251615632,-0.0032488153970100003,True
10403,520,3,1.6449755008700002,False,0.07859176569660001,True,-0.0537787946315,-0.09107826031060001,-0.012486494614,True
10404,520,4,10.1592534384,False,0.0778584305624,True,-0.038120541217900004,-0.0787726352254,-0.000914204662972,True
10405,520,5,3.90596407626,False,0.0702982889613,True,-0.0420072319475,-0.0793393520661,-0.00904106310474,True
10406,520,6,4.04637516714,False,0.0677923800569,True,-0.0416570836867,-0.07662839690499999,-0.008836016848120002,True
10407,520,7,2.6368184388099998,False,0.0651115491464,True,-0.0452233750779,-0.07625342687539999,-0.011141877728899999,True
10408,520,8,0.0567393420603,True,0.0613735950839,True,-0.058588110400400004,-0.08972544222539999,-0.0283518471415,True
10409,520,9,0.080168341709,True,0.0617975507585,True,-0.056850360578600004,-0.08667275246760002,-0.024875201709099997,True
10410,520,10,0.432342633074,False,0.061187530762900004,True,-0.052828314928099994,-0.08319085796339999,-0.0220033272005,True
10411,520,11,0.220642959439,True,0.060807416473900006,True,-0.0534637372254,-0.0846678549793,-0.0238604385054,True
10412,520,12,0.500858095856,False,0.059271623247600005,True,-0.047604227476,-0.07749206649830001,-0.018220443250700002,True
10413,520,13,0.22181976309300003,True,0.057357500436699994,True,-0.04972053433180001,-0.07811521879760001,-0.020757718360900002,True
10414,520,14,0.420024974824,False,0.058020142043,True,-0.048235465570599996,-0.07832412865550001,-0.020303986612499998,True
10415,520,15,0.319104407291,True,0.0562502915453,True,-0.052912434337,-0.0827112593315,-0.0264609677862,True
10416,520,16,0.17741697916700003,True,0.056809308044,True,-0.0521584806619,-0.08065389327719999,-0.023844585233200002,True
10417,520,17,0.45660212960600005,False,0.0557739453587,True,-0.047030114206800006,-0.07461384537660001,-0.0188399000179,True
10418,520,18,0.874392868405,False,0.05678622004409999,True,-0.04569723821380001,-0.074923849322,-0.0181376292779,True
10419,520,19,0.5500397798860001,False,0.0579454454954,True,-0.0475494211218,-0.0788295038578,-0.0208840583624,True
10420,521,0,15.975720784100002,False,0.137165381591,False,-0.044822247785099995,-0.112424801513,0.0247405800784,False
10421,521,1,9.15722418497,False,0.10590707023399999,False,-0.0496132293264,-0.101379954454,0.00452711578071,False
10422,521,2,1.30824690525,False,0.09057027625660001,False,-0.0626614282649,-0.107264059649,-0.016693783392499998,True
10423,521,3,1.0144066202600002,False,0.077676957933,True,-0.05809002520269999,-0.0957613736607,-0.0180844157277,True
10424,521,4,0.382170751563,False,0.0762742088363,True,-0.060503606655,-0.09919142366689998,-0.0229172148306,True
10425,521,5,0.888989388428,False,0.0678989313776,True,-0.050933056392299995,-0.08485601748410002,-0.0169570861065,True
10426,521,6,1.28796107992,False,0.0653423387087,True,-0.049295265107000004,-0.0833961356062,-0.0180537968975,True
10427,521,7,2.63207602523,False,0.0643037287348,True,-0.04292409976480001,-0.0759078576707,-0.0116041289359,True
10428,521,8,3.7185396795199996,False,0.0615557576722,True,-0.039840336942300006,-0.0708518394674,-0.00929608179523,True
10429,521,9,2.3056661598400003,False,0.06237263674890001,True,-0.041539131423199996,-0.0706199186648,-0.00824728191593,True
10430,521,10,0.9508864886049999,False,0.0613352415625,True,-0.0475279429562,-0.0768958292591,-0.0155605876966,True
10431,521,11,1.06113172454,False,0.0596075148962,True,-0.0459887884329,-0.07492678712760001,-0.015319272231299998,True
10432,521,12,0.9912354780660001,False,0.05896488946430001,True,-0.0453624112678,-0.0751020780943,-0.01613718863,True
10433,521,13,0.776759802551,False,0.0578963002145,True,-0.04555543140959999,-0.07525156595160001,-0.0173552657371,True
10434,521,14,0.5142694910369999,False,0.0580935141329,True,-0.049072846873900004,-0.0777536590583,-0.019660144925400004,True
10435,521,15,0.701219742455,False,0.0586972207789,True,-0.0512429071356,-0.0806092584414,-0.021912037662499998,True
10436,521,16,0.0029971122850799997,True,0.0565000041826,True,-0.0554333528079,-0.0847283574532,-0.028228353270600002,True
10437,521,17,0.295408690174,True,0.0552465745245,True,-0.04797769271169999,-0.0743349163971,-0.019088341872599997,True
10438,521,18,0.0087934182515,True,0.0566227009689,True,-0.052325686659199996,-0.0804459326994,-0.0238232317304,True
10439,521,19,0.000568847400981,True,0.0550157149593,True,-0.058864842011299996,-0.0866668201915,-0.0316511052322,True
10440,522,0,30.092072192199996,False,0.142339635537,False,-0.019292539076499998,-0.08741968171589999,0.05491995382130001,False
10441,522,1,5.709352336649999,False,0.10791006145899999,False,-0.0565548594042,-0.11083420034199999,-0.00292413888278,True
10442,522,2,4.32878812916,False,0.0862228137485,False,-0.0515892255214,-0.095891339721,-0.00966852597252,True
10443,522,3,24.146216727,False,0.0796262962457,True,-0.0284427579057,-0.06778659881810001,0.0118396974275,False
10444,522,4,39.0566133888,False,0.0750432963662,True,-0.0199446240248,-0.05789023170609999,0.0171530646602,False
10445,522,5,15.7282340868,False,0.0699728933522,True,-0.031124528784699998,-0.0662594930251,0.0037134003270700004,False
10446,522,6,0.862149505402,False,0.0665681950846,True,-0.049155271148100005,-0.0823437988593,-0.0157756037747,True
10447,522,7,0.699277527217,False,0.0632925976365,True,-0.0557436081625,-0.0876043240553,-0.0243117264189,True
10448,522,8,0.21213239040999998,True,0.0624742524158,True,-0.059743875680300006,-0.09020505638139999,-0.027730803965599998,True
10449,522,9,0.10068156331700001,True,0.06160019272999999,True,-0.0632780546276,-0.09381986053880001,-0.0322196678088,True
10450,522,10,0.104807550456,True,0.0584681982307,True,-0.054497614661400004,-0.083247983193,-0.024779784962299996,True
10451,522,11,1.26532393309e-09,True,0.0604506445482,True,-0.0694727163728,-0.100148169453,-0.03969752490469999,True
10452,522,12,0.0031495823078000005,True,0.056218643177500006,True,-0.06252324456019999,-0.09136835576060001,-0.0351497125831,True
10453,522,13,1.40776598527e-05,True,0.0566581679141,True,-0.0586352055714,-0.08718388019439999,-0.0305257122803,True
10454,522,14,0.21712371651299997,True,0.0584834340981,True,-0.0617428397104,-0.0927680282694,-0.0342845941713,True
10455,522,15,2.71581217889e-10,True,0.0548337751286,True,-0.0645373500201,-0.0921127218887,-0.037278946760199994,True
10456,522,16,0.12601274663599998,True,0.0566657832215,True,-0.0635881714211,-0.0909931127108,-0.0343273294893,True
10457,522,17,3.6002658228500002e-19,True,0.0602474995716,True,-0.0738198859632,-0.102108985115,-0.0418614855436,True
10458,522,18,1.27785167052e-21,True,0.056973812835099995,True,-0.0755752141625,-0.10469561392200001,-0.0477218010871,True
10459,522,19,1.06888810293e-12,True,0.055713989999099996,True,-0.0679004211658,-0.0949522247277,-0.0392382347286,True
10460,523,0,31.4914945219,False,0.139958569607,False,-0.0152163449572,-0.08268424901160001,0.0572743205954,False
10461,523,1,13.8695795451,False,0.102055660461,False,-0.0428956079915,-0.09409348457000001,0.00796217589115,False
10462,523,2,13.0742050597,False,0.0877796827677,False,-0.0391150670933,-0.081997977438,0.005781705329689999,False
10463,523,3,10.193340024600001,False,0.0789309536943,True,-0.040107426732000004,-0.0800502849568,-0.00111933126254,True
10464,523,4,7.71743349719,False,0.0741393764902,True,-0.0398619977472,-0.0775491021366,-0.0034097256464400002,True
10465,523,5,13.4015466154,False,0.06977402374,True,-0.032317035676099996,-0.06691980129099999,0.0028542224490700004,False
10466,523,6,2.60569837905,False,0.0698144096586,True,-0.044854534961599996,-0.0798112111984,-0.00999680153984,True
10467,523,7,0.899200855365,False,0.0644306945979,True,-0.0496525759261,-0.0816893206057,-0.0172586260078,True
10468,523,8,0.352911391893,False,0.0605940053477,True,-0.05134120731340001,-0.0815696139648,-0.020975608617,True
10469,523,9,0.09001183017799999,True,0.0625018607941,True,-0.0550701917048,-0.08558548428719999,-0.0230836234931,True
10470,523,10,0.843617617212,False,0.0631301791344,True,-0.04791164487869999,-0.0799470621605,-0.016816883026100002,True
10471,523,11,0.39451267594800005,False,0.0598487178811,True,-0.04790645889740001,-0.07750249303,-0.017653775148900003,True
10472,523,12,0.17395385050999998,True,0.0599241705451,True,-0.052399411079199994,-0.0803584890686,-0.0204343185235,True
10473,523,13,0.00015172688744600002,True,0.0579016894959,True,-0.0644877112372,-0.0922781563061,-0.0343764668102,True
10474,523,14,5.08747943047e-05,True,0.0583942481486,True,-0.06542762014209999,-0.0934602750882,-0.035066026939599995,True
10475,523,15,5.6167731076400005e-14,True,0.0557267606283,True,-0.0720874434277,-0.09921244712369999,-0.0434856864953,True
10476,523,16,0.000208220013713,True,0.0566703146119,True,-0.0658382761976,-0.09423615946080001,-0.037565844849,True
10477,523,17,2.69880055282e-07,True,0.0583318968715,True,-0.06318162356580001,-0.09276331003419999,-0.0344314131627,True
10478,523,18,2.90475506878e-05,True,0.0566252325392,True,-0.06242541663890001,-0.0912126430548,-0.0345874105156,True
10479,523,19,1.16697387989e-13,True,0.054865882519100004,True,-0.0653835424796,-0.0923468354856,-0.037480952966499996,True
10480,524,0,20.6069578943,False,0.13825729294000003,False,0.0373906554085,-0.0254720855208,0.11278520741900001,False
10481,524,1,43.4360160169,False,0.101542468346,False,-0.0101572152342,-0.0603702510929,0.0411722172533,False
10482,524,2,50.6727627276,False,0.08781418737780002,False,-0.0078069612771899995,-0.0485272041991,0.0392869831787,False
10483,524,3,40.82681787,False,0.0799329692426,True,-0.0186332117205,-0.0600400304802,0.0198929387624,False
10484,524,4,58.3866332534,False,0.0761263868183,True,-0.00825022958336,-0.046609031335,0.0295173554832,False
10485,524,5,40.0831719252,False,0.06947921544499999,True,-0.0189362483408,-0.0543450728271,0.015134142617899998,False
10486,524,6,11.3744830022,False,0.0683646986421,True,-0.0341687478305,-0.06947704451289999,-0.0011123458707899998,True
10487,524,7,11.2013257928,False,0.064155334218,True,-0.0323218922961,-0.0661759262289,-0.00202059201095,True
10488,524,8,5.33049807215,False,0.061907857828699994,True,-0.0380867987747,-0.06883733761260001,-0.00692947978389,True
10489,524,9,2.17085204035,False,0.0604984267265,True,-0.0417435085868,-0.0711809656617,-0.010682538935200001,True
10490,524,10,6.10927892255,False,0.0627226922345,True,-0.036267700544,-0.0674309253455,-0.00470823311096,True
10491,524,11,1.36336186289,False,0.058336968633500005,True,-0.044336178396300004,-0.07207817432519999,-0.0137412056917,True
10492,524,12,2.0004721020700003,False,0.0596050604882,True,-0.0431779659753,-0.0740835281277,-0.0144784676395,True
10493,524,13,1.9821339320599998,False,0.0603458818055,True,-0.0439902297733,-0.0752764921668,-0.014930610361299999,True
10494,524,14,0.5643027588130001,False,0.0577270414928,True,-0.0450959409197,-0.07242749337,-0.0147004518772,True
10495,524,15,0.973399217108,False,0.057253495024,True,-0.0444919902443,-0.07453435202389999,-0.0172808569999,True
10496,524,16,0.655496566122,False,0.0556505146326,True,-0.0479205350237,-0.07596890583169999,-0.0203183911992,True
10497,524,17,0.0066132395972399996,True,0.056985617655300004,True,-0.0559138621999,-0.0818714470911,-0.0248858294358,True
10498,524,18,0.0441799314426,True,0.057749326199,True,-0.052685957077,-0.0801591293717,-0.0224098031727,True
10499,524,19,2.6496102048200003e-07,True,0.0555096719597,True,-0.0608000011751,-0.0880599199803,-0.0325502480206,True
10500,525,0,11.072815096,False,0.136560726882,False,-0.051492190671499995,-0.11861615275800001,0.0179445741237,False
10501,525,1,19.6519594058,False,0.10577369318600001,False,-0.0363294696896,-0.0891588772287,0.0166148159569,False
10502,525,2,8.335127592280001,False,0.0886934176868,False,-0.046489876290199995,-0.09086416004619999,-0.00217074235942,True
10503,525,3,2.1389220287099997,False,0.0796822513256,True,-0.0568120690424,-0.0967788389669,-0.0170965876413,True
10504,525,4,5.5540869683,False,0.0729444485951,True,-0.0421888574407,-0.0802653340515,-0.0073208854563999995,True
10505,525,5,5.8905779244400005,False,0.07163045597249999,True,-0.0418556280297,-0.0769175972558,-0.00528714128336,True
10506,525,6,0.297072631975,True,0.0663784516023,True,-0.057104913101,-0.08935523646980001,-0.022976784867500002,True
10507,525,7,2.7489180610400004,False,0.0638958379993,True,-0.042984724349600004,-0.07420383653460001,-0.0103079985353,True
10508,525,8,1.73099616605,False,0.0626293587218,True,-0.0471479981097,-0.0807364939376,-0.0181071352158,True
10509,525,9,0.352007237109,False,0.06015270864019999,True,-0.049718986146,-0.0787332789905,-0.0185805703503,True
10510,525,10,2.06883480513,False,0.060640931135800005,True,-0.04256825946830001,-0.0725118378052,-0.0118709066694,True
10511,525,11,1.9660671369799998,False,0.0609445758076,True,-0.0437276114059,-0.0758309354172,-0.0148863596096,True
10512,525,12,4.61827407822,False,0.059975044477699996,True,-0.0395172584163,-0.0706256776117,-0.010650633134000002,True
10513,525,13,2.59729688381,False,0.0576940348183,True,-0.040164806855699994,-0.0692329618793,-0.011538927061100001,True
10514,525,14,2.52624995115,False,0.0564731990785,True,-0.039289578367699994,-0.0673732791102,-0.010900080031600002,True
10515,525,15,4.01310091573,False,0.0569418665749,True,-0.0380158041714,-0.0664714252717,-0.00952955869675,True
10516,525,16,1.57044351272,False,0.057125437000199994,True,-0.0419208058306,-0.0713224603591,-0.0141970233589,True
10517,525,17,1.95666450612,False,0.057259328563099995,True,-0.0399062713565,-0.0688433591022,-0.0115840305391,True
10518,525,18,1.47072334787,False,0.055269761886999995,True,-0.0404147691475,-0.0682141102167,-0.0129443483296,True
10519,525,19,0.109522110458,True,0.0578373054043,True,-0.0510819011378,-0.0801201678173,-0.022282862413,True
10520,526,0,23.7566856027,False,0.141359435699,False,-0.0288195565545,-0.0982872887943,0.0430721469047,False
10521,526,1,31.9249230275,False,0.10325601129499999,False,-0.0237187185803,-0.07829429133110001,0.024961719964099998,False
10522,526,2,4.83221030891,False,0.0896271338277,False,-0.050578872024800006,-0.09507629643549999,-0.00544916260786,True
10523,526,3,2.69882249548,False,0.0775759197658,True,-0.0495068789824,-0.08588644563430001,-0.00831052586854,True
10524,526,4,12.621805078900001,False,0.0739685224012,True,-0.0370118545004,-0.0727168967365,0.0012516256646700002,False
10525,526,5,8.002649807260001,False,0.0713405127265,True,-0.0386490074177,-0.07485318936369999,-0.00351267663721,True
10526,526,6,19.535604005499998,False,0.0689222647569,True,-0.0290418662062,-0.0645144493455,0.00440781541145,False
10527,526,7,9.5762497229,False,0.0660146027135,True,-0.0346655386324,-0.067377121963,-0.00136251924948,True
10528,526,8,15.827497940299999,False,0.061917228256900006,True,-0.0296302078052,-0.06081223950569999,0.00110498875118,False
10529,526,9,16.6130316696,False,0.0599732870484,True,-0.027547620002200002,-0.0570310380179,0.0029422490304200004,False
10530,526,10,34.2718249646,False,0.06272064151580001,True,-0.0210059285402,-0.0522350044035,0.010485637112299998,False
10531,526,11,19.6007231514,False,0.05955464168980001,True,-0.0262463987873,-0.054656540653999997,0.00489810103582,False
10532,526,12,16.997070228800002,False,0.058317062066099996,True,-0.026572334996099997,-0.0575097985571,0.0008072635090010001,False
10533,526,13,10.2527005623,False,0.058312656106699993,True,-0.031400799222300005,-0.061477520334900004,-0.0031648642282500004,True
10534,526,14,3.80275955242,False,0.057659079011900004,True,-0.037210334916199996,-0.0658598680216,-0.008200789009689999,True
10535,526,15,3.2430974263800003,False,0.0576703645058,True,-0.038634822658300004,-0.0656465658134,-0.007976201307600001,True
10536,526,16,0.41880089079000005,False,0.0556737403749,True,-0.0436089890543,-0.070447421041,-0.0147736806661,True
10537,526,17,1.10123913293,False,0.0564175454865,True,-0.045302536475599994,-0.07199403327430001,-0.015576487787799999,True
10538,526,18,0.228644814862,True,0.056309535901499994,True,-0.049587424954199995,-0.0779546012464,-0.0216450653448,True
10539,526,19,0.189487994322,True,0.056678731338800005,True,-0.048519635192200004,-0.0790294828691,-0.022350751530400004,True
10540,527,0,16.7472979594,False,0.143625904858,False,-0.041370806449099996,-0.10916750953,0.0344583953282,False
10541,527,1,32.61928835,False,0.101187756265,False,-0.0205366180102,-0.0712579730985,0.029929783166,False
10542,527,2,37.0178157514,False,0.0878607394149,False,-0.019870085144200002,-0.06283852663150001,0.025022212783400003,False
10543,527,3,7.21633169742,False,0.0809828962922,False,-0.0442045017677,-0.08785444444460001,-0.00687154815235,True
10544,527,4,11.0155860147,False,0.0712486256992,True,-0.0351256378036,-0.070153808618,0.0010948170812000002,False
10545,527,5,14.092545926800002,False,0.0689584512577,True,-0.0322254326127,-0.0657616191802,0.0031968320775,False
10546,527,6,5.776079816619999,False,0.06618342981599999,True,-0.0387419279408,-0.0739148990899,-0.00773146927396,True
10547,527,7,6.18425582875,False,0.064269312483,True,-0.0376955927244,-0.0682414675554,-0.00397215507246,True
10548,527,8,3.63030214226,False,0.0625325284053,True,-0.0397754985171,-0.0695094422531,-0.00697691384777,True
10549,527,9,2.1546214897900002,False,0.0597170945357,True,-0.041244407415999995,-0.07079721865739999,-0.011080124121700001,True
10550,527,10,2.17987162266,False,0.0606196655574,True,-0.0432555129194,-0.07310645490069999,-0.0124867893432,True
10551,527,11,1.1659188766600002,False,0.0595806608152,True,-0.0442812679802,-0.0731487726087,-0.0135681117935,True
10552,527,12,0.8068827102959999,False,0.058208339588,True,-0.045175038705599996,-0.0758147632787,-0.0176064236907,True
10553,527,13,1.253670348,False,0.0580163222309,True,-0.04261739377069999,-0.071077718045,-0.013061395814100001,True
10554,527,14,0.6272127357399999,False,0.0593235107013,True,-0.047208015713,-0.0785096237424,-0.0191861130411,True
10555,527,15,1.4106440462799998,False,0.0583315225025,True,-0.045334589384699996,-0.07215813422939998,-0.0138266117269,True
10556,527,16,0.194140630671,True,0.057332996515600004,True,-0.050898671486,-0.07871488343460001,-0.0213818869191,True
10557,527,17,0.0389788072031,True,0.0553381767963,True,-0.058427001490000005,-0.08756922722819999,-0.032231050432,True
10558,527,18,4.054370166430001e-06,True,0.0555217828289,True,-0.062054695307599994,-0.08916254573039999,-0.0336407629015,True
10559,527,19,1.1081060843e-06,True,0.0559025228761,True,-0.06462884697240001,-0.0924597334891,-0.0365572106131,True
10560,528,0,11.7249916727,False,0.14804538971200001,False,-0.053511174820600006,-0.129368058973,0.018677330738400003,False
10561,528,1,16.1518944956,False,0.104344857476,False,-0.0393130234776,-0.09164714035329999,0.0126977171225,False
10562,528,2,4.17985749133,False,0.08779784113160001,False,-0.0517955881817,-0.0962939538809,-0.00849611274925,True
10563,528,3,0.866585296327,False,0.07921880039260001,True,-0.060068979732999996,-0.09734982611310002,-0.018131025720500002,True
10564,528,4,0.532173169216,False,0.0737781821139,True,-0.06202513919969999,-0.099805791608,-0.026027609494099997,True
10565,528,5,0.0355592486787,True,0.068364438949,True,-0.06275152426609999,-0.09690435177110002,-0.0285399128221,True
10566,528,6,0.238430297887,True,0.0668715252178,True,-0.0605643827886,-0.094947167324,-0.0280756421062,True
10567,528,7,0.10815286173699999,True,0.0624846402249,True,-0.054473708356599995,-0.0867650686234,-0.0242804283984,True
10568,528,8,0.0442172983091,True,0.06303124009580001,True,-0.060681800438099995,-0.09222571850889999,-0.0291944784131,True
10569,528,9,0.8298576738410001,False,0.060011868858,True,-0.0531451821293,-0.0843116583762,-0.024299789518300002,True
10570,528,10,1.0605683959899999,False,0.0617562947458,True,-0.0447919930745,-0.0777908094236,-0.0160345146778,True
10571,528,11,1.57332858894,False,0.0605475157763,True,-0.0441589198205,-0.075972089134,-0.0154245733577,True
10572,528,12,4.59556143374,False,0.0591384290024,True,-0.036983047305900005,-0.0664716892287,-0.007333260226350001,True
10573,528,13,1.07168203703,False,0.05749290482009999,True,-0.0444023222186,-0.07182880718389999,-0.0143359023637,True
10574,528,14,1.4964220363499998,False,0.0581885371446,True,-0.0426835943392,-0.07269899835560001,-0.014510461210900001,True
10575,528,15,1.76884208132,False,0.060477440644699995,True,-0.042259508085199994,-0.07224313782860001,-0.0117656971839,True
10576,528,16,0.8335189337700001,False,0.0585062605224,True,-0.0460792448356,-0.0744551974113,-0.0159489368889,True
10577,528,17,0.00378156788232,True,0.0553934108157,True,-0.0570440793285,-0.0843436080373,-0.0289501972215,True
10578,528,18,0.000154934343841,True,0.0564896301568,True,-0.0568005578542,-0.0831598780742,-0.026670247917499997,True
10579,528,19,6.934859066229999e-11,True,0.0566800024075,True,-0.0655246866597,-0.09484206999320001,-0.038162067585699996,True
10580,529,0,24.866247120900002,False,0.145650775376,False,-0.030014251048200002,-0.10522690274,0.0404238726368,False
10581,529,1,8.65962343639,False,0.103748755768,False,-0.050883976587300005,-0.100628043992,0.00312071177634,False
10582,529,2,5.735006665680001,False,0.0867739381838,False,-0.04753830995080001,-0.0919770780338,-0.005203139850010001,True
10583,529,3,0.320388363711,True,0.08019664337589999,False,-0.07153136249360001,-0.11411177089400001,-0.0339151275181,True
10584,529,4,6.2016684916600004,False,0.0750304188075,True,-0.0417744106495,-0.08219060308889999,-0.0071601842814,True
10585,529,5,1.42833221856,False,0.06895735268349999,True,-0.050406244459499996,-0.08267231754399999,-0.013714964860499999,True
10586,529,6,2.54339323593,False,0.0676989143929,True,-0.04320719924330001,-0.07768884717389998,-0.00998993278094,True
10587,529,7,1.33299028102,False,0.0625118649844,True,-0.04671393107940001,-0.07857422704969999,-0.016062362065299998,True
10588,529,8,1.72506093384,False,0.060586708694400006,True,-0.04669889705580001,-0.07746917508119999,-0.016882466386799997,True
10589,529,9,0.534067539815,False,0.0612813992621,True,-0.0527595190927,-0.0837629886933,-0.0224815894312,True
10590,529,10,0.10684152486300001,True,0.06083716543269999,True,-0.058388592831899996,-0.0863663512642,-0.0255291858315,True
10591,529,11,0.00280218979027,True,0.0595120158803,True,-0.0579937577107,-0.0870551421597,-0.0275431262794,True
10592,529,12,0.290168822198,True,0.06045741575619999,True,-0.062100304359800004,-0.0949175456239,-0.0344601298677,True
10593,529,13,0.00016302349840299998,True,0.058600501389600004,True,-0.0649887563526,-0.09565218872980001,-0.0370516873402,True
10594,529,14,2.4776985212400003e-08,True,0.05718691478540001,True,-0.0642066367456,-0.0940229436955,-0.0368360289101,True
10595,529,15,8.87930492042e-07,True,0.0577051825182,True,-0.0734426634599,-0.10185778703500001,-0.044152604517,True
10596,529,16,4.90854943307e-12,True,0.0571587552448,True,-0.0764502131316,-0.104242584276,-0.047083829031300005,True
10597,529,17,9.724160061629999e-20,True,0.0564103077885,True,-0.0796956174581,-0.10770400302300001,-0.051293695234699996,True
10598,529,18,7.446359550349999e-33,True,0.055192355585699994,True,-0.0781916812853,-0.104494108139,-0.0493017525533,True
10599,529,19,5.300725312469999e-19,True,0.0578973761938,True,-0.07965275170689999,-0.107122673968,-0.049225297774099994,True
10600,530,0,0.265598148918,True,0.138007667758,False,-0.11778204823699999,-0.188219045911,-0.0502113781532,True
10601,530,1,0.019443057996099997,True,0.104486969714,False,-0.10410168108100001,-0.152276609011,-0.047789639296900006,True
10602,530,2,1.01328234084e-05,True,0.08705471148160002,False,-0.10445321276000001,-0.14710647617,-0.0600517646886,True
10603,530,3,0.155014892303,True,0.0788357491843,True,-0.0835297017232,-0.12112063912599999,-0.0422848899414,True
10604,530,4,0.155309505273,True,0.0745395419912,True,-0.0776592101621,-0.11416142127999998,-0.0396218792885,True
10605,530,5,0.00363829586896,True,0.0725866542729,True,-0.076658229374,-0.113274122379,-0.040687468106400004,True
10606,530,6,0.190901547004,True,0.0675901293337,True,-0.0573379553166,-0.0931279367333,-0.025537807399599998,True
10607,530,7,0.567881883562,False,0.0658905716124,True,-0.055095622924499994,-0.0888473654728,-0.0229567938604,True
10608,530,8,0.859203065402,False,0.060810623216000004,True,-0.04940461216249999,-0.0808083029815,-0.0199976797655,True
10609,530,9,0.595169479471,False,0.0600951729634,True,-0.051802813127,-0.0830390772991,-0.0229439043357,True
10610,530,10,0.192702326063,True,0.059988625078600005,True,-0.0534874593689,-0.0843394984325,-0.0243508733539,True
10611,530,11,0.00034800921881,True,0.0600761586527,True,-0.057964808438999996,-0.08800171444360001,-0.027925555790900003,True
10612,530,12,9.7358581749e-09,True,0.05886242559069999,True,-0.0602342106785,-0.09046987817579999,-0.0316074525851,True
10613,530,13,0.0527384060394,True,0.058226702872099995,True,-0.0582511070113,-0.0881639816684,-0.029937278796200003,True
10614,530,14,0.00835428964826,True,0.0570688222131,True,-0.0555919225804,-0.08478434587210001,-0.027715523659,True
10615,530,15,0.185823698538,True,0.056917191429199994,True,-0.0533667139002,-0.08278843124139999,-0.0258712398122,True
10616,530,16,0.357415596192,False,0.054805859313000006,True,-0.0494981894276,-0.0757301391181,-0.020924279805,True
10617,530,17,0.07744639513839999,True,0.057975194573300005,True,-0.0528240752575,-0.0798943503652,-0.0219191557919,True
10618,530,18,0.256853548096,True,0.0564061718049,True,-0.051005797592199996,-0.0797446634287,-0.0233384916238,True
10619,530,19,0.0342227190638,True,0.055417238980400005,True,-0.05245224051519999,-0.08041019387569999,-0.0249929548953,True
10620,531,0,0.778010545761,False,0.13955586963199998,False,-0.0996362439267,-0.16908486269,-0.0295289930578,True
10621,531,1,0.171795371491,True,0.103218328379,False,-0.0846506589154,-0.136693539217,-0.0334752108376,True
10622,531,2,2.0062554698599997,False,0.0856609114373,False,-0.0590823350028,-0.101505199341,-0.015844287904100002,True
10623,531,3,16.9161643811,False,0.081314603375,False,-0.0335188139314,-0.0723238946413,0.008990708733729999,False
10624,531,4,6.545760190859999,False,0.073359668742,True,-0.041262247968300005,-0.0774706597207,-0.00411099097875,True
10625,531,5,7.34167996369,False,0.068049631638,True,-0.0385339654275,-0.0725301586916,-0.00448052705357,True
10626,531,6,3.5445540693199997,False,0.0673573772758,True,-0.0442754345001,-0.0791928177583,-0.0118354404825,True
10627,531,7,5.35297472519,False,0.0650202360975,True,-0.0381321567481,-0.0701730044993,-0.0051527684018100005,True
10628,531,8,4.0832020925300005,False,0.0628674928096,True,-0.0405520729527,-0.0732118170297,-0.0103443242201,True
10629,531,9,1.91269681474,False,0.0640832017912,True,-0.0449001477724,-0.0774796079023,-0.013396406111099999,True
10630,531,10,3.37960646676,False,0.060077624282900005,True,-0.0386398573971,-0.0688285152306,-0.00875089094772,True
10631,531,11,2.7031912572400003,False,0.0599091610826,True,-0.039955095098,-0.0714443766655,-0.011535215582999999,True
10632,531,12,1.76633475655,False,0.061111821759800004,True,-0.044054345686599994,-0.07503973717910001,-0.013927915419299998,True
10633,531,13,0.41324193873099996,False,0.057408477482199995,True,-0.0500414269671,-0.07965334825039999,-0.0222448707682,True
10634,531,14,1.25746066911,False,0.058553139870800006,True,-0.0444265727489,-0.07431005809449999,-0.0157569182237,True
10635,531,15,1.8338414408400001,False,0.0570879547825,True,-0.0417373702715,-0.0699978915969,-0.0129099368144,True
10636,531,16,0.38256173291699996,False,0.0552331485655,True,-0.0491859648864,-0.07762217082930001,-0.022389022263799997,True
10637,531,17,0.590980436483,False,0.05631470102800001,True,-0.046459711536300005,-0.07565752008439999,-0.019342819056400003,True
10638,531,18,0.565742275868,False,0.05635765325119999,True,-0.04925844389219999,-0.0790470213682,-0.022689368116999998,True
10639,531,19,0.08529412901339999,True,0.0566951235333,True,-0.0507835520758,-0.0794295576648,-0.022734434131400003,True
10640,532,0,30.951742714899996,False,0.138119258507,False,-0.0179064253586,-0.08298421814439999,0.0551350403624,False
10641,532,1,15.7354157079,False,0.105494733054,False,-0.0397729234089,-0.0937091561544,0.011785576899299998,False
10642,532,2,2.24023971737,False,0.0889319197961,False,-0.057953393284900005,-0.10334825235600001,-0.0144163325597,True
10643,532,3,1.1528711569299999,False,0.0798578046101,True,-0.060512314241199995,-0.102319019453,-0.0224612148427,True
10644,532,4,0.518967622362,False,0.0734270461585,True,-0.0555372312284,-0.0906156943516,-0.0171886481931,True
10645,532,5,0.426125599155,False,0.0679016248001,True,-0.0542406097526,-0.087836946809,-0.0199353220089,True
10646,532,6,0.608526257228,False,0.0679061835093,True,-0.0554279193735,-0.08973442746089999,-0.0218282439515,True
10647,532,7,1.6019940593900002,False,0.0655352853928,True,-0.0461188594846,-0.0799016047551,-0.014366319362299998,True
10648,532,8,1.27257351838,False,0.0628449926534,True,-0.047002578193100004,-0.0784507744202,-0.015605781766800001,True
10649,532,9,1.1741226260200002,False,0.060364550046,True,-0.043483290065400006,-0.0729306159597,-0.012566065913799999,True
10650,532,10,2.8692393090599997,False,0.0591094794166,True,-0.0390269806299,-0.0684161825193,-0.00930670310273,True
10651,532,11,0.5905847411590001,False,0.0609377647996,True,-0.0499694990405,-0.0806852532852,-0.0197474884855,True
10652,532,12,0.337725676145,False,0.059526518808199994,True,-0.0549728071524,-0.0829944446309,-0.023467925822700002,True
10653,532,13,0.48159562450800003,False,0.0600139435381,True,-0.0524555964013,-0.08187950308339999,-0.021865559545299996,True
10654,532,14,0.6613570705240001,False,0.06004972541809999,True,-0.0484676392564,-0.0784311256594,-0.0183814002414,True
10655,532,15,0.159424655238,True,0.058867233547,True,-0.0557205813939,-0.0849347652331,-0.0260675316861,True
10656,532,16,0.0145811663902,True,0.056239525881,True,-0.0555751244563,-0.0829544063369,-0.0267148804559,True
10657,532,17,0.171276164205,True,0.0572677501669,True,-0.052841473775300005,-0.0816890153617,-0.024421265194799997,True
10658,532,18,0.05863529122,True,0.0553702300688,True,-0.0581732054524,-0.0854112804755,-0.0300410504067,True
10659,532,19,2.13604751777e-05,True,0.0550287231589,True,-0.060209447697099995,-0.08698719669569999,-0.031958473536799994,True
10660,533,0,14.969510513800001,False,0.147620472058,False,-0.048684217645899995,-0.121066736728,0.026553735330599997,False
10661,533,1,0.574461589038,False,0.10908454851399998,False,-0.080773276634,-0.132597384357,-0.023512835842400003,True
10662,533,2,1.0997676559899998,False,0.08796664007989999,False,-0.06286934614919999,-0.10809245005899999,-0.0201258099792,True
10663,533,3,0.248374163048,True,0.07831696548980001,True,-0.0627077267856,-0.100953496428,-0.022636530938200002,True
10664,533,4,0.06785738819880001,True,0.07315267164469999,True,-0.06948366986719999,-0.105904722155,-0.032752050510000005,True
10665,533,5,1.1651070676100002,False,0.07083719040519999,True,-0.055861782718099995,-0.0907991908917,-0.0199620004865,True
10666,533,6,0.37040292456100005,False,0.06747754774230001,True,-0.0575400965549,-0.091931521076,-0.024453973333700002,True
10667,533,7,1.3627108865900002,False,0.0646410794657,True,-0.04613072193540001,-0.07810141397130001,-0.0134603345056,True
10668,533,8,1.4604251130099999,False,0.06321304008669999,True,-0.046441542371399996,-0.07659617466730001,-0.013383134580600002,True
10669,533,9,0.22176772247200002,True,0.0607650408221,True,-0.0508753473141,-0.0813225475892,-0.020557506767099998,True
10670,533,10,0.11903972303400001,True,0.061627707074,True,-0.0602939897623,-0.09153660082689999,-0.029908893752900005,True
10671,533,11,0.293962761246,True,0.059999292606199996,True,-0.055540600962500006,-0.0867200261751,-0.026720733569,True
10672,533,12,0.0398268257081,True,0.0591094143911,True,-0.0550914448429,-0.0843333370988,-0.025223922707700002,True
10673,533,13,0.0354249495165,True,0.0612839112005,True,-0.0579671395037,-0.08839713512880001,-0.027113223928299998,True
10674,533,14,2.89183536052e-05,True,0.0588802435898,True,-0.06381152301080001,-0.0942938804245,-0.035413636834699995,True
10675,533,15,5.600937442439999e-07,True,0.0557137823669,True,-0.06929668398519999,-0.09850062207969999,-0.042786839712899996,True
10676,533,16,3.0367296538600004e-07,True,0.0586067313335,True,-0.0673365541416,-0.0987073069586,-0.0401005756251,True
10677,533,17,1.8350345757e-11,True,0.0587566675918,True,-0.07144415309550001,-0.10282707916000002,-0.044070411568,True
10678,533,18,0.00148116543888,True,0.0552551863822,True,-0.0664050930733,-0.0936663742916,-0.038411187909499996,True
10679,533,19,1.11566471375e-13,True,0.0569601811753,True,-0.0685470548122,-0.09639585926449999,-0.039435678089199996,True
10680,534,0,19.1085481527,False,0.136330954269,False,-0.041949010650699996,-0.11276324528100001,0.023567708988099997,False
10681,534,1,43.498007092799995,False,0.10324632478199999,False,-0.010375811929700001,-0.0620777977532,0.0411685270286,False
10682,534,2,42.963225773599994,False,0.0870677589547,False,-0.0155194915796,-0.0610826281234,0.025985130831299996,False
10683,534,3,51.9521096425,False,0.08099314546589999,False,-0.010596868737500001,-0.0543544185445,0.0266387269213,False
10684,534,4,30.2364777127,False,0.07438429382230001,True,-0.0239873808963,-0.060976104705099995,0.013408189117199999,False
10685,534,5,14.892890771600001,False,0.0683673462134,True,-0.031175998184799998,-0.06606710720390001,0.00230023900952,False
10686,534,6,11.539461599100001,False,0.06458016866380001,True,-0.0327623693687,-0.06588601268159999,-0.00130584401779,True
10687,534,7,25.7066699513,False,0.0639915996079,True,-0.0246699324339,-0.0581600733601,0.0058315262477400005,False
10688,534,8,38.7494969288,False,0.0630382337212,True,-0.0197037034468,-0.0516506795082,0.011387554213,False
10689,534,9,23.868109847399996,False,0.0630067824988,True,-0.0243874430967,-0.054615670821199995,0.008391111677649998,False
10690,534,10,18.0446860203,False,0.060398263754,True,-0.027998128142,-0.0569433833604,0.00345488039361,False
10691,534,11,1.1341533156899999,False,0.059110020074699995,True,-0.044956508997300006,-0.074718456792,-0.015608436717299999,True
10692,534,12,0.406681422796,False,0.0579945476279,True,-0.0473819324708,-0.0767448363262,-0.0187502886983,True
10693,534,13,0.22287095528200002,True,0.0579207303845,True,-0.047558193489699994,-0.0761501489618,-0.018229418577299997,True
10694,534,14,0.390141299959,False,0.0562452296161,True,-0.0486191856256,-0.07759942306510001,-0.021354193448999997,True
10695,534,15,0.09581745347489999,True,0.056438592527700004,True,-0.0592663873542,-0.0879420330508,-0.031503440523099994,True
10696,534,16,0.08842192279130001,True,0.0573268799381,True,-0.058635063144100004,-0.0887543725418,-0.0314274926037,True
10697,534,17,7.10677712251e-05,True,0.0564499645202,True,-0.0551719033691,-0.0827337172445,-0.0262837527243,True
10698,534,18,0.0077996481528800005,True,0.055983592836999996,True,-0.0625002406147,-0.09090220412589999,-0.0349186112889,True
10699,534,19,4.98703419171e-06,True,0.0567551400572,True,-0.06876954672119999,-0.0976042684764,-0.0408491284193,True
10700,535,0,18.1496640487,False,0.14157544800799998,False,-0.0407353215384,-0.10820891315400001,0.033366534854099995,False
10701,535,1,8.50467094371,False,0.10243312799399999,False,-0.049085647472400004,-0.098890734116,0.0035423938777500003,False
10702,535,2,27.5063676223,False,0.0888243932241,False,-0.0265448801798,-0.07010516399689999,0.018719229227200002,False
10703,535,3,30.3381664869,False,0.0793763793507,True,-0.0255827044692,-0.0652023549517,0.014174024399000002,False
10704,535,4,48.0052961713,False,0.071836060075,True,-0.0159516652717,-0.0503384046595,0.021497655415500003,False
10705,535,5,38.924420983699996,False,0.0705316582645,True,-0.019890529310599998,-0.0567770187056,0.013754639559,False
10706,535,6,60.6656242749,False,0.0669062193562,True,-0.0118107165295,-0.0466743357212,0.020231883635,False
10707,535,7,60.167151035799996,False,0.064548634948,True,-0.011217817115499998,-0.0444298434172,0.020118791530799998,False
10708,535,8,34.9498417117,False,0.0619346743686,True,-0.020088334011,-0.051737178476099994,0.0101974958925,False
10709,535,9,48.959093173599996,False,0.0622184890876,True,-0.0156471547859,-0.0477315827775,0.014486906310100002,False
10710,535,10,40.441861431599996,False,0.0610768403055,True,-0.0183698928311,-0.0482218080125,0.012855032293,False
10711,535,11,16.3297432596,False,0.060182980729599996,True,-0.0275353193347,-0.0570458922767,0.00313708845288,False
10712,535,12,15.9886168458,False,0.0579210395762,True,-0.0284307535059,-0.05666035603080001,0.00126068354532,False
10713,535,13,16.1771018352,False,0.0575616060963,True,-0.0277417387215,-0.05679663924119999,0.000764966855056,False
10714,535,14,12.225905943599999,False,0.057423691571199996,True,-0.0299383588371,-0.0588419290304,-0.00141823745923,True
10715,535,15,8.310815328939999,False,0.058658752126599996,True,-0.0329347046118,-0.0623428358029,-0.00368408367626,True
10716,535,16,10.0359222597,False,0.057825062715,True,-0.030522139785799998,-0.0604482605099,-0.00262319779491,True
10717,535,17,1.95587866167,False,0.0564165965769,True,-0.04001147962880001,-0.0672782403753,-0.010861643798400001,True
10718,535,18,2.76436324389,False,0.0564817446357,True,-0.0381744799715,-0.0653173320742,-0.00883558743843,True
10719,535,19,5.45338336105,False,0.056300592549199995,True,-0.035221771968400005,-0.06420661922450001,-0.00790602667533,True
10720,536,0,35.9306339058,False,0.138471724302,False,-0.007069564289169999,-0.07508503909400001,0.0633866852077,False
10721,536,1,27.451850031,False,0.10095681796599999,False,-0.028254639734900003,-0.0815112778078,0.0194455401586,False
10722,536,2,34.2917618509,False,0.08568097495380002,False,-0.022967751838099997,-0.0672496892323,0.0184312857215,False
10723,536,3,5.10772783897,False,0.08110346629760001,False,-0.0457630915262,-0.08736501844419998,-0.00626155214652,True
10724,536,4,2.0502595595099997,False,0.0736343060894,True,-0.049248872535300005,-0.0875419620164,-0.013907655926999999,True
10725,536,5,4.238003930940001,False,0.0677130984976,True,-0.04322524696959999,-0.0772940874732,-0.00958098897567,True
10726,536,6,0.939646110591,False,0.0660331969281,True,-0.0494022898463,-0.0837631370374,-0.0177299401093,True
10727,536,7,0.131682879713,True,0.0652587159876,True,-0.0544229196775,-0.0876537135321,-0.0223949975445,True
10728,536,8,0.0691371438379,True,0.06432164172299999,True,-0.061778401884,-0.0916154051622,-0.027293763439099998,True
10729,536,9,0.0584720519755,True,0.063933255015,True,-0.0625211694462,-0.092494698717,-0.0285614437021,True
10730,536,10,0.0036303732829699995,True,0.0592136330246,True,-0.06627361049319999,-0.0952586495583,-0.03604501653369999,True
10731,536,11,7.48060232096e-14,True,0.0587800257405,True,-0.073576408542,-0.104178807285,-0.045398781544599996,True
10732,536,12,1.49236732628e-08,True,0.05989039291730001,True,-0.0687915477257,-0.0983620582525,-0.0384716653353,True
10733,536,13,4.44243693483e-05,True,0.0584962791089,True,-0.07421210698280001,-0.103145251531,-0.0446489724226,True
10734,536,14,3.5751959284400003e-09,True,0.059203857599,True,-0.07274539466360001,-0.10205326492999998,-0.042849407331099994,True
10735,536,15,5.8547617643299995e-09,True,0.056562688107699995,True,-0.07116584669639998,-0.100334741523,-0.0437720534156,True
10736,536,16,4.1630203839999996e-14,True,0.056549433539899996,True,-0.0715189817703,-0.10079083205,-0.044241398510300005,True
10737,536,17,1.8406366612e-32,True,0.057124905813999996,True,-0.07888447613480001,-0.107765077426,-0.0506401716116,True
10738,536,18,7.576183895689998e-24,True,0.0588782882761,True,-0.0836775015278,-0.11455019855799999,-0.0556719102823,True
10739,536,19,3.46844356479e-29,True,0.057353278233,True,-0.08058362529410001,-0.109426951328,-0.0520736730947,True
10740,537,0,1.50557805342,False,0.146632699206,False,-0.0948748459578,-0.166531148452,-0.0198984492464,True
10741,537,1,17.6808244966,False,0.101854719886,False,-0.037115301700699994,-0.09021030166089998,0.0116444182247,False
10742,537,2,14.0539660548,False,0.0868315249911,False,-0.0384088789482,-0.080924083787,0.00590744120412,False
10743,537,3,20.247474488199998,False,0.0760858381343,True,-0.030152661972699998,-0.06903507807189999,0.00705076006249,False
10744,537,4,20.6845059136,False,0.076342948659,True,-0.029219674507,-0.0667292227869,0.00961372587214,False
10745,537,5,2.11495343698,False,0.0700968856618,True,-0.0493427247473,-0.0838571268733,-0.013760241211500001,True
10746,537,6,2.46767226213,False,0.0663271690192,True,-0.0445591853945,-0.07677378264,-0.0104466136209,True
10747,537,7,3.00482658439,False,0.0639298490275,True,-0.042569327660300006,-0.0728930251459,-0.008963176118339999,True
10748,537,8,0.28296818162500004,True,0.0617103158404,True,-0.0527543603206,-0.0841765269767,-0.0224662111363,True
10749,537,9,0.10503075842,True,0.0623146395412,True,-0.0591300490276,-0.092983735712,-0.0306690961708,True
10750,537,10,0.08885048979049999,True,0.059680702304,True,-0.052986413208599994,-0.084581958487,-0.024901256183,True
10751,537,11,0.46031096712499997,False,0.0613564558983,True,-0.053124046729699996,-0.0826337692995,-0.021277313401200003,True
10752,537,12,0.00413905562688,True,0.0590705843699,True,-0.05584303666780001,-0.085288497128,-0.0262179127581,True
10753,537,13,0.0017527342907300001,True,0.0574562059025,True,-0.0584709541459,-0.0863085199688,-0.0288523140662,True
10754,537,14,0.0960271847979,True,0.0577931362623,True,-0.0595869607917,-0.08810411872000001,-0.0303109824577,True
10755,537,15,1.01950327371e-06,True,0.058481913773,True,-0.059313863419399995,-0.088181351511,-0.029699437738,True
10756,537,16,0.0009444378287850001,True,0.0557738095493,True,-0.0566072872233,-0.0850089172707,-0.0292351077214,True
10757,537,17,1.77991308787e-09,True,0.056832627051800005,True,-0.0622379199969,-0.09226302784910001,-0.035430400797300005,True
10758,537,18,5.66739986561e-14,True,0.053953464863200004,True,-0.0684369880921,-0.095147461574,-0.0411939967109,True
10759,537,19,2.8620680026599998e-11,True,0.0576509719823,True,-0.0727477041119,-0.101970276633,-0.04431930465080001,True
10760,538,0,29.9559395473,False,0.146927109568,False,0.0175036286466,-0.06232449729450001,0.0846026122738,False
10761,538,1,32.740467848200005,False,0.10656332058800001,False,-0.021719663888400003,-0.0772974044373,0.0292659161509,False
10762,538,2,37.378984013200004,False,0.0917357012023,False,-0.0198353943131,-0.06608576553619999,0.025649935666099997,False
10763,538,3,34.5613668167,False,0.0802080722364,False,-0.021199830528099997,-0.060810434308599996,0.0193976379278,False
10764,538,4,30.360263424,False,0.0722967983603,True,-0.023853483586900003,-0.05866310556609999,0.0136336927942,False
10765,538,5,34.318126652,False,0.06992710569419999,True,-0.021711516724999998,-0.057903371677299996,0.0120237340169,False
10766,538,6,21.753238781100002,False,0.0659489241466,True,-0.0258818143723,-0.0594010759772,0.006547848169420001,False
10767,538,7,9.02417141987,False,0.06288193962790001,True,-0.034530236665,-0.0664435345909,-0.0035615949630100003,True
10768,538,8,3.0576668254299997,False,0.06293283036809999,True,-0.0430072961916,-0.0742860790014,-0.011353248633299999,True
10769,538,9,6.43937016652,False,0.060234167921900006,True,-0.0356752263806,-0.0658031302264,-0.00556896230449,True
10770,538,10,11.3426867063,False,0.0633200687884,True,-0.0325824206814,-0.06369919129309999,-0.000379122504645,True
10771,538,11,20.4356059399,False,0.058807799570699995,True,-0.024904373377,-0.053373127379999996,0.00543467219077,False
10772,538,12,27.2973115055,False,0.0594672839846,True,-0.0223357037408,-0.0521997393649,0.00726754461969,False
10773,538,13,35.7848462175,False,0.0591604307933,True,-0.0193981813826,-0.04867619098130001,0.0104842398121,False
10774,538,14,11.4819658231,False,0.055747511128699995,True,-0.0286373509347,-0.0558142034732,-6.6692344495e-05,True
10775,538,15,8.14760896113,False,0.0572634519692,True,-0.032216612748699996,-0.061804242450800004,-0.004540790481600001,True
10776,538,16,6.80054841706,False,0.0564390334952,True,-0.0330943701388,-0.0623296860056,-0.0058906525104,True
10777,538,17,1.13259846241,False,0.0561427781576,True,-0.0431952630975,-0.07133271550419999,-0.015189937346700001,True
10778,538,18,0.579615175635,False,0.055659967264099997,True,-0.045587587443000004,-0.0732217360505,-0.017561768786400003,True
10779,538,19,0.46621566051200003,False,0.0555229188368,True,-0.0511244007509,-0.0802532627471,-0.0247303439102,True
10780,539,0,6.849035638309999,False,0.143999866832,False,-0.0657845614068,-0.139772004306,0.00422786252605,False
10781,539,1,0.0008365576993039998,True,0.10515271422700001,False,-0.106169931427,-0.161690766555,-0.0565380523284,True
10782,539,2,0.06516828280119999,True,0.09030673576989999,False,-0.09746874443089999,-0.142900392707,-0.0525936569369,True
10783,539,3,1.51364412629e-06,True,0.0816808653403,False,-0.0927370284783,-0.132035256121,-0.050354390780300004,True
10784,539,4,2.9109151486299994e-16,True,0.071627228378,True,-0.0957114328914,-0.131888198669,-0.060260970291400005,True
10785,539,5,7.56479248966e-12,True,0.0693114085393,True,-0.0851026132846,-0.119220493089,-0.0499090845501,True
10786,539,6,2.63389141675e-15,True,0.06651205722339999,True,-0.07665176887450001,-0.110312485482,-0.0438004282582,True
10787,539,7,0.0944906444833,True,0.0668462916851,True,-0.0657771902978,-0.09864683752530001,-0.0318005458402,True
10788,539,8,0.178186595206,True,0.06335690698719999,True,-0.0657483291577,-0.09738856530239999,-0.0340316583151,True
10789,539,9,5.3368457124e-05,True,0.062801450886,True,-0.0657751659013,-0.09834811671530001,-0.03554666582919999,True
10790,539,10,0.00038502703032699994,True,0.061187689545,True,-0.0658257078309,-0.09660762290889999,-0.035419933364,True
10791,539,11,0.025560705343299996,True,0.05726980808019999,True,-0.0589044854542,-0.08888284684289999,-0.031613038762699996,True
10792,539,12,0.0215711824704,True,0.0581390978945,True,-0.0604877560353,-0.0893330239539,-0.031193926059400003,True
10793,539,13,1.7917857363400001e-09,True,0.0559288512976,True,-0.0645644537042,-0.0923306843572,-0.0364018330596,True
10794,539,14,7.774203050910001e-16,True,0.056366464584499995,True,-0.0701500866333,-0.0982843402066,-0.0419178756221,True
10795,539,15,1.6029306792000003e-13,True,0.059342928442,True,-0.07292156603069999,-0.103368823725,-0.0440258952834,True
10796,539,16,8.852970977880001e-13,True,0.056949189371800005,True,-0.0715859076989,-0.09939019401889998,-0.0424410046471,True
10797,539,17,2.7160813577699998e-17,True,0.0583741244647,True,-0.0701689356724,-0.0983595671591,-0.0399854426945,True
10798,539,18,1.4125894202200001e-24,True,0.0565270835768,True,-0.07209754865830001,-0.09954085350099999,-0.0430137699242,True
10799,539,19,7.246270776940001e-17,True,0.0550658641335,True,-0.0739766880796,-0.09930263167179999,-0.044236767538300005,True
10800,540,0,32.260782347399996,False,0.140624053089,False,-0.00495796541134,-0.072505030683,0.0681190224063,False
10801,540,1,36.3607173301,False,0.10037118485600001,False,-0.0195528374633,-0.07060099665469999,0.029770188201,False
10802,540,2,38.4755376062,False,0.087323223053,False,-0.017367042448099997,-0.0625547535584,0.024768469494599998,False
10803,540,3,22.7178644982,False,0.0794574569145,True,-0.029449577388499997,-0.0702252425073,0.00923221440725,False
10804,540,4,28.480507938000002,False,0.07302915614989999,True,-0.025575248694199998,-0.0613041836852,0.011724972464700001,False
10805,540,5,4.22812818813,False,0.06996475087830001,True,-0.043293104601,-0.07867640294710002,-0.008711652068799999,True
10806,540,6,2.65288296294,False,0.0674057647351,True,-0.0448222870634,-0.0788303874712,-0.011424622736100001,True
10807,540,7,0.212395597919,True,0.0661776987121,True,-0.0608407397233,-0.09493080448510001,-0.028753105773,True
10808,540,8,0.00031342683882700005,True,0.0616178824729,True,-0.0621597301162,-0.092063078491,-0.030445196018099998,True
10809,540,9,0.8600206341609999,False,0.0621217667841,True,-0.051638892090600005,-0.0828903848871,-0.020768618103,True
10810,540,10,3.7320261397800003,False,0.061691660632999995,True,-0.0405452463672,-0.0711828576407,-0.00949119700766,True
10811,540,11,0.335779466152,False,0.0583520998133,True,-0.0513505103974,-0.0799013467632,-0.021549246949900003,True
10812,540,12,1.75944528977,False,0.0595138003902,True,-0.0440084584824,-0.07180713701889999,-0.012293336628700002,True
10813,540,13,0.9500991389700002,False,0.0589485603663,True,-0.0459845059468,-0.0750232743083,-0.016074713942,True
10814,540,14,1.1738239691299999,False,0.05909788161,True,-0.04647986811819999,-0.07392347328189999,-0.0148255916719,True
10815,540,15,0.270059083233,True,0.057460633242300004,True,-0.0495795242729,-0.07803452530760001,-0.020573892065299998,True
10816,540,16,0.183533667533,True,0.0552597376924,True,-0.050953286257,-0.0782778337958,-0.023018096103400002,True
10817,540,17,0.642885763296,False,0.0565070224639,True,-0.0453293838138,-0.0742957399778,-0.0177887175139,True
10818,540,18,0.534437057717,False,0.0581534477915,True,-0.0516356131059,-0.0809080950809,-0.022754647289400003,True
10819,540,19,0.6395926836370001,False,0.0555598021656,True,-0.0473756795284,-0.07500893989299999,-0.019449137727400003,True
10820,541,0,21.025196308199998,False,0.143911223138,False,0.034986967755100004,-0.039425308684199994,0.104485914453,False
10821,541,1,48.6582449979,False,0.101161623571,False,-0.00164967948879,-0.0520067952312,0.0491548283399,False
10822,541,2,36.176902816500004,False,0.0863585238833,False,-0.020433704369299997,-0.0630147743384,0.023343749544900004,False
10823,541,3,23.1343087903,False,0.07881933182739999,True,-0.028724950445099998,-0.0662334882991,0.0125858435283,False
10824,541,4,22.3228260594,False,0.0741644478017,True,-0.027900707986499997,-0.0657943499975,0.00837009780418,False
10825,541,5,33.8989059103,False,0.0672264634247,True,-0.022333707624,-0.0570383906876,0.0101880727372,False
10826,541,6,26.878155100000004,False,0.0677181936542,True,-0.025237985548,-0.0604225209055,0.00729567274874,False
10827,541,7,16.8814473993,False,0.0648662851829,True,-0.0295794324603,-0.06025085832359999,0.00461542685935,False
10828,541,8,6.0411057601,False,0.0616156142627,True,-0.0357297267326,-0.06683974726400001,-0.005224133001350001,True
10829,541,9,6.22936257674,False,0.0649496020339,True,-0.038132427608300004,-0.0700297098066,-0.005080107772689999,True
10830,541,10,11.897405924800001,False,0.0607378439879,True,-0.0306318124865,-0.061032741948499995,-0.00029489796059299997,True
10831,541,11,15.3654657572,False,0.0611546080918,True,-0.028440753748099998,-0.06043205559280001,0.0007225524990760001,False
10832,541,12,3.97311886825,False,0.0586791816056,True,-0.0368439891216,-0.0661479494206,-0.007468767815060001,True
10833,541,13,0.7236793337190001,False,0.058599969788100004,True,-0.0449299073734,-0.0747172045488,-0.0161172347607,True
10834,541,14,1.06671258968,False,0.0584657499658,True,-0.044920817784,-0.0745870017468,-0.016121251781,True
10835,541,15,0.933918168766,False,0.0576302715181,True,-0.04597159933159999,-0.07559083075419999,-0.017960559236099998,True
10836,541,16,4.96825306893e-05,True,0.0570379904014,True,-0.0598981477333,-0.08826364501049999,-0.031225654609099998,True
10837,541,17,0.00047347100347,True,0.0576957617082,True,-0.0590134329409,-0.0869148130624,-0.029219051354200002,True
10838,541,18,0.0081303516149,True,0.0578736813468,True,-0.0572740032383,-0.0868725774267,-0.0289988960799,True
10839,541,19,3.18572582233e-05,True,0.054968764371600004,True,-0.0663961173598,-0.09236659376360001,-0.037397829392,True
10840,542,0,25.014378444499997,False,0.144420393194,False,-0.0276102149273,-0.09988273204669999,0.04453766114709999,False
10841,542,1,14.9536774679,False,0.105601149426,False,-0.0412522505896,-0.09467353856349998,0.0109276108623,False
10842,542,2,8.94004799678,False,0.0880344183094,False,-0.0428212223374,-0.0871958750168,0.0008385432925529999,False
10843,542,3,8.540488554069999,False,0.0790673556013,True,-0.041004628752699994,-0.082093153235,-0.00302579763373,True
10844,542,4,12.889036747899999,False,0.07450479607839999,True,-0.0338342677333,-0.0728339117114,0.0016708843670399998,False
10845,542,5,13.781215033499999,False,0.07046269674069999,True,-0.033366923239099996,-0.06980410603869999,0.000658590701968,False
10846,542,6,13.1471841352,False,0.0663594159421,True,-0.032542269712,-0.0652726633365,0.00108675260554,False
10847,542,7,5.06397928236,False,0.0652756852615,True,-0.0391227344528,-0.0721880902771,-0.00691240501561,True
10848,542,8,13.4097869417,False,0.0625850500579,True,-0.030546215602700003,-0.061758847093199995,0.000826202964723,False
10849,542,9,17.7048843653,False,0.06108686552630001,True,-0.028274241321900002,-0.059238163218,0.00184870230821,False
10850,542,10,10.9717437681,False,0.0616499375788,True,-0.0322561897474,-0.0647170091146,-0.0030670715357800004,True
10851,542,11,4.2703553431,False,0.0583502581881,True,-0.0357358972212,-0.06481307143069999,-0.006462813242680001,True
10852,542,12,1.16922725169,False,0.0581806248758,True,-0.044755602322199994,-0.0733261226222,-0.0151454977464,True
10853,542,13,2.00545800558,False,0.0590870200409,True,-0.042253771804,-0.0712224546569,-0.0121354346159,True
10854,542,14,2.1999535576400002,False,0.05775327664800001,True,-0.040379415403199996,-0.0697623765389,-0.0120090998909,True
10855,542,15,1.27840313959,False,0.0564406417007,True,-0.0433755721167,-0.0725396556216,-0.016099013920799998,True
10856,542,16,1.07203119333,False,0.0578350237174,True,-0.04495248740669999,-0.073565630739,-0.0157306070216,True
10857,542,17,1.29803435286,False,0.058084665188,True,-0.044704644622599994,-0.0743054116264,-0.0162207464384,True
10858,542,18,0.803231722209,False,0.0566568881488,True,-0.0457881550036,-0.073946114796,-0.0172892266472,True
10859,542,19,0.42859667335900004,False,0.0550378310346,True,-0.0437929008942,-0.071420977148,-0.0163831461134,True
10860,543,0,4.94980712244,False,0.14086585601600002,False,-0.0716970850803,-0.138925520207,0.0019403358087899999,False
10861,543,1,1.34549231302,False,0.10327262037599999,False,-0.0741578525801,-0.130327750962,-0.027055130586000002,True
10862,543,2,0.219044580372,True,0.09024467253239998,False,-0.0808019504543,-0.126943752236,-0.036699079703500004,True
10863,543,3,0.00130912179995,True,0.07841278485139999,True,-0.0803668211268,-0.12054120821799999,-0.042128423367,True
10864,543,4,0.0036778846592,True,0.0741779125007,True,-0.08556000003360001,-0.122845450615,-0.048667538113900004,True
10865,543,5,5.87659091879e-06,True,0.0705050564738,True,-0.07980042690860001,-0.11501782016699999,-0.044512763693199994,True
10866,543,6,0.044610354985999995,True,0.0673387082345,True,-0.0678393138745,-0.101941426909,-0.0346027186746,True
10867,543,7,0.0028625650053099995,True,0.0659727520902,True,-0.061737492113300006,-0.09540068146320001,-0.029427929372999997,True
10868,543,8,1.19270482066e-10,True,0.0622105433237,True,-0.070963986012,-0.10245703929500001,-0.0402464959713,True
10869,543,9,1.4485139633099998e-15,True,0.0608353504146,True,-0.08042505468569999,-0.111509066841,-0.05067371642659999,True
10870,543,10,6.27101860766e-09,True,0.0618329930622,True,-0.07906935190639999,-0.11194966231899998,-0.0501166692567,True
10871,543,11,9.217957436559999e-28,True,0.0604555458221,True,-0.0829858493845,-0.112327746302,-0.0518722004799,True
10872,543,12,2.16009743159e-26,True,0.0568580474598,True,-0.08437823447899999,-0.11180543066099999,-0.0549473832013,True
10873,543,13,6.207580282069999e-36,True,0.05776267782030001,True,-0.08933864099950001,-0.11827698132000002,-0.0605143034993,True
10874,543,14,2.9954725237800005e-39,True,0.058194372846800006,True,-0.0939245730149,-0.123189115417,-0.06499474257059999,True
10875,543,15,9.316422659919999e-43,True,0.057717734532000006,True,-0.0928954737214,-0.11949661625,-0.061778881718300004,True
10876,543,16,3.56567429798e-46,True,0.058248907875,True,-0.0981176839002,-0.127589189444,-0.06934028156870001,True
10877,543,17,1.0514418753599998e-48,True,0.0586324002117,True,-0.0977348378052,-0.126224075402,-0.0675916751899,True
10878,543,18,6.614453496779998e-108,True,0.055604871896199996,True,-0.10432168695800001,-0.132177197847,-0.0765723259507,True
10879,543,19,5.665179433439998e-59,True,0.054906125461599994,True,-0.0953954619111,-0.121314269749,-0.06640814428740001,True
10880,544,0,8.04319932744,False,0.14765649873,False,-0.0637716352154,-0.140958460648,0.0066980380820900005,False
10881,544,1,12.5723585471,False,0.103881500418,False,-0.042948030348300005,-0.093429915895,0.010451584523299999,False
10882,544,2,7.34213623178,False,0.08696367015100001,False,-0.0452384791297,-0.0902317066697,-0.0032680365187499998,True
10883,544,3,6.71818070958,False,0.07690841139110001,True,-0.0430125974284,-0.081604255584,-0.00469584419285,True
10884,544,4,1.0436596679999999,False,0.07495796229349999,True,-0.0591215075091,-0.09519906945489999,-0.020241107161400002,True
10885,544,5,0.168051085906,True,0.0677274911392,True,-0.057511559278300005,-0.090628970111,-0.022901478971799998,True
10886,544,6,0.310730862831,True,0.0660112925608,True,-0.0570077791916,-0.09128172051010001,-0.025270427949299998,True
10887,544,7,0.16902618939599998,True,0.0667902676987,True,-0.0628202649735,-0.09592372520569999,-0.029133457507000003,True
10888,544,8,2.1453128276400002e-07,True,0.0599617266918,True,-0.0649282245605,-0.0955445783979,-0.0355828517061,True
10889,544,9,0.0612629599121,True,0.0610540711279,True,-0.06852490528199999,-0.09907789061410001,-0.0380238194862,True
10890,544,10,2.6709053153000005e-11,True,0.0604817343002,True,-0.0727791563451,-0.101810194942,-0.04132846064140001,True
10891,544,11,4.45600041104e-08,True,0.059895928639099996,True,-0.07033925397060001,-0.0998845080049,-0.039988579365800005,True
10892,544,12,1.2643107821e-07,True,0.057908899957,True,-0.0686731470992,-0.09749428557169999,-0.0395853856148,True
10893,544,13,3.18833692366e-08,True,0.0591084604351,True,-0.0629024792341,-0.0939300616019,-0.034821601166800005,True
10894,544,14,1.16374150023e-09,True,0.054525042755399995,True,-0.06526601580090001,-0.0936912270522,-0.0391661842967,True
10895,544,15,1.45215484819e-07,True,0.0565571863758,True,-0.065855306743,-0.09583750608169998,-0.0392803197059,True
10896,544,16,0.0180815614487,True,0.0584806421727,True,-0.06451024718949999,-0.0927181081422,-0.0342374659695,True
10897,544,17,3.04340952885e-07,True,0.0571267345106,True,-0.0649506573108,-0.0942097723447,-0.0370830378341,True
10898,544,18,0.00105672550971,True,0.0571035446276,True,-0.06305897712740001,-0.09292719666810001,-0.0358236520406,True
10899,544,19,0.00186963002131,True,0.055809538219,True,-0.0636632831125,-0.09187155420669998,-0.036062015987699994,True
10900,545,0,5.765091329190001,False,0.143708438307,False,-0.07077180429589999,-0.140215965778,0.0034924725292499997,False
10901,545,1,0.0105044332149,True,0.102447498964,False,-0.09672122476939998,-0.147654944328,-0.0452074453644,True
10902,545,2,6.72808144327e-12,True,0.08605764326189999,False,-0.10406505687300001,-0.14879724804000002,-0.0627396047781,True
10903,545,3,0.000202330924227,True,0.08099883956869999,False,-0.0829414584627,-0.12350405502299999,-0.0425052154545,True
10904,545,4,1.43723578354e-09,True,0.076435896763,True,-0.0867409597142,-0.126676862073,-0.0502409653099,True
10905,545,5,0.000360613226822,True,0.07215268038599999,True,-0.0821858384831,-0.117868921019,-0.0457162406329,True
10906,545,6,9.31775862365e-10,True,0.0661389884107,True,-0.0876208380023,-0.11980810824799999,-0.053669119837800004,True
10907,545,7,2.7419500877000003e-14,True,0.06349958839240001,True,-0.0816449759316,-0.113337606582,-0.04983801819,True
10908,545,8,1.98953468112e-12,True,0.06257470597260001,True,-0.07306587212849999,-0.10546926191,-0.04289455593719999,True
10909,545,9,2.37678666042e-09,True,0.06373866970730001,True,-0.0688133821559,-0.101101732925,-0.037363063218,True
10910,545,10,1.70901869328e-05,True,0.06109150278869999,True,-0.0623775605237,-0.0930260083856,-0.031934505596900004,True
10911,545,11,0.00920582886783,True,0.0621582752197,True,-0.0651372771502,-0.09466869956080001,-0.0325104243411,True
10912,545,12,0.117053116746,True,0.0589669892421,True,-0.0571425905363,-0.08603074184369999,-0.0270637526016,True
10913,545,13,0.00020858277671600002,True,0.0606929470065,True,-0.06278951137569999,-0.0911738096335,-0.030480862627099998,True
10914,545,14,0.0335562730855,True,0.057991928467800005,True,-0.06315879614810001,-0.0899857352905,-0.031993806822700005,True
10915,545,15,1.29691803409e-06,True,0.0588342208949,True,-0.0716663763659,-0.10229985291400001,-0.043465632018900004,True
10916,545,16,3.45808888805e-19,True,0.0571936284889,True,-0.07434304194560001,-0.103384948258,-0.0461913197686,True
10917,545,17,5.7915030386099995e-12,True,0.0569659219474,True,-0.074097022636,-0.103209008578,-0.0462430866302,True
10918,545,18,2.26102409337e-19,True,0.0572812516708,True,-0.08086635550360001,-0.109049409322,-0.0517681576511,True
10919,545,19,1.3680693083199998e-11,True,0.0583212941103,True,-0.07727318774469999,-0.107226674696,-0.0489053805856,True
10920,546,0,3.42054188932,False,0.13830637007899999,False,-0.0762544287104,-0.148387496653,-0.0100811265741,True
10921,546,1,3.4942731775599998,False,0.10328887484200001,False,-0.0627271564195,-0.11533017619000001,-0.012041301348399999,True
10922,546,2,0.509513663782,False,0.09365452337369999,False,-0.0721480825879,-0.11721239752800001,-0.0235578741548,True
10923,546,3,0.320007201915,True,0.0798150272058,True,-0.0661026906503,-0.10327571862099999,-0.023460691415599998,True
10924,546,4,0.18686048235999997,True,0.0738895254882,True,-0.0645267395182,-0.101091763765,-0.0272022382768,True
10925,546,5,0.197467924274,True,0.0709027730158,True,-0.060956596205699994,-0.0947468814243,-0.0238441084086,True
10926,546,6,0.4764819631,False,0.0679237378351,True,-0.05527931586490001,-0.0881374599688,-0.0202137221337,True
10927,546,7,0.00447339171583,True,0.06286665356530001,True,-0.0630388846901,-0.09493275052860001,-0.0320660969632,True
10928,546,8,0.000240032747114,True,0.0629604748012,True,-0.06657490808,-0.0976902947931,-0.0347298199919,True
10929,546,9,0.00330939561126,True,0.060108644737,True,-0.0650609151246,-0.09487031720030001,-0.0347616724633,True
10930,546,10,1.84460649422e-15,True,0.061220707763300006,True,-0.0808993712917,-0.113399968933,-0.052179261169499995,True
10931,546,11,7.40093962241e-07,True,0.0576286706234,True,-0.08236846868639999,-0.110844868192,-0.05321619756900001,True
10932,546,12,4.26429896164e-39,True,0.0578910238593,True,-0.08882271992,-0.117795540309,-0.0599045164496,True
10933,546,13,3.54195103652e-27,True,0.0599980992956,True,-0.08283495690539999,-0.111873427921,-0.0518753286254,True
10934,546,14,6.79079073392e-23,True,0.0595681236491,True,-0.08888240735649999,-0.117379148694,-0.057811025044800006,True
10935,546,15,2.5859036556299994e-36,True,0.056451283877499994,True,-0.0896721848965,-0.117257747952,-0.060806464074400005,True
10936,546,16,1.4100780191600002e-34,True,0.054765624357699993,True,-0.0800392532718,-0.106741339278,-0.0519757149201,True
10937,546,17,1.46672924396e-23,True,0.0579165621795,True,-0.0788144947245,-0.10770303706499999,-0.049786474885700004,True
10938,546,18,5.47482356363e-31,True,0.052645264392800005,True,-0.07627068011360001,-0.10181292419099999,-0.0491676597986,True
10939,546,19,6.1136113659e-36,True,0.056445413521,True,-0.0835065671543,-0.11055922929300001,-0.0541138157717,True
10940,547,0,1.89689678396,False,0.142750449072,False,-0.08948780756869999,-0.163468985054,-0.0207185359818,True
10941,547,1,1.2472405955299999,False,0.10788496855900001,False,-0.072595054846,-0.121599918343,-0.0137149497847,True
10942,547,2,1.5329154737200001,False,0.088984267322,False,-0.0669199813708,-0.10922978692600001,-0.0202455196044,True
10943,547,3,4.447049784140001,False,0.07985286996930001,True,-0.048227350544800006,-0.086000568598,-0.00614769862877,True
10944,547,4,2.99961021542,False,0.0741111709309,True,-0.04915641103730001,-0.08686983267889999,-0.012758661747900002,True
10945,547,5,0.968348025538,False,0.07021953191260001,True,-0.0516692323404,-0.0860652885322,-0.0158457566196,True
10946,547,6,3.6698435876,False,0.06850138133230001,True,-0.043565122638600004,-0.0773487271734,-0.00884734584108,True
10947,547,7,5.73628738262,False,0.064908855902,True,-0.0386486286127,-0.0712361574463,-0.00632730154425,True
10948,547,8,5.94013727543,False,0.061219984882,True,-0.0367127247494,-0.0658320403166,-0.0046120554346,True
10949,547,9,2.75780647025,False,0.0605219617841,True,-0.042070574084,-0.0732871021723,-0.012765140388200001,True
10950,547,10,2.1661414972,False,0.0613551197754,True,-0.044163752661800004,-0.0746301438531,-0.0132750240777,True
10951,547,11,1.7929433090400002,False,0.06122038839919999,True,-0.0447648130174,-0.0757642109995,-0.0145438226003,True
10952,547,12,0.707484345985,False,0.059144794657,True,-0.04993215067099999,-0.0778646134196,-0.0187198187626,True
10953,547,13,0.08994276460539999,True,0.0567719879801,True,-0.054500094469099994,-0.08265864360610001,-0.025886655626,True
10954,547,14,0.0797059716928,True,0.057195675281999994,True,-0.0516941628784,-0.0803642636778,-0.023168588395700004,True
10955,547,15,0.118745309558,True,0.057303144349100006,True,-0.052754809803499995,-0.0813132613317,-0.0240101169826,True
10956,547,16,0.011075762571799999,True,0.0559304179801,True,-0.05150864654540001,-0.0802792215889,-0.024348803608800002,True
10957,547,17,0.0017200400470399999,True,0.05588912710940001,True,-0.0596332114516,-0.0868366894311,-0.0309475623217,True
10958,547,18,0.00010253630032500001,True,0.05408507357919999,True,-0.061051258398400005,-0.0881489818916,-0.0340639083124,True
10959,547,19,1.09916290178e-06,True,0.056503290092,True,-0.0612037150176,-0.08979724818849999,-0.0332939580965,True
10960,548,0,26.275446791999997,False,0.14485984280300002,False,-0.0267794104839,-0.0981333707412,0.0467264720621,False
10961,548,1,5.77626157941,False,0.104679507291,False,-0.057931986878399996,-0.108495980976,-0.0038164736849899995,True
10962,548,2,1.4212056323299997,False,0.09235519751900001,False,-0.06255048727780001,-0.111088636634,-0.018733439114599997,True
10963,548,3,2.9405084889599995,False,0.0818239602738,False,-0.05208032703340001,-0.0952489728896,-0.0134250126159,True
10964,548,4,2.04101494393,False,0.0746180631788,True,-0.053113828076499996,-0.08733221387489999,-0.012714150696100001,True
10965,548,5,2.68363546246,False,0.0711204350654,True,-0.0461076596062,-0.0806429836008,-0.009522548535459998,True
10966,548,6,1.88235344648,False,0.0669131379626,True,-0.04708249315909999,-0.08227798433660001,-0.015364846373999999,True
10967,548,7,0.0679256514983,True,0.0675070730376,True,-0.060801147611300004,-0.0947810999335,-0.0272740268959,True
10968,548,8,0.137477502741,True,0.061847853943,True,-0.058653467226599997,-0.08944803843589999,-0.027600184492900005,True
10969,548,9,0.32996243693599997,True,0.0620746388672,True,-0.055244911205799996,-0.08804900441019999,-0.025974365543,True
10970,548,10,0.128384306019,True,0.0614433201179,True,-0.0571072958582,-0.0900906795204,-0.0286473594025,True
10971,548,11,0.0549436452678,True,0.0583881305049,True,-0.052973001254,-0.0828785453775,-0.024490414872599998,True
10972,548,12,0.150592168718,True,0.057609826593899995,True,-0.050233682593800004,-0.0796638526689,-0.022054026075,True
10973,548,13,0.22643101210900002,True,0.0562890739691,True,-0.0511278452135,-0.0794817544154,-0.0231926804463,True
10974,548,14,0.77181316301,False,0.0576408530619,True,-0.0487348187271,-0.07936324955080001,-0.021722396488900002,True
10975,548,15,0.32437380489900003,True,0.058406243614800006,True,-0.0510135824041,-0.0815668257246,-0.0231605821098,True
10976,548,16,0.858584992785,False,0.0574049747946,True,-0.0446547324283,-0.07318489643289999,-0.0157799216383,True
10977,548,17,2.05063447005,False,0.057144155699899994,True,-0.0398952633352,-0.0681109135368,-0.0109667578369,True
10978,548,18,4.00577101389,False,0.058538595505800005,True,-0.0382418266107,-0.06726341834300001,-0.008724822837149999,True
10979,548,19,5.929203865569999,False,0.055311209615,True,-0.0332846873355,-0.0622509703873,-0.006939760772319999,True
10980,549,0,13.401390295999999,False,0.14005687540200001,False,-0.048499223253399996,-0.116497561672,0.0235593137305,False
10981,549,1,3.3998784091000003,False,0.10639263169299999,False,-0.0652206294247,-0.11913381179600001,-0.012741180102699999,True
10982,549,2,0.072159698163,True,0.0894303839483,False,-0.085376918856,-0.130913723534,-0.041483339585899996,True
10983,549,3,0.48440810471199997,False,0.07920842297280001,True,-0.07092911804839999,-0.10893783697899999,-0.0297294140063,True
10984,549,4,0.6240646543,False,0.072529460312,True,-0.0594895211703,-0.096192866981,-0.0236634066689,True
10985,549,5,1.33411000404,False,0.0713365524772,True,-0.050710602347800005,-0.0852661073762,-0.0139295548991,True
10986,549,6,2.17935091814,False,0.0666011015085,True,-0.0476715868114,-0.08070962486330001,-0.0141085233548,True
10987,549,7,1.19732548323,False,0.0627593547097,True,-0.0463682728055,-0.0778784316559,-0.015119076946199999,True
10988,549,8,3.00715951472,False,0.0626390550478,True,-0.0416865249333,-0.07441380483589999,-0.0117747497881,True
10989,549,9,1.47499766715,False,0.0630211588428,True,-0.0461622088989,-0.07698812197180001,-0.0139669631291,True
10990,549,10,0.730847351163,False,0.059142012940100006,True,-0.0495996552324,-0.0787735653499,-0.0196315524099,True
10991,549,11,1.30791718006,False,0.061013288926800004,True,-0.0461901008836,-0.0764353206148,-0.015422031688000002,True
10992,549,12,1.70611016372,False,0.0587309217244,True,-0.0440832426365,-0.07279099957660001,-0.014060077852199999,True
10993,549,13,0.12363650221200001,True,0.0561435786498,True,-0.052585344738,-0.07948695490230001,-0.0233433762525,True
10994,549,14,0.0180077161868,True,0.056231238108,True,-0.054493655035499994,-0.0819225812428,-0.0256913431349,True
10995,549,15,0.00259392555211,True,0.057128785895600005,True,-0.060600577124899996,-0.0893949161252,-0.032266130229599996,True
10996,549,16,0.08931991016049999,True,0.0569368979134,True,-0.0585558271138,-0.08668256344900001,-0.0297456655356,True
10997,549,17,0.233615128771,True,0.0574412483138,True,-0.0558274979979,-0.0845774471435,-0.0271361988297,True
10998,549,18,0.00040881540938800004,True,0.0570530657316,True,-0.0654813314457,-0.09287629988299999,-0.0358232341514,True
10999,549,19,1.3080104447100001e-09,True,0.0561839571957,True,-0.0671875842284,-0.0960901158312,-0.0399061586354,True
11000,550,0,30.9110900566,False,0.143686682936,False,0.010937389906399999,-0.065222543532,0.0784641394042,False
11001,550,1,47.20889401310001,False,0.102137014093,False,0.00569858779971,-0.0438898766243,0.05824713746830001,False
11002,550,2,33.3007790273,False,0.0893777513149,False,-0.0216874905197,-0.0664046454268,0.0229731058882,False
11003,550,3,17.6990584458,False,0.0808016953869,False,-0.0326555115847,-0.07343399675819999,0.0073676986287,False
11004,550,4,24.2811707481,False,0.0743672252006,True,-0.0266416021313,-0.0650567530728,0.009310472127719998,False
11005,550,5,60.1333652715,False,0.07055730770980001,True,-0.00954080419601,-0.0452874130189,0.025269894690799998,False
11006,550,6,52.7702411981,False,0.06937787176639999,True,-0.0110552810038,-0.046963282678,0.0224145890884,False
11007,550,7,60.276973461400004,False,0.0674176329713,True,-0.009997708335149999,-0.0456018741481,0.0218157588232,False
11008,550,8,41.382706663899995,False,0.0637866941669,True,-0.017837190916,-0.049564428984,0.0142222651829,False
11009,550,9,35.700041918400004,False,0.0613955065085,True,-0.0201622138313,-0.0490450006905,0.012350505818,False
11010,550,10,33.362075002,False,0.0586786098962,True,-0.0205345662627,-0.0485342936438,0.010144316252399999,False
11011,550,11,10.0245139207,False,0.060247018715500006,True,-0.032253295174599995,-0.0638157290912,-0.00356871037568,True
11012,550,12,9.5835133067,False,0.059221639430499996,True,-0.0331469162213,-0.06295395310959999,-0.00373231367906,True
11013,550,13,3.49823478015,False,0.059472093731699996,True,-0.0401564305343,-0.0706990399787,-0.011226946247,True
11014,550,14,1.00780602609,False,0.0577243558899,True,-0.0437647103209,-0.07147953330510001,-0.0137551774153,True
11015,550,15,0.678049224578,False,0.056920181967,True,-0.046123749280199994,-0.0760765570344,-0.019156375067400002,True
11016,550,16,0.35753919841799997,False,0.056350810432699995,True,-0.049217648871099993,-0.0780970584139,-0.0217462479811,True
11017,550,17,0.12009841259500001,True,0.0564247757061,True,-0.0572680845493,-0.0861915102564,-0.0297667345503,True
11018,550,18,2.8253061509299997e-07,True,0.0557888309994,True,-0.058952639212300005,-0.0866599182439,-0.030871087244500002,True
11019,550,19,0.277440052654,True,0.0572200728556,True,-0.0511411475036,-0.07920363915260001,-0.021983566297,True
11020,551,0,24.3024268608,False,0.14175339727,False,-0.0287254732246,-0.097349927301,0.0444034699689,False
11021,551,1,16.923315066199997,False,0.103675965049,False,-0.0375769166389,-0.0888769008042,0.014799064245200002,False
11022,551,2,21.2584682161,False,0.0879085258867,False,-0.0306952869679,-0.0741570375631,0.013751488323600002,False
11023,551,3,7.727790897739999,False,0.0794674949928,True,-0.0424993454328,-0.0819684738587,-0.00250097886591,True
11024,551,4,11.3925242417,False,0.0741488156483,True,-0.036307267492100004,-0.0721466464386,0.0020021692097000002,False
11025,551,5,25.292480462399997,False,0.07090432400510001,True,-0.026286746464999997,-0.0624324169087,0.00847190709641,False
11026,551,6,23.9465968902,False,0.0660612726409,True,-0.026129155293799996,-0.058364284121900006,0.00769698851907,False
11027,551,7,15.6983240033,False,0.0646201447023,True,-0.0292081464422,-0.059510704943,0.00510943975922,False
11028,551,8,5.1079950135,False,0.0647457942207,True,-0.041214820093300006,-0.0733335963423,-0.00858780212165,True
11029,551,9,3.996653363469999,False,0.0612764713295,True,-0.0396638978982,-0.0705519241906,-0.009275452861110001,True
11030,551,10,3.1086012965599994,False,0.0618431352862,True,-0.041237235427199995,-0.0713669602626,-0.00952382497641,True
11031,551,11,2.51918190991,False,0.05910767864469999,True,-0.0398449653937,-0.0700328499638,-0.0109251713191,True
11032,551,12,0.7967504687739999,False,0.0588659746961,True,-0.04384175242240001,-0.07366067372,-0.0147946990239,True
11033,551,13,2.04561703042,False,0.058754236117900004,True,-0.0402075555615,-0.0689464357713,-0.0101921996534,True
11034,551,14,2.5967435665200003,False,0.0585232204755,True,-0.039922010896400004,-0.0699492169279,-0.011425996452299999,True
11035,551,15,1.67505277725,False,0.055798915529899996,True,-0.040339875792,-0.0688280119021,-0.013029096372200002,True
11036,551,16,1.98862818415,False,0.056539307671300006,True,-0.041094338408199996,-0.0702222658901,-0.0136829582188,True
11037,551,17,0.6419964962420001,False,0.05668985293480001,True,-0.04612500595769999,-0.07304375283430001,-0.0163538998995,True
11038,551,18,0.566271297461,False,0.0564618585219,True,-0.04729029428090001,-0.0754626085009,-0.019000749979,True
11039,551,19,0.14537771379,True,0.0555332612821,True,-0.0507041058957,-0.07891175305510001,-0.023378491773000002,True
11040,552,0,13.6167987734,False,0.139881716745,False,-0.0488188462244,-0.11870648060399999,0.0211752361407,False
11041,552,1,6.968910275850001,False,0.105549695574,False,-0.0546514544436,-0.107291657059,-0.0017419614855000002,True
11042,552,2,4.0930262516600004,False,0.0887236017657,False,-0.0524784949022,-0.0956548733595,-0.00693127159386,True
11043,552,3,4.31116770553,False,0.0796499601849,True,-0.046872525245000005,-0.0852880613329,-0.00563810114802,True
11044,552,4,14.1896392553,False,0.0756129101533,True,-0.035119875264599996,-0.0743382146231,0.00127469553022,False
11045,552,5,3.74610704876,False,0.0684010226353,True,-0.042014089883900006,-0.07493749608189999,-0.006536473446600001,True
11046,552,6,9.17209105346,False,0.0665596595419,True,-0.0357010410631,-0.0696053539248,-0.0030456943828400004,True
11047,552,7,1.96133729694,False,0.0647329049449,True,-0.045255160401800006,-0.0784011928535,-0.0136682879085,True
11048,552,8,2.48589712353,False,0.0650256748529,True,-0.0453338697054,-0.077594010068,-0.0125683352151,True
11049,552,9,2.1761408794099997,False,0.0608443589509,True,-0.042018810601,-0.0717762931353,-0.0109319341845,True
11050,552,10,1.1144481473999999,False,0.0600764466148,True,-0.044922061633099995,-0.07645245445110001,-0.0163760078363,True
11051,552,11,3.90586191237,False,0.059108641625499996,True,-0.0376709456006,-0.0688850118172,-0.00977637019173,True
11052,552,12,1.90926388493,False,0.05813440257,True,-0.0392906009734,-0.06601752377140001,-0.00788312120148,True
11053,552,13,1.50791470189,False,0.056279612846499995,True,-0.0405194640598,-0.06752537780949999,-0.011245764963,True
11054,552,14,0.518860131294,False,0.0572453828718,True,-0.0504255151019,-0.0797214877245,-0.0224761048527,True
11055,552,15,0.730329639037,False,0.0581391235898,True,-0.0449806662378,-0.0744160372204,-0.0162769136307,True
11056,552,16,0.219018986889,True,0.057499251985800005,True,-0.04881075576780001,-0.0761107941284,-0.0186115421426,True
11057,552,17,0.889875161394,False,0.057690650949499996,True,-0.047452597836,-0.0771231601954,-0.019432509245900002,True
11058,552,18,0.473790637941,False,0.0564600998976,True,-0.0499181700219,-0.07854369845689999,-0.0220835985593,True
11059,552,19,0.12631369215399998,True,0.0569576304226,True,-0.055635821867199994,-0.0840146691744,-0.0270570387518,True
11060,553,0,28.7787356201,False,0.141304390594,False,-0.0201001218142,-0.08977740956419998,0.05152698103,False
11061,553,1,33.8197735514,False,0.10485701916099999,False,-0.0194897282018,-0.0734099909079,0.031447028253099994,False
11062,553,2,45.620808232600005,False,0.0909483528275,False,-0.012790973213899999,-0.060248688705799996,0.0306996641217,False
11063,553,3,17.6026654365,False,0.0806601314665,False,-0.0329443190342,-0.07382545020339999,0.00683468126315,False
11064,553,4,6.68671501816,False,0.07446144768339999,True,-0.041438526252,-0.078186746598,-0.0037252989146100003,True
11065,553,5,6.0105309493900005,False,0.0734357937634,True,-0.0422614633967,-0.07690537051469999,-0.00346957675126,True
11066,553,6,3.9612413335000003,False,0.0665462070469,True,-0.042072048916,-0.0762609190707,-0.00971471202373,True
11067,553,7,4.473024060269999,False,0.0653274961571,True,-0.0395961315695,-0.0703938319037,-0.00506633574658,True
11068,553,8,8.27069888203,False,0.0642375857247,True,-0.0364749170503,-0.0691139242381,-0.00487633851341,True
11069,553,9,8.40250045011,False,0.061715520296800004,True,-0.034206585828299996,-0.0638711664058,-0.002155646109,True
11070,553,10,10.4177557745,False,0.0605587664094,True,-0.031340060781900006,-0.061220485998499996,-0.000661719589127,True
11071,553,11,5.32877656618,False,0.061087820839900005,True,-0.03619471611840001,-0.066180800198,-0.00509297935817,True
11072,553,12,6.3628580570599995,False,0.0614919616805,True,-0.0345962033719,-0.0648740132944,-0.00338205161392,True
11073,553,13,9.61814738845,False,0.057122570263900004,True,-0.031267229699200004,-0.06007606563469999,-0.00295349537075,True
11074,553,14,23.0612726147,False,0.05890358926469999,True,-0.024199519040900005,-0.0533111882728,0.00559240099192,False
11075,553,15,16.651514096099998,False,0.058274980526099994,True,-0.026705203947700002,-0.0553994441495,0.00287553637656,False
11076,553,16,17.75711956,False,0.05717032679819999,True,-0.0257641636528,-0.0532067899739,0.00396353682429,False
11077,553,17,10.985187214000002,False,0.0565830818031,True,-0.0308551672193,-0.0587436285138,-0.00216054671067,True
11078,553,18,9.08732616278,False,0.05727652198099999,True,-0.0323088277902,-0.061110266099800005,-0.0038337441188200003,True
11079,553,19,4.36504532611,False,0.05870970523230001,True,-0.03669649785,-0.0655999345252,-0.00689022929291,True
11080,554,0,8.359361201739999,False,0.138261187936,False,-0.0616296479813,-0.129449353979,0.008811833956959999,False
11081,554,1,17.9494045231,False,0.108163836503,False,-0.0366082822741,-0.090456136678,0.0177076998253,False
11082,554,2,6.83941255321,False,0.08921562429189998,False,-0.047020473273400004,-0.09279958955569999,-0.00358396526379,True
11083,554,3,0.491605048865,False,0.08259368912210001,False,-0.0636780993224,-0.105924710162,-0.0233310210404,True
11084,554,4,1.47018770686,False,0.0743064407655,True,-0.053149676066399996,-0.0881822690996,-0.0138758283341,True
11085,554,5,2.79081955917,False,0.06983014074,True,-0.04727974467119999,-0.08240383109930001,-0.0125736903593,True
11086,554,6,2.56569027922,False,0.0670300132839,True,-0.045121111148699995,-0.07916252951439999,-0.012132516230600002,True
11087,554,7,0.9695618195389999,False,0.0663724085558,True,-0.050050123881000004,-0.0858702204532,-0.019497811897400002,True
11088,554,8,0.330504927289,True,0.0630847226371,True,-0.054224698092800006,-0.08675960607180001,-0.023674883434700002,True
11089,554,9,0.006798979220659999,True,0.0610330256238,True,-0.055481506955199995,-0.08669349810969999,-0.0256604724859,True
11090,554,10,0.0966647867207,True,0.0592280477603,True,-0.057751628306900005,-0.0875651835537,-0.0283371357934,True
11091,554,11,0.00024366101849900002,True,0.05917482806319999,True,-0.06532094167619999,-0.09662779938269998,-0.0374529713195,True
11092,554,12,0.002209656883,True,0.05662443518680001,True,-0.0651332250646,-0.0941801019541,-0.0375556667673,True
11093,554,13,2.97623140685e-06,True,0.05877176150669999,True,-0.06206549589919999,-0.09188681403200001,-0.0331150525253,True
11094,554,14,2.8426014919700003e-08,True,0.0574167352653,True,-0.0625735247394,-0.0900401513215,-0.0326234160562,True
11095,554,15,4.76039960335e-05,True,0.0566374794315,True,-0.05820203340149999,-0.0855246015337,-0.028887122102099996,True
11096,554,16,0.0024995042174000004,True,0.056322773972899996,True,-0.0555178843126,-0.0850537648991,-0.028730990926200003,True
11097,554,17,0.0007070939148839999,True,0.0576941664975,True,-0.05895940241619999,-0.0869015697064,-0.0292074032089,True
11098,554,18,7.00522990005e-07,True,0.056258362942000005,True,-0.061917493438900004,-0.0892075779355,-0.0329492149935,True
11099,554,19,1.1200085233599999e-07,True,0.0560708631848,True,-0.0623389644797,-0.09154458055600001,-0.035473717371199996,True
11100,555,0,4.8701132075,False,0.140156428688,False,-0.072838101647,-0.14497511616800002,-0.00481868748031,True
11101,555,1,10.5653524601,False,0.10389097020600001,False,-0.047051830236800006,-0.0991290160639,0.0047619541421,False
11102,555,2,6.11913346704,False,0.0887531149277,False,-0.0486715415699,-0.09168371772489999,-0.0029306027972399997,True
11103,555,3,1.7735579508099997,False,0.0795643485373,True,-0.056982554278999994,-0.0961001488988,-0.0165358003616,True
11104,555,4,0.513469549637,False,0.0753369708154,True,-0.0620596293872,-0.10329237275599999,-0.0279554019403,True
11105,555,5,1.3771180676800001,False,0.06823954928090001,True,-0.0479634315581,-0.0808015561095,-0.0125620068286,True
11106,555,6,0.8822995282989999,False,0.0678341087749,True,-0.0519357049256,-0.086254191089,-0.018420082314099997,True
11107,555,7,0.7607626189899999,False,0.0670884036142,True,-0.052838308191300004,-0.0833850136496,-0.0162966100353,True
11108,555,8,0.7213966987880001,False,0.0633008920129,True,-0.051230127644499995,-0.08361614046589999,-0.020315248453,True
11109,555,9,3.3456998813300003,False,0.0622468800641,True,-0.040847347654,-0.0716879351477,-0.009441055083579999,True
11110,555,10,2.08684707961,False,0.0610969020072,True,-0.0417321743825,-0.0724349514063,-0.011338049399099999,True
11111,555,11,4.0618687501099995,False,0.061838875996699995,True,-0.0388514901874,-0.0698099456982,-0.00797106970151,True
11112,555,12,1.1293270164,False,0.05684606032819999,True,-0.0441654948236,-0.0730696096865,-0.016223549358299998,True
11113,555,13,1.2993199201899999,False,0.0590608187792,True,-0.0461156206121,-0.07469267782889999,-0.0156318590497,True
11114,555,14,0.000404780790899,True,0.0592026812359,True,-0.0585389336756,-0.088283099035,-0.0290804177991,True
11115,555,15,0.000231642047507,True,0.05805295241069999,True,-0.06422766338290001,-0.09300339822619999,-0.0349504458155,True
11116,555,16,0.0776123871964,True,0.0567489614291,True,-0.0633237705117,-0.08960915317939999,-0.0328601917503,True
11117,555,17,0.000872525148111,True,0.057135956978199995,True,-0.0648509999437,-0.09325776889769999,-0.0361218119195,True
11118,555,18,0.00985227857411,True,0.0549510092236,True,-0.0643240896385,-0.09220413224570001,-0.0372531230221,True
11119,555,19,0.00603908365334,True,0.0546309364996,True,-0.0599994672924,-0.0874677967052,-0.0328368602056,True
11120,556,0,31.548866395700003,False,0.142210108332,False,-0.00460252830948,-0.0813790998806,0.060831008451699996,False
11121,556,1,19.315350938399998,False,0.10651414705199999,False,-0.0366972488801,-0.0890645088016,0.0174496382501,False
11122,556,2,9.197199390449999,False,0.0905852371734,False,-0.0459867131857,-0.0887222589769,0.0018629781964999998,False
11123,556,3,3.79484667769,False,0.07681755248939999,True,-0.046602601334100005,-0.0863871985163,-0.00956964602694,True
11124,556,4,8.672427871310001,False,0.0713447633072,True,-0.0382945918249,-0.07327131512410001,-0.0019265518168800001,True
11125,556,5,2.6132301485900005,False,0.06968447228489999,True,-0.0459640860172,-0.0796502554928,-0.009965783207870001,True
11126,556,6,2.27146357374,False,0.06736527084430001,True,-0.0452711284469,-0.0775758510173,-0.010210580173,True
11127,556,7,1.9098622885499998,False,0.06464337982110001,True,-0.0442111075555,-0.0762902842166,-0.0116469043955,True
11128,556,8,1.5039543537600002,False,0.065072636014,True,-0.0476407587449,-0.080488506393,-0.015415870379000001,True
11129,556,9,0.778308189235,False,0.0604262547481,True,-0.047114555936900004,-0.0769733992628,-0.016547144514799998,True
11130,556,10,0.48180088573,False,0.0595623110727,True,-0.05071896986740001,-0.0814674130423,-0.021905101969599997,True
11131,556,11,1.40163678314,False,0.0607652299578,True,-0.0461658003878,-0.07862497061439999,-0.0178597406566,True
11132,556,12,0.48234590052500004,False,0.0600828257606,True,-0.050145250866599995,-0.0809614561803,-0.020878630419700003,True
11133,556,13,1.26224869037e-05,True,0.0595128036309,True,-0.057667514548399995,-0.08770447141689999,-0.028191667785999998,True
11134,556,14,0.025473991277400004,True,0.059952547261300004,True,-0.056394932040099995,-0.0883643261709,-0.0284117789096,True
11135,556,15,0.0032859391988900003,True,0.054832767907499996,True,-0.052442658027300006,-0.078720025601,-0.023887257693500002,True
11136,556,16,1.7605364123500002e-08,True,0.0563541384335,True,-0.0616530391567,-0.0898826707154,-0.033528532282,True
11137,556,17,0.00016142079611200004,True,0.056817498514199996,True,-0.059590784920100004,-0.0873472633403,-0.0305297648261,True
11138,556,18,2.3629627689700003e-10,True,0.056880131633800006,True,-0.0652285241668,-0.09415616586819998,-0.0372760342344,True
11139,556,19,4.8835275767e-10,True,0.05488546079469999,True,-0.0614049325701,-0.08759776126710002,-0.0327123004724,True
11140,557,0,19.357905355299998,False,0.14343455043,False,-0.0397583861837,-0.110148717359,0.0332858330709,False
11141,557,1,22.2123750975,False,0.102417953421,False,-0.0336789747052,-0.0843727773298,0.0180451760908,False
11142,557,2,40.7244524079,False,0.0884848458266,False,-0.0175459997013,-0.061729281638000004,0.026755564188599996,False
11143,557,3,13.905149183599999,False,0.0771284465004,True,-0.0363531803596,-0.0732897912891,0.00383865521137,False
11144,557,4,26.0734841686,False,0.0721351393607,True,-0.0255329924709,-0.062426751364,0.009708387996680001,False
11145,557,5,18.0770187708,False,0.0718261239496,True,-0.0294767002805,-0.0635419015993,0.00828422235032,False
11146,557,6,14.6903471899,False,0.0648512583108,True,-0.0308718742649,-0.062094576394800004,0.0027566819159899995,False
11147,557,7,0.9711901270859999,False,0.06395419516090001,True,-0.048098256838100005,-0.0778775032931,-0.013923308132200002,True
11148,557,8,0.45233773063500005,False,0.0646608128897,True,-0.056824186579400006,-0.08872924568639999,-0.024068432796700002,True
11149,557,9,0.012015509336899998,True,0.060747322291900004,True,-0.0610287856708,-0.09363619507200001,-0.0328888727801,True
11150,557,10,0.37590396315499996,False,0.060319912109099996,True,-0.0509197763914,-0.0831700718619,-0.022850159752799998,True
11151,557,11,0.5639096731800001,False,0.0610062391158,True,-0.05036385570640001,-0.08066603237310001,-0.019659793257400002,True
11152,557,12,0.101586182577,True,0.0604799038159,True,-0.053710704649400004,-0.08410572749160002,-0.023625823675700004,True
11153,557,13,0.213698623438,True,0.0603615274615,True,-0.054731375456800006,-0.08583726401039998,-0.025475736548799997,True
11154,557,14,0.27915249448699997,True,0.0569795606475,True,-0.0581556800095,-0.08605217933539999,-0.029072618687900002,True
11155,557,15,0.0161873959063,True,0.0572405261321,True,-0.0612209923032,-0.0900206869599,-0.0327801608278,True
11156,557,16,0.0106941680519,True,0.0567088711698,True,-0.055473416387099996,-0.0823280547674,-0.025619183597599997,True
11157,557,17,0.107840532777,True,0.0559312929486,True,-0.0593072171381,-0.08814680527110001,-0.0322155123226,True
11158,557,18,0.0586442294651,True,0.056334792671800006,True,-0.0593807743741,-0.0859453017855,-0.0296105091138,True
11159,557,19,0.000512333213427,True,0.0557643611702,True,-0.0598777139246,-0.08861730044780002,-0.0328529392777,True
11160,558,0,26.8474975573,False,0.143811641165,False,-0.0270714603064,-0.09566672538999998,0.0481449157753,False
11161,558,1,17.6227347412,False,0.107205373619,False,-0.037904484943,-0.091297040413,0.015908333206,False
11162,558,2,1.7847279588099998,False,0.0874622019072,False,-0.0587620359729,-0.10152673698300001,-0.014064535075299998,True
11163,558,3,4.5893057508999995,False,0.07669850802460002,True,-0.0463171145025,-0.083854744046,-0.007156236021369999,True
11164,558,4,0.9805271872169999,False,0.07265704379030001,True,-0.0545323224424,-0.09151486762630001,-0.018857823836,True
11165,558,5,0.257556315611,True,0.071301681014,True,-0.0598050316488,-0.0951426733708,-0.0238409923569,True
11166,558,6,0.40053856531800003,False,0.06615273827530001,True,-0.054823281027899996,-0.0897440717295,-0.023591333454299996,True
11167,558,7,0.637596951243,False,0.0636882667088,True,-0.0543454024601,-0.0876035844729,-0.0239153177641,True
11168,558,8,0.983605351487,False,0.0672561222655,True,-0.051979624215400005,-0.084241006863,-0.0169848845976,True
11169,558,9,0.18999960258200002,True,0.061547680490499995,True,-0.056142230973300004,-0.0868792479421,-0.0253315674516,True
11170,558,10,0.0015565206472999999,True,0.0607696898201,True,-0.0604161196258,-0.0900089112312,-0.029239221411099997,True
11171,558,11,1.3646358187099998e-12,True,0.056787084593400004,True,-0.07006684036889999,-0.0993084446956,-0.0425213601021,True
11172,558,12,0.004762652178210001,True,0.0612540242829,True,-0.0707864810256,-0.100780540036,-0.039526515753500004,True
11173,558,13,6.891475132800001e-13,True,0.057744611682099996,True,-0.06740340784059999,-0.0967276273597,-0.038983015677699996,True
11174,558,14,3.0437831944599997e-10,True,0.0588539299104,True,-0.07469833885869999,-0.10433075178,-0.045476821869999996,True
11175,558,15,5.54787253987e-06,True,0.0575603375015,True,-0.0685662088684,-0.0964649515303,-0.0389046140289,True
11176,558,16,3.84494088456e-21,True,0.055865588711900005,True,-0.0717029908281,-0.09903459854499999,-0.0431690098331,True
11177,558,17,3.32328712703e-11,True,0.0578140553385,True,-0.0692476687714,-0.09788990545019999,-0.0400758501118,True
11178,558,18,9.7219622647e-14,True,0.054821862942800004,True,-0.0667655302092,-0.095067558991,-0.0402456960481,True
11179,558,19,0.0360042640788,True,0.0576255590822,True,-0.06524245528099999,-0.0927152625203,-0.0350897034381,True
11180,559,0,6.73225413952,False,0.149116298433,False,-0.06862244543,-0.138006121153,0.011110177280299999,False
11181,559,1,0.9499533866069999,False,0.10613571063999999,False,-0.0770173892517,-0.128556629798,-0.0224209191579,True
11182,559,2,0.354833835604,False,0.0885459202073,False,-0.0743970506954,-0.121316688805,-0.0327707685978,True
11183,559,3,0.106330694849,True,0.0797606343298,True,-0.08371789523510001,-0.12233660729,-0.0425759729605,True
11184,559,4,0.0012837386007599999,True,0.07342085282710001,True,-0.07672186936019999,-0.115477189619,-0.042056336791900004,True
11185,559,5,0.0019459559462000002,True,0.06986000837939998,True,-0.0738279632426,-0.106956516357,-0.0370965079774,True
11186,559,6,0.0678581253341,True,0.06836801221630001,True,-0.0644621410906,-0.100989784525,-0.032621772309099996,True
11187,559,7,0.019801645902499998,True,0.0649034527751,True,-0.0585343767633,-0.0909753817953,-0.0260719290202,True
11188,559,8,0.039212744074900004,True,0.06244914570730001,True,-0.0663586180736,-0.0971132555625,-0.0346641098552,True
11189,559,9,0.160497167067,True,0.0610029582747,True,-0.055779996604,-0.0858124854992,-0.024809527224499996,True
11190,559,10,0.00139415778517,True,0.059591330233699995,True,-0.0651598265809,-0.0947856176877,-0.035194287453900006,True
11191,559,11,2.93628561562e-09,True,0.060713512584600005,True,-0.0664783582299,-0.0979118794978,-0.0371983669132,True
11192,559,12,3.02805951103e-14,True,0.0592499195247,True,-0.0714732638907,-0.10098709322100001,-0.0417371736958,True
11193,559,13,0.000292520773635,True,0.057085631057,True,-0.0658909904751,-0.09448271799339998,-0.0373970869364,True
11194,559,14,0.47621171068499996,False,0.05983590702219999,True,-0.054192527239999996,-0.08159449805039999,-0.0217585910283,True
11195,559,15,0.0818334388607,True,0.0597568451468,True,-0.0557067709559,-0.0851016139625,-0.025344768815599997,True
11196,559,16,0.111122852505,True,0.056244638707,True,-0.0560433370868,-0.0847144331703,-0.0284697944633,True
11197,559,17,0.00021536292361099997,True,0.0565441014256,True,-0.0567428670939,-0.084947154669,-0.028403053243400003,True
11198,559,18,2.0847256067200004e-12,True,0.055435140605199995,True,-0.0622611497652,-0.09032098691689999,-0.0348858463117,True
11199,559,19,2.08509922932e-06,True,0.0561329012678,True,-0.060135633354000004,-0.0901138016432,-0.0339809003754,True
11200,560,0,23.9214776626,False,0.138107179229,False,-0.0295056808782,-0.10174648853700001,0.036360690692099996,False
11201,560,1,21.4098262428,False,0.106757835789,False,-0.0338386940332,-0.0860235818008,0.020734253988599998,False
11202,560,2,26.807949359200002,False,0.0920061390088,False,-0.0268348466428,-0.0700396514877,0.021966487521099996,False
11203,560,3,9.41890703883,False,0.08047695138439999,False,-0.0409652844196,-0.0825535937048,-0.00207664232039,True
11204,560,4,12.6377929458,False,0.076321216287,True,-0.0348007969169,-0.0731992680627,0.00312194822426,False
11205,560,5,10.2214078509,False,0.0718959223515,True,-0.035296575198900004,-0.0706469223444,0.00124900000704,False
11206,560,6,5.032736890280001,False,0.0654573295609,True,-0.0390123165257,-0.07208565393500001,-0.0066283243741100005,True
11207,560,7,1.9628288817400001,False,0.0661493707417,True,-0.045622822021300004,-0.0793022657815,-0.0131528950399,True
11208,560,8,0.15803026491900002,True,0.062430636549199996,True,-0.0579950279722,-0.0898457455035,-0.0274151089543,True
11209,560,9,0.09312249901769999,True,0.0617512656993,True,-0.0635915562143,-0.09354018855810002,-0.0317889228588,True
11210,560,10,0.0335185899635,True,0.06093092598230001,True,-0.0650227534615,-0.0936763581253,-0.032745432143,True
11211,560,11,4.7845579767400004e-08,True,0.0600533046015,True,-0.07023280771030001,-0.09977375403110002,-0.0397204494296,True
11212,560,12,8.77961444108e-16,True,0.0611783996004,True,-0.0752945169576,-0.10695925339500001,-0.04578085379459999,True
11213,560,13,2.02414921095e-06,True,0.0589577615785,True,-0.0629231654953,-0.0944874285465,-0.0355296669681,True
11214,560,14,3.23186023762e-05,True,0.0577724231466,True,-0.06384520272199999,-0.09122493249460001,-0.033452509348,True
11215,560,15,2.19851789797e-08,True,0.057258373934000004,True,-0.0658736264601,-0.0942928283222,-0.0370344543882,True
11216,560,16,1.54325497129e-09,True,0.0567183602618,True,-0.0637943038328,-0.09214381831480001,-0.0354254580531,True
11217,560,17,0.007057329550420001,True,0.057445797154099996,True,-0.06365979908649999,-0.09302946384029999,-0.0355836666861,True
11218,560,18,2.5194987039099995e-26,True,0.055425118514099994,True,-0.0750837515704,-0.10418254583999999,-0.0487574273255,True
11219,560,19,1.09750152462e-26,True,0.056028631285,True,-0.07584217781000001,-0.103615635666,-0.047587004381400004,True
11220,561,0,1.9475876000499999,False,0.145959184484,False,-0.09354328950580001,-0.16642350880999998,-0.020464324326400003,True
11221,561,1,0.0176706174225,True,0.103067025021,False,-0.09693404384089999,-0.148729920099,-0.0456628950785,True
11222,561,2,0.112879528101,True,0.0886565262984,False,-0.0889637463037,-0.135221254023,-0.04656472772419999,True
11223,561,3,0.0435140540995,True,0.0824434231708,False,-0.0718459543385,-0.11191185412999999,-0.0294684309595,True
11224,561,4,0.00013887258157799996,True,0.0751759831625,True,-0.07653635466799999,-0.112695036374,-0.0375190532116,True
11225,561,5,0.0442849954554,True,0.0686328392029,True,-0.0788497501466,-0.11249966708499999,-0.043866827881899995,True
11226,561,6,1.09205187809e-07,True,0.0658839196721,True,-0.0771457921622,-0.11121596941400001,-0.0453320497424,True
11227,561,7,0.0713066468966,True,0.06321706482850001,True,-0.059533510946899994,-0.092316246411,-0.029099181582499998,True
11228,561,8,0.13132343067299998,True,0.0641464700242,True,-0.0623899839405,-0.093960562522,-0.029814092497799996,True
11229,561,9,8.19714668087e-05,True,0.0623533486996,True,-0.06364276224019999,-0.0959608411128,-0.0336074924132,True
11230,561,10,0.082254628014,True,0.059861818426599996,True,-0.0589121582663,-0.08889072005339999,-0.0290289016269,True
11231,561,11,0.22833302810199999,True,0.0611673190422,True,-0.0560051344972,-0.08678822524669999,-0.0256209062045,True
11232,561,12,0.0714988869798,True,0.0600454088902,True,-0.0571195594184,-0.0860030112338,-0.025957602343599995,True
11233,561,13,0.823784327538,False,0.057527307648,True,-0.0485006122094,-0.07508312935839999,-0.0175558217103,True
11234,561,14,1.09755714349,False,0.05732488453919999,True,-0.04804669566880001,-0.07546697242549999,-0.0181420878863,True
11235,561,15,0.6698821312309999,False,0.0577447154249,True,-0.047172936139400004,-0.0757853026218,-0.0180405871969,True
11236,561,16,0.8535194530660001,False,0.0562171929416,True,-0.0438963013662,-0.0726043549051,-0.0163871619635,True
11237,561,17,0.7427249478219999,False,0.05735286824659999,True,-0.0432746810695,-0.072176062201,-0.014823193954399998,True
11238,561,18,1.61747588914,False,0.05655659881709999,True,-0.041042309735400004,-0.06871875024469999,-0.0121621514277,True
11239,561,19,0.6304984155460001,False,0.055950210951100005,True,-0.0450246911218,-0.0727590043964,-0.016808793445299997,True
11240,562,0,33.2823030794,False,0.140483720414,False,-0.007239230539439999,-0.0797464329306,0.0607372874831,False
11241,562,1,27.010917079000002,False,0.104711644275,False,-0.029153955203299997,-0.08493030693779999,0.019781337337099997,False
11242,562,2,26.2154462408,False,0.0889409545672,False,-0.028370731275499998,-0.07258550691339999,0.0163554476538,False
11243,562,3,50.775585255900005,False,0.07970683843569999,True,-0.0121951116279,-0.0520647301598,0.027642108275900003,False
11244,562,4,40.5665535497,False,0.0722378436385,True,-0.018067179680400003,-0.053385181286899994,0.0188526623517,False
11245,562,5,25.642829737399996,False,0.0678572823664,True,-0.026583844866299996,-0.0586878634408,0.00916941892559,False
11246,562,6,27.493962499600002,False,0.0669507757643,True,-0.025175562763,-0.059919452773599995,0.00703132299071,False
11247,562,7,14.793299867,False,0.06354507083909999,True,-0.030496536073900002,-0.061539950112300006,0.0020051207268,False
11248,562,8,4.99505949615,False,0.0615078269703,True,-0.0375489454695,-0.06809195067769999,-0.006584123707420001,True
11249,562,9,1.5388010784000001,False,0.060685491276500005,True,-0.0459628660357,-0.07799975341289998,-0.017314262136400003,True
11250,562,10,1.590562241,False,0.0603139838724,True,-0.0441549267918,-0.0746827520081,-0.0143687681357,True
11251,562,11,0.280838413059,True,0.0584331053144,True,-0.05287577569080001,-0.0809671344947,-0.022534029180299998,True
11252,562,12,0.060444823108,True,0.05958795518209999,True,-0.0587307158751,-0.0867741776045,-0.0271862224224,True
11253,562,13,0.0835829136022,True,0.057515795762400006,True,-0.056552257362500004,-0.084684454056,-0.0271686582936,True
11254,562,14,0.0104284647751,True,0.055747592595,True,-0.059762236153499994,-0.0887610762663,-0.033013483671300005,True
11255,562,15,0.00988950812427,True,0.058390993403900006,True,-0.0637146099535,-0.0928652050472,-0.034474211643400005,True
11256,562,16,0.00312873980859,True,0.0573973866759,True,-0.056306806188000005,-0.08451150182910001,-0.027114115153200002,True
11257,562,17,0.000273857878454,True,0.057644800680200003,True,-0.0582702250567,-0.0885665134512,-0.030921712771,True
11258,562,18,0.147531416763,True,0.057346795041199994,True,-0.0504521282868,-0.0792096664777,-0.0218628714365,True
11259,562,19,0.0827523764751,True,0.054371128846399996,True,-0.0548762771114,-0.083277442908,-0.0289063140616,True
11260,563,0,22.7866615557,False,0.142483477622,False,-0.0322949253724,-0.105294239849,0.037189237772400005,False
11261,563,1,14.3902726748,False,0.107368470283,False,-0.0408759953249,-0.0913950436367,0.0159734266467,False
11262,563,2,20.7054853229,False,0.0869280200622,False,-0.0317486924082,-0.0750257659557,0.011902254106499999,False
11263,563,3,40.2724745263,False,0.08051087590039999,False,-0.0195072534406,-0.057956909147199996,0.0225539667532,False
11264,563,4,15.609719461700001,False,0.0749221215018,True,-0.031543837893,-0.0672218297731,0.00770029172867,False
11265,563,5,4.83129021176,False,0.06962365220700001,True,-0.0417012090509,-0.0768114775726,-0.007187825365679999,True
11266,563,6,1.7853933352900002,False,0.0648294243244,True,-0.0458855826166,-0.0787392415362,-0.013909817211799999,True
11267,563,7,2.4220700823400003,False,0.0629517166938,True,-0.0430360882817,-0.0744488903731,-0.0114971736793,True
11268,563,8,3.48113096993,False,0.0610307222937,True,-0.039655881322099996,-0.0675908791162,-0.00656015682258,True
11269,563,9,2.70876155588,False,0.0593580689309,True,-0.039900979157,-0.0688691499543,-0.00951108102342,True
11270,563,10,2.9267022300200005,False,0.0583588489329,True,-0.0391256024309,-0.0679677550433,-0.00960890611035,True
11271,563,11,2.37159339988,False,0.0594800782246,True,-0.0412665141665,-0.0707939013877,-0.011313823163100001,True
11272,563,12,2.45526274871,False,0.0597934097393,True,-0.040198392112,-0.0694581931295,-0.00966478339026,True
11273,563,13,1.3739942403799998,False,0.057677282439400006,True,-0.042223072703400005,-0.0713195221825,-0.0136422397431,True
11274,563,14,0.352136284001,False,0.0571489097295,True,-0.0501516107586,-0.07921992672980001,-0.0220710170004,True
11275,563,15,0.0529364203755,True,0.058114499467900003,True,-0.054717941864599995,-0.08274771105539999,-0.0246332115875,True
11276,563,16,0.00033994878714700005,True,0.0568825230335,True,-0.0598547464034,-0.0888209244163,-0.0319384013829,True
11277,563,17,0.00141821596242,True,0.0562811602644,True,-0.0603878056657,-0.0891445114724,-0.0328633512079,True
11278,563,18,0.00141991074995,True,0.0565104090008,True,-0.0641336201853,-0.09297451928179999,-0.036464110281,True
11279,563,19,2.01571463621e-11,True,0.05686441105000001,True,-0.0682646618187,-0.09876140052780001,-0.041896989477800003,True
11280,564,0,27.724674662600002,False,0.140456417277,False,-0.022645824721499997,-0.0941265874639,0.046329829813599996,False
11281,564,1,42.4509865214,False,0.10486127554500001,False,-0.0107503127396,-0.0639316427982,0.040929632746699994,False
11282,564,2,36.8075232808,False,0.08883849624430001,False,-0.0199753994648,-0.06448031913010001,0.024358177114200002,False
11283,564,3,10.8040079797,False,0.0807935081491,False,-0.0402000466795,-0.0793761908276,0.0014173173215500001,False
11284,564,4,6.097796606319999,False,0.0750841018055,True,-0.043663683254500006,-0.08157638615110001,-0.006492284345560001,True
11285,564,5,7.1520058333200005,False,0.0679214626205,True,-0.0375123383111,-0.07221099431689999,-0.00428953169643,True
11286,564,6,25.1331626151,False,0.0678507855863,True,-0.025484662080099998,-0.059759220940500006,0.00809156464579,False
11287,564,7,12.748743620399999,False,0.06445869537,True,-0.031566933105,-0.06457229530740001,-0.000113599937355,True
11288,564,8,5.386915173589999,False,0.06504127930919999,True,-0.0387147233403,-0.0716858615881,-0.00664458227892,True
11289,564,9,1.5917178229799998,False,0.0618172583024,True,-0.0469317350538,-0.07596006293539999,-0.014142804633,True
11290,564,10,0.396986564356,False,0.0620182601876,True,-0.0540532120533,-0.0841544166348,-0.022136156447200003,True
11291,564,11,0.6794656215199999,False,0.0615354935745,True,-0.051513243334300005,-0.08056985390539999,-0.019034360331,True
11292,564,12,0.00476265241217,True,0.056633374261,True,-0.0550063205068,-0.08361741292880001,-0.026984038667799998,True
11293,564,13,9.0101046559e-06,True,0.060615535635199995,True,-0.060636282700300005,-0.0927251414754,-0.0321096058402,True
11294,564,14,3.32611311377e-07,True,0.0583491746786,True,-0.0634402757437,-0.0905006736548,-0.032151498976199996,True
11295,564,15,3.1915080271e-09,True,0.0550829077345,True,-0.0675553759574,-0.09392229285760001,-0.038839385123,True
11296,564,16,6.45032909014e-09,True,0.0566934755182,True,-0.0699128852532,-0.0992024966253,-0.0425090211071,True
11297,564,17,1.13301610859e-16,True,0.056947347362599994,True,-0.0750147620613,-0.10520749479000001,-0.048260147427,True
11298,564,18,3.581425615300001e-21,True,0.0545113451109,True,-0.0753350582977,-0.102799375779,-0.048288030668099995,True
11299,564,19,3.73241496329e-23,True,0.0548800607847,True,-0.0740500330227,-0.102325164638,-0.04744510385319999,True
11300,565,0,31.468538769200002,False,0.142038729375,False,-0.00832729283099,-0.0811234124735,0.0609153169018,False
11301,565,1,45.0585783881,False,0.10445658487,False,0.0015971890817799998,-0.0502696263866,0.054186958482999995,False
11302,565,2,53.85914327,False,0.085107885906,False,0.00618555263267,-0.0385654722366,0.0465424136694,False
11303,565,3,58.3662547551,False,0.0781959805798,True,0.00222451437704,-0.0345742359191,0.0436217446607,False
11304,565,4,62.492958870100004,False,0.07209020077060001,True,-0.005202161412069999,-0.0418840584634,0.0302061423072,False
11305,565,5,46.7911261094,False,0.0713397582801,True,-0.0164365725411,-0.0511360750481,0.020203683231900003,False
11306,565,6,50.575034748,False,0.0664291267984,True,-0.014968226986400001,-0.049849860062800004,0.0165792667356,False
11307,565,7,37.2114752023,False,0.06585414893540001,True,-0.0191771708886,-0.051124391717800005,0.014729757217700002,False
11308,565,8,16.4625664066,False,0.063644248886,True,-0.028619701279700004,-0.059196516664800004,0.00444773222126,False
11309,565,9,9.186197459419999,False,0.0619140914305,True,-0.0330497098505,-0.0627972561034,-0.0008831646729860001,True
11310,565,10,3.8305400833,False,0.058739731180099994,True,-0.037946166903,-0.0669471403141,-0.00820740913404,True
11311,565,11,0.222027080602,True,0.0626584700284,True,-0.052135534125300004,-0.08460944992180001,-0.021950979893400002,True
11312,565,12,0.438121952907,False,0.06019524966919999,True,-0.049097869127,-0.0801202829929,-0.0199250333237,True
11313,565,13,0.00331725881231,True,0.0578522575903,True,-0.0599750463772,-0.0888812181143,-0.031028960524,True
11314,565,14,0.0573957765697,True,0.057206073099600005,True,-0.0585830423503,-0.088080268017,-0.0308741949174,True
11315,565,15,6.94390658124e-06,True,0.0560854733379,True,-0.0626579215426,-0.09015548970760001,-0.0340700163697,True
11316,565,16,2.3420183597399998e-15,True,0.0575982806608,True,-0.0677969954617,-0.09531809712179999,-0.037719816461,True
11317,565,17,2.1169688383199998e-07,True,0.05706590736819999,True,-0.0632802227479,-0.0929489854567,-0.035883078088500005,True
11318,565,18,0.00102618949383,True,0.0559803992782,True,-0.058805069073199996,-0.0854652843376,-0.0294848850594,True
11319,565,19,0.000257171211561,True,0.056623049582400005,True,-0.0630554802278,-0.09107029679260001,-0.0344472472102,True
11320,566,0,32.4757982319,False,0.134315636446,False,-0.014767164443299998,-0.0833587747537,0.050956861692000005,False
11321,566,1,10.896859301900001,False,0.10473779435599999,False,-0.0452581271557,-0.0986775103473,0.006060284008279999,False
11322,566,2,7.260104336810001,False,0.08915572890489999,False,-0.0473977335798,-0.08867141395089999,0.00048431495394800003,False
11323,566,3,10.8883080979,False,0.0821849146727,False,-0.0385554194627,-0.0800464171052,0.00213849756745,False
11324,566,4,0.37625156044,False,0.0732696955139,True,-0.0654873419369,-0.101724709158,-0.028455013643999997,True
11325,566,5,1.4847585003200001,False,0.07142365362160001,True,-0.0523688280183,-0.0880661245657,-0.016642470944100003,True
11326,566,6,0.765501801195,False,0.0679036073919,True,-0.055485614541999996,-0.08960452669189999,-0.0217009193001,True
11327,566,7,0.0244512630665,True,0.06684796045409999,True,-0.0672434001855,-0.100366425576,-0.0335184651217,True
11328,566,8,0.00190018877313,True,0.0628745624591,True,-0.0614337970802,-0.09546086468289999,-0.0325863022238,True
11329,566,9,0.005838596486859999,True,0.06173573274,True,-0.0654666623152,-0.0975003424791,-0.0357646097391,True
11330,566,10,0.00011849923896200001,True,0.062137485400800004,True,-0.0654091100667,-0.0967594928906,-0.0346220074898,True
11331,566,11,6.23878341725e-10,True,0.0588515716861,True,-0.0678534127223,-0.09721128666750001,-0.038359714981400006,True
11332,566,12,2.07866457683e-19,True,0.0608954560381,True,-0.07547641220380001,-0.10712811776,-0.0462326617215,True
11333,566,13,2.49449264231e-06,True,0.0564234306408,True,-0.07137177353060001,-0.0989852730745,-0.042561842433699995,True
11334,566,14,0.000104393682195,True,0.0582221092799,True,-0.0645931584171,-0.09567817740949999,-0.0374560681295,True
11335,566,15,0.00010120725197100001,True,0.0587243691006,True,-0.07093560356610001,-0.101481697706,-0.042757328605899994,True
11336,566,16,9.11028028032e-20,True,0.056241378293300004,True,-0.076404735396,-0.10475625377999999,-0.048514875486599995,True
11337,566,17,1.77184771974e-23,True,0.0548569586649,True,-0.0759555050211,-0.10257568205800001,-0.047718723392699995,True
11338,566,18,9.85746023502e-12,True,0.0541415325406,True,-0.0661289417296,-0.0920593957227,-0.0379178631821,True
11339,566,19,1.89918867338e-06,True,0.0576227759073,True,-0.06652633337069999,-0.09442651281539999,-0.0368037369081,True
11340,567,0,6.683412070219999,False,0.148104092101,False,-0.06826342097799999,-0.139582459801,0.00852163229915,False
11341,567,1,17.212481830799998,False,0.10357513886499999,False,-0.037867578555,-0.08677482008760001,0.0168003187777,False
11342,567,2,9.974858708080001,False,0.08943966981149999,False,-0.041012229761900006,-0.08933055244249999,0.000109117369043,False
11343,567,3,4.85055222475,False,0.0786118972116,True,-0.045381460181400005,-0.0873943498997,-0.008782452688110001,True
11344,567,4,8.536254525510001,False,0.0738443913829,True,-0.039593733211300004,-0.0757563940747,-0.0019120026917400002,True
11345,567,5,7.670519230610001,False,0.0703602205237,True,-0.03880002398559999,-0.0734844651821,-0.0031242446583800002,True
11346,567,6,6.29099838684,False,0.067812565327,True,-0.0389726827639,-0.0735028642307,-0.0056902989037,True
11347,567,7,2.28491767402,False,0.0638563252219,True,-0.043545902091199996,-0.0777252334677,-0.013868908245700001,True
11348,567,8,3.6969773917400004,False,0.0624846301022,True,-0.040075939132,-0.072199416256,-0.009714786153729999,True
11349,567,9,1.62362717986,False,0.0603113648775,True,-0.0440489047375,-0.07416206093910001,-0.0138506960616,True
11350,567,10,0.362115892221,False,0.061033174439699994,True,-0.0533240330267,-0.0819032200848,-0.020870045645,True
11351,567,11,0.360441690882,False,0.059610019640499994,True,-0.052707539146300005,-0.0818342585411,-0.022224238900599998,True
11352,567,12,0.159622602887,True,0.059081202058699996,True,-0.05429078756630001,-0.0849339216202,-0.0258527195615,True
11353,567,13,0.00836647771036,True,0.0580630595544,True,-0.053887451641499995,-0.083376704076,-0.0253136445216,True
11354,567,14,0.290302646683,True,0.0595898217028,True,-0.0510447345342,-0.082561506635,-0.0229716849322,True
11355,567,15,0.00014903619245800002,True,0.0564674884898,True,-0.0562613147882,-0.0843518422329,-0.027884353743,True
11356,567,16,6.88646634112e-05,True,0.05690377401359999,True,-0.060308869427699995,-0.088839532947,-0.0319357589334,True
11357,567,17,2.31901216691e-05,True,0.0568656195934,True,-0.0620500736131,-0.09030373435820001,-0.0334381147648,True
11358,567,18,2.86891726311e-11,True,0.058361424897400004,True,-0.067874369388,-0.0968942238877,-0.0385327989903,True
11359,567,19,2.16677332187e-08,True,0.054339312001099996,True,-0.0721462547342,-0.0997817006353,-0.04544238863419999,True
11360,568,0,30.5272779925,False,0.134842407754,False,0.011671780484499999,-0.054591402289500005,0.0802510054643,False
11361,568,1,44.24364288060001,False,0.101416789112,False,-0.011113930996,-0.0629150475872,0.0385017415251,False
11362,568,2,16.0511544709,False,0.0887804529471,False,-0.036951566373,-0.0813952244387,0.0073852285084199994,False
11363,568,3,25.835039752800004,False,0.0780688184715,True,-0.026656751939599998,-0.0636101337013,0.0144586847702,False
11364,568,4,24.2645984379,False,0.0731691905226,True,-0.026709812604499998,-0.0614026065991,0.011766583923500001,False
11365,568,5,11.8045015349,False,0.0723857225236,True,-0.0342250856137,-0.07224323956260001,0.000142482960962,False
11366,568,6,14.435340521099999,False,0.06723633563090001,True,-0.0321717011842,-0.0648388006175,0.00239753501337,False
11367,568,7,5.238433772900001,False,0.0661062485083,True,-0.0388362983424,-0.0707210495588,-0.0046148010505,True
11368,568,8,3.27171328329,False,0.06277091451,True,-0.04230212635430001,-0.07526008150880001,-0.0124891669988,True
11369,568,9,6.957054085139999,False,0.060691327857999994,True,-0.035838749143,-0.0672752466507,-0.00658391879268,True
11370,568,10,8.52566680218,False,0.06125234581680001,True,-0.0339649295997,-0.063477458003,-0.00222511218619,True
11371,568,11,11.5002995806,False,0.0606888662952,True,-0.030473289681,-0.0595769798484,0.0011118864468099999,False
11372,568,12,6.59833393035,False,0.059379333818899996,True,-0.034550435072699996,-0.0654030266628,-0.00602369284389,True
11373,568,13,4.2911461563,False,0.0574197915986,True,-0.0368317765626,-0.0671792564644,-0.00975946486582,True
11374,568,14,1.3815260410899999,False,0.057845046481300004,True,-0.0432045723222,-0.07270559853160001,-0.014860552050299998,True
11375,568,15,2.36889675135,False,0.058457984811500004,True,-0.0406946732625,-0.0685138808734,-0.010055896061899999,True
11376,568,16,0.246935576964,True,0.056041220917499995,True,-0.050354495014,-0.08031027526380001,-0.0242690543463,True
11377,568,17,0.149078398937,True,0.0572308186033,True,-0.053272453615,-0.0821677921958,-0.0249369735925,True
11378,568,18,0.397387812389,False,0.055821020475199996,True,-0.0525284237915,-0.0793376928338,-0.0235166723586,True
11379,568,19,0.545587648726,False,0.0553073096516,True,-0.048485085252300004,-0.0757300962159,-0.0204227865644,True
11380,569,0,28.2981063254,False,0.141895899373,False,0.0216094245404,-0.0482517986778,0.0936441006954,False
11381,569,1,42.6401077978,False,0.101360686037,False,-0.0103152241486,-0.062284651261599995,0.0390760347758,False
11382,569,2,46.6031139113,False,0.089414682623,False,0.0118966741007,-0.031981225704099996,0.05743345691880001,False
11383,569,3,26.3357291317,False,0.0781239422737,True,-0.026969813401000003,-0.0657172608027,0.012406681470999999,False
11384,569,4,18.224031425499998,False,0.0739523653632,True,-0.029938613686000003,-0.06695780707230001,0.00699455829087,False
11385,569,5,25.9169697175,False,0.0712320563444,True,-0.0255585344454,-0.0604247229902,0.010807333354200001,False
11386,569,6,22.4502110562,False,0.0654245725428,True,-0.027633449543900002,-0.061914989971,0.00350958257179,False
11387,569,7,16.235068359,False,0.06580445066980001,True,-0.029968334076400004,-0.06318544570989999,0.00261900495984,False
11388,569,8,8.085739821830002,False,0.061068029237400005,True,-0.0343603501065,-0.06619063830289999,-0.00512260906554,True
11389,569,9,8.59162609741,False,0.0628367211462,True,-0.034214484375400006,-0.0660263926332,-0.0031896714870100003,True
11390,569,10,10.9148931335,False,0.06374645395510001,True,-0.0317622115613,-0.06632937078869999,-0.00258291683358,True
11391,569,11,11.201905565399999,False,0.06027555898919999,True,-0.030386135953599996,-0.06150682388190001,-0.00123126489272,True
11392,569,12,13.9915704249,False,0.060123668710500004,True,-0.0289088310718,-0.060318424313,-0.00019475560253799998,True
11393,569,13,4.92364105861,False,0.0570940088791,True,-0.0355652514153,-0.0637034542978,-0.006609445418680001,True
11394,569,14,5.83578021577,False,0.057843196788099994,True,-0.034840000546699994,-0.0646723069778,-0.006829110189680001,True
11395,569,15,2.29743931438,False,0.0572517118623,True,-0.040484970598699994,-0.0696573153481,-0.0124056034858,True
11396,569,16,2.57001553125,False,0.0568328953432,True,-0.0385499482683,-0.0665204123631,-0.00968751701991,True
11397,569,17,0.551743332204,False,0.0563954079695,True,-0.0479508796674,-0.0758386150966,-0.019443207127099998,True
11398,569,18,0.267818884443,True,0.05552776374940001,True,-0.050382054107599994,-0.0763973952855,-0.0208696315361,True
11399,569,19,0.10939599342499999,True,0.056812775208700005,True,-0.053709833943300006,-0.082467117197,-0.0256543419883,True
11400,570,0,12.6567209878,False,0.139389186662,False,-0.05317812156909999,-0.12236845031,0.017020736352,False
11401,570,1,0.43738845996799997,False,0.10549886255,False,-0.07803916045189999,-0.13282037277699998,-0.0273215102268,True
11402,570,2,0.9160644290350001,False,0.087136730156,False,-0.0661303777698,-0.11002643003799999,-0.0228896998819,True
11403,570,3,0.17063684234499998,True,0.0805325739892,False,-0.07157457072260001,-0.11154955628499999,-0.0310169822957,True
11404,570,4,0.8298630540690001,False,0.0732545035318,True,-0.0559837424892,-0.0934225079417,-0.020168004409900003,True
11405,570,5,0.939243719799,False,0.07185496231430001,True,-0.054377056026699996,-0.08993624755110001,-0.0180812852368,True
11406,570,6,3.6745667741400005,False,0.0687685591787,True,-0.042570549133,-0.0750400744881,-0.006271515309340001,True
11407,570,7,3.11671819337,False,0.06557528578420001,True,-0.0426407013567,-0.0742515309288,-0.00867624514458,True
11408,570,8,5.47590199207,False,0.06336781756860001,True,-0.036655323364800006,-0.07010912363710001,-0.006741306068439999,True
11409,570,9,12.6128681598,False,0.06122190138719999,True,-0.0308000858409,-0.059762481068500004,0.0014594203187800001,False
11410,570,10,11.1679203285,False,0.0609779988858,True,-0.0316277689965,-0.060756240894900004,0.00022175799098099998,False
11411,570,11,5.2376637735800005,False,0.0582521575607,True,-0.0361893265913,-0.0652488657257,-0.006996708165020001,True
11412,570,12,2.7255762362800002,False,0.0580562262598,True,-0.0391778283282,-0.0673373103916,-0.009281084131790001,True
11413,570,13,0.57312488611,False,0.058745969314,True,-0.0480897936878,-0.0780086442108,-0.019262674896900003,True
11414,570,14,0.227356957541,True,0.056111894736800005,True,-0.0497157078488,-0.0790780336621,-0.022966138925299997,True
11415,570,15,0.832565110357,False,0.0572374572045,True,-0.0512600845548,-0.0801881500815,-0.022950692877000002,True
11416,570,16,0.817123195938,False,0.056773719679500005,True,-0.0439513879686,-0.0729944202265,-0.016220700547,True
11417,570,17,0.24438207998199998,True,0.056974426962900004,True,-0.0514297690056,-0.0797429253954,-0.0227684984325,True
11418,570,18,0.570003084099,False,0.0552366965933,True,-0.047037671616000004,-0.07444778676989999,-0.0192110901766,True
11419,570,19,0.259400457473,True,0.0552975787409,True,-0.0518426171866,-0.0792256414453,-0.0239280627044,True
11420,571,0,28.1249752419,False,0.145524225334,False,-0.021390954257299997,-0.09430544793880001,0.0512187773953,False
11421,571,1,27.666874458600002,False,0.09950329891580001,False,-0.027194212577,-0.0784346722503,0.021068626665500002,False
11422,571,2,5.8456128749500005,False,0.09078285802239999,False,-0.0495918011979,-0.09459676629370001,-0.00381390827131,True
11423,571,3,2.24619033791,False,0.0817576875915,False,-0.0533286388389,-0.09236011080610002,-0.0106024232146,True
11424,571,4,8.89718819579,False,0.07480823923930001,True,-0.039531081677699996,-0.0767944799863,-0.00198624074699,True
11425,571,5,2.6554191344099998,False,0.0709308377589,True,-0.0466533949884,-0.0833668145757,-0.0124359768169,True
11426,571,6,1.22317783882,False,0.06898884980060001,True,-0.049097700983300005,-0.08401013075489999,-0.0150212809543,True
11427,571,7,0.402739537742,False,0.0661474016669,True,-0.0552520182625,-0.08897971251329999,-0.0228323108464,True
11428,571,8,0.7514067384729999,False,0.0641520563696,True,-0.049997352563300006,-0.0825413652838,-0.0183893089142,True
11429,571,9,0.18839185221700003,True,0.060490577476099996,True,-0.0530687079462,-0.08469058566469999,-0.0242000081886,True
11430,571,10,0.365821845848,False,0.0641087517887,True,-0.0568135133983,-0.09006492969699999,-0.025956177908299998,True
11431,571,11,0.0189833936603,True,0.06018980441880001,True,-0.06312681490680001,-0.0947098442801,-0.034520039861199996,True
11432,571,12,7.379901716110001e-06,True,0.0583425320218,True,-0.06616522526190001,-0.0965722664702,-0.0382297344485,True
11433,571,13,2.38365814885e-05,True,0.0595874695359,True,-0.06154754919390001,-0.09000775296,-0.0304202834241,True
11434,571,14,5.5633276580699996e-06,True,0.05741977318,True,-0.0620192065045,-0.0909753265807,-0.0335555534006,True
11435,571,15,1.83723971552e-13,True,0.0592112159362,True,-0.07040984117589999,-0.100193981919,-0.0409827659824,True
11436,571,16,3.0726635194799997e-23,True,0.057082782918,True,-0.0733119584213,-0.101868836729,-0.044786053811300006,True
11437,571,17,4.32341572118e-12,True,0.0574543821392,True,-0.0709609419477,-0.0994965025973,-0.0420421204581,True
11438,571,18,2.1633151224e-09,True,0.054206372444,True,-0.067721557275,-0.0948986900167,-0.0406923175727,True
11439,571,19,6.12900582914e-18,True,0.056294176021300005,True,-0.0750315891168,-0.10355995703,-0.0472657810085,True
11440,572,0,18.3199691208,False,0.14249719756100002,False,-0.040036712440999996,-0.110842837072,0.0316543604894,False
11441,572,1,11.122736576300001,False,0.105071261109,False,-0.0446925687077,-0.0939350779407,0.011136183168600001,False
11442,572,2,6.59339776657,False,0.0899173578935,False,-0.0482551846069,-0.0920988265405,-0.00218146864696,True
11443,572,3,3.54319076189,False,0.0811359769509,False,-0.0504983907907,-0.09035505448839999,-0.00921907753752,True
11444,572,4,0.766224052649,False,0.07267955154160001,True,-0.056041703939500004,-0.09158605853530001,-0.018906506993799997,True
11445,572,5,2.21107980171,False,0.07000093150669999,True,-0.04682725027319999,-0.08338512689710001,-0.0133841953905,True
11446,572,6,0.5728139862730001,False,0.064660977166,True,-0.051237706278400005,-0.08342426710060001,-0.018763289934599997,True
11447,572,7,1.57751832229,False,0.0640514086538,True,-0.04687527986719999,-0.07638263995839999,-0.012331231304500001,True
11448,572,8,1.1792332466700002,False,0.0618665130236,True,-0.04578970704390001,-0.076788445564,-0.0149219325404,True
11449,572,9,0.0605908240235,True,0.0626350093768,True,-0.0547816163569,-0.0860346458547,-0.023399636477900002,True
11450,572,10,0.586261982041,False,0.059184038948800005,True,-0.048263062925,-0.077535697112,-0.0183516581632,True
11451,572,11,0.0296324681427,True,0.0600643020961,True,-0.055568373772900005,-0.08632690166130001,-0.0262625995652,True
11452,572,12,0.0035319958417,True,0.0582827636409,True,-0.05619813343280001,-0.08395434752280001,-0.025671583881900002,True
11453,572,13,0.335047906337,False,0.0588278183326,True,-0.051600393716599996,-0.0801104443805,-0.021282626047900002,True
11454,572,14,0.016328698885,True,0.0564245026244,True,-0.0570176080415,-0.08470893305430001,-0.02828443043,True
11455,572,15,0.198806557954,True,0.060185362111499996,True,-0.05844713666669999,-0.08957560333589999,-0.0293902412244,True
11456,572,16,9.29407881365e-12,True,0.0571322724501,True,-0.06933075398689999,-0.09773488461020001,-0.0406026121601,True
11457,572,17,0.11226622723400001,True,0.056494043934500006,True,-0.0632940262659,-0.0925221925804,-0.0360281486458,True
11458,572,18,2.57919258418e-16,True,0.05575971196380001,True,-0.0687899311061,-0.09595533578299999,-0.0401956238192,True
11459,572,19,2.60331729467e-18,True,0.05635678463280001,True,-0.0736595578518,-0.101614237221,-0.045257452588499995,True
11460,573,0,6.7241436261,False,0.137971126632,False,-0.0659009546241,-0.134467789945,0.00350333668719,False
11461,573,1,11.3937373201,False,0.104287524203,False,-0.0454694047631,-0.0974342586088,0.00685326559421,False
11462,573,2,22.686389766199998,False,0.08994072195800001,False,-0.029852730442,-0.0793266036654,0.0106141182926,False
11463,573,3,28.082974333499997,False,0.0797556015342,True,-0.025241871892,-0.06410733132119999,0.015648270213,False
11464,573,4,10.3973213271,False,0.07260350833330001,True,-0.036354558947900004,-0.072960113186,-0.000356604852743,True
11465,573,5,25.4045135133,False,0.06886567666289999,True,-0.026102999225300003,-0.0592606600978,0.009605016565149999,False
11466,573,6,24.715734386799998,False,0.0681381406982,True,-0.025732771214400003,-0.0604488115355,0.007689329162710001,False
11467,573,7,8.06668917587,False,0.0634920446832,True,-0.0350815614194,-0.0677723974075,-0.00428035272432,True
11468,573,8,1.01733431827,False,0.061745925374600004,True,-0.0449022403318,-0.07551378846439999,-0.013767863089799999,True
11469,573,9,1.14625507179,False,0.059986692980899994,True,-0.0476074035827,-0.0774125561803,-0.0174258631994,True
11470,573,10,0.253589876293,True,0.0610376361097,True,-0.05087597196830001,-0.0793228040689,-0.018285167959200002,True
11471,573,11,0.537910944473,False,0.060322564357500004,True,-0.051159985839099996,-0.0823601317859,-0.0220375674284,True
11472,573,12,0.0025460463581399996,True,0.0586703532856,True,-0.0571072048924,-0.0877638989466,-0.029093545661,True
11473,573,13,0.157447713085,True,0.0575431133275,True,-0.052312344603500004,-0.0809953932521,-0.0234522799246,True
11474,573,14,0.245343245332,True,0.057373903774899995,True,-0.053706537805,-0.0814329005895,-0.024058996814599998,True
11475,573,15,0.0006358767000069999,True,0.057832386817300005,True,-0.057934111644199995,-0.0886096470922,-0.030777260274900003,True
11476,573,16,0.042981308162699995,True,0.056230303301,True,-0.0565958652431,-0.0850073591192,-0.0287770558182,True
11477,573,17,0.00129698510993,True,0.0572090343882,True,-0.058327849192,-0.0874386076669,-0.030229573278700003,True
11478,573,18,7.61763775843e-06,True,0.0558146564403,True,-0.0633788759446,-0.09115613062560002,-0.0353414741853,True
11479,573,19,5.00309682395e-09,True,0.056886351549699996,True,-0.0652570182744,-0.0951325148041,-0.0382461632544,True
11480,574,0,9.72710851294,False,0.143919045135,False,-0.0574347660875,-0.13111501218,0.012804032955000001,False
11481,574,1,1.29777689921,False,0.10008312627299999,False,-0.0700496006762,-0.12013780644300001,-0.020054680170499998,True
11482,574,2,8.03390311829,False,0.0873017993849,False,-0.04441826495540001,-0.08877602370380001,-0.00147422431889,True
11483,574,3,7.3848820688,False,0.0818512605733,False,-0.043789402928,-0.08552922072630001,-0.00367796015302,True
11484,574,4,0.852246481285,False,0.07532361646499999,True,-0.056113882164699994,-0.09376198873469999,-0.018438372269700003,True
11485,574,5,0.0679925039939,True,0.06889028900619999,True,-0.06433402116550001,-0.100101620983,-0.031211331976900004,True
11486,574,6,0.0903635804339,True,0.0676534080695,True,-0.0696989236065,-0.10376807108899999,-0.0361146630191,True
11487,574,7,6.59611741582e-21,True,0.06419212659939999,True,-0.0826326220107,-0.115056936689,-0.0508648100892,True
11488,574,8,1.7288115798599997e-19,True,0.0634732845182,True,-0.08082567282089999,-0.112588038541,-0.0491147540226,True
11489,574,9,3.37399850824e-33,True,0.0601144306257,True,-0.0916848357739,-0.120743777838,-0.060629347211999994,True
11490,574,10,6.75061017639e-39,True,0.0587828032522,True,-0.09384378642280002,-0.125099661741,-0.0663168584885,True
11491,574,11,5.7190862608199995e-47,True,0.0595392291038,True,-0.0928359746583,-0.121693874247,-0.062154645143,True
11492,574,12,1.8265059669099996e-56,True,0.057523467845300005,True,-0.0939401219743,-0.123928809377,-0.0664053415315,True
11493,574,13,1.65066559921e-45,True,0.059455168640099997,True,-0.09766882189829999,-0.12682497888900002,-0.0673698102484,True
11494,574,14,3.49099528406e-38,True,0.0578872719644,True,-0.09536291213220001,-0.124110035546,-0.0662227635814,True
11495,574,15,2.2916886195199996e-65,True,0.0576058542816,True,-0.10609889249099999,-0.135233295245,-0.0776274409632,True
11496,574,16,3.0922554949099995e-72,True,0.0568019094872,True,-0.101605876863,-0.129462409003,-0.07266049951550001,True
11497,574,17,1.2677091920299999e-52,True,0.0572043672049,True,-0.0955620578948,-0.122530197784,-0.0653258305794,True
11498,574,18,3.323518771739999e-91,True,0.0569685801645,True,-0.104839006614,-0.132672923665,-0.0757043435009,True
11499,574,19,2.6350170523299994e-92,True,0.056572139273499994,True,-0.107401356765,-0.13546496575099998,-0.07889282647760001,True
11500,575,0,28.1184632251,False,0.140747704378,False,0.023775176791400003,-0.0409691705534,0.0997785338246,False
11501,575,1,44.9727552791,False,0.10510338962600001,False,-0.00368471456357,-0.0556530116739,0.0494503779517,False
11502,575,2,50.3925626488,False,0.08747649039370001,False,-0.0103995339557,-0.0538567135354,0.0336197768583,False
11503,575,3,52.05915308189999,False,0.0766515552688,True,-0.00879230383469,-0.0464754391527,0.0301761161161,False
11504,575,4,29.1005340152,False,0.075254102179,True,-0.024716528840299998,-0.06332886840480001,0.0119252337743,False
11505,575,5,15.909986146300001,False,0.0684323605224,True,-0.030938266561799998,-0.0679950253718,0.00043733515061699995,False
11506,575,6,7.0284369597600005,False,0.0665569234094,True,-0.037247296487300005,-0.0707595485625,-0.00420262515312,True
11507,575,7,0.925282156662,False,0.06564501971030001,True,-0.050082430510999996,-0.0844515571654,-0.018806537455099998,True
11508,575,8,1.1391183927700002,False,0.061208397428599993,True,-0.046008634413300005,-0.0769123273582,-0.0157039299295,True
11509,575,9,0.0989811068952,True,0.0613659418288,True,-0.0559301129124,-0.0871397712902,-0.0257738294614,True
11510,575,10,0.243119981061,True,0.059588558681699995,True,-0.0552415684143,-0.0864348383505,-0.026846279668900002,True
11511,575,11,0.38540628300700003,False,0.0579027632521,True,-0.0487585544503,-0.0768859078043,-0.0189831445522,True
11512,575,12,0.149777632761,True,0.0571963027094,True,-0.058267303426400005,-0.085786789095,-0.028590486385599998,True
11513,575,13,0.20381106972899998,True,0.0585577162144,True,-0.058954223086699994,-0.0876128693452,-0.029055153130799996,True
11514,575,14,0.0218373792214,True,0.05817623522340001,True,-0.0633683482473,-0.0912928913345,-0.0331166561111,True
11515,575,15,1.94704137903e-07,True,0.0560657884434,True,-0.0663432126757,-0.09415910959979999,-0.0380933211564,True
11516,575,16,0.000132171767178,True,0.059025083890199996,True,-0.0699979708145,-0.09925981421980001,-0.040234730329599996,True
11517,575,17,2.97051526455e-05,True,0.0571573785348,True,-0.0696298914164,-0.0981748708304,-0.0410174922956,True
11518,575,18,4.2570964459699996e-12,True,0.057098789363199995,True,-0.072751692565,-0.10067618816299999,-0.043577398799700004,True
11519,575,19,2.77560709872e-08,True,0.05767963891419999,True,-0.0685177122473,-0.0964425047053,-0.0387628657911,True
11520,576,0,19.873672816,False,0.143341535795,False,-0.0393572715205,-0.107387769836,0.035953765959,False
11521,576,1,22.4514473867,False,0.102326981755,False,-0.033488958266099995,-0.0839406539081,0.018386327846400003,False
11522,576,2,5.53415221753,False,0.08772406947660001,False,-0.048949694696399995,-0.0936400035265,-0.00591593404993,True
11523,576,3,1.11264256532,False,0.0799333689783,True,-0.06253484435340001,-0.10318747592000001,-0.0232541069422,True
11524,576,4,9.61812636982,False,0.0758755097072,True,-0.0385472767049,-0.07737093514019999,-0.00149542543299,True
11525,576,5,1.7312881832700002,False,0.0688913617678,True,-0.0495082229393,-0.08332457122930001,-0.0144332094615,True
11526,576,6,5.4423436898699995,False,0.0689380151923,True,-0.0408524538948,-0.0766985745136,-0.0077605593213,True
11527,576,7,8.254517657560001,False,0.0662068116414,True,-0.035381686180599996,-0.0698171017593,-0.00361029011787,True
11528,576,8,4.840805807230001,False,0.0640812738302,True,-0.0403703983187,-0.0721233923568,-0.0080421185266,True
11529,576,9,9.37448520153,False,0.0592915043889,True,-0.0327832140814,-0.062413130251599995,-0.00312162586276,True
11530,576,10,3.0981644070999996,False,0.0596895085701,True,-0.0395812868075,-0.06768879643730001,-0.00799928786724,True
11531,576,11,5.51503412146,False,0.057570096019900006,True,-0.0343055885128,-0.0620317808522,-0.00446168483228,True
11532,576,12,3.13069747993,False,0.0600016217215,True,-0.039279659644300004,-0.0682669446199,-0.008265322898390002,True
11533,576,13,1.95602586771,False,0.058917113882300004,True,-0.0399005516824,-0.0702977745574,-0.0113806606751,True
11534,576,14,0.9043960417929999,False,0.0570994107255,True,-0.0460511840219,-0.0760714024448,-0.0189719917193,True
11535,576,15,0.521122553599,False,0.0556667527891,True,-0.0474223214614,-0.07549810261239999,-0.0198313498233,True
11536,576,16,0.936311219448,False,0.0585774994601,True,-0.0446001799658,-0.0737105076431,-0.015133008182999999,True
11537,576,17,0.950194057067,False,0.0582848188736,True,-0.043736800256000005,-0.071468664014,-0.0131838451404,True
11538,576,18,0.127796736587,True,0.0546183993209,True,-0.049011746645,-0.0752194892621,-0.0206010899411,True
11539,576,19,0.180841191897,True,0.0552311202477,True,-0.0535220839445,-0.0819270532394,-0.0266959329917,True
11540,577,0,2.94539425114,False,0.141285558725,False,-0.082380863676,-0.154962925241,-0.013677366515299999,True
11541,577,1,5.32602254929,False,0.10687245893,False,-0.0566407791083,-0.113041010958,-0.0061685520288,True
11542,577,2,20.362712053699997,False,0.08486784709270001,False,-0.0328553860225,-0.0748190541096,0.0100487929831,False
11543,577,3,28.6547818879,False,0.08155398574730001,False,-0.0248930239652,-0.0632770018878,0.0182769838595,False
11544,577,4,5.51617120484,False,0.07244069909189998,True,-0.0418600352225,-0.0783563922115,-0.00591569311967,True
11545,577,5,5.464026583559999,False,0.0691561608606,True,-0.0406523033188,-0.07610009162560001,-0.006943930764970001,True
11546,577,6,3.37596903024,False,0.0680088847536,True,-0.0435018059531,-0.0781454361887,-0.0101365514352,True
11547,577,7,3.09597445749,False,0.06682045531150001,True,-0.042953241195800004,-0.07749836204669999,-0.010677906735200002,True
11548,577,8,5.43178695249,False,0.06278546674980001,True,-0.0382883162994,-0.069195283151,-0.006409816401250001,True
11549,577,9,2.13297428926,False,0.0628097267647,True,-0.0448915693628,-0.07606212235189999,-0.0132523955871,True
11550,577,10,1.7170881616100002,False,0.060338070065699995,True,-0.0452679944685,-0.07574810132189999,-0.0154100312562,True
11551,577,11,0.35471010621699994,False,0.060160053926,True,-0.0504885133889,-0.0788251303241,-0.0186650763982,True
11552,577,12,0.0110043179699,True,0.0579517406885,True,-0.0555815404911,-0.08398301554839999,-0.0260312748599,True
11553,577,13,0.004720192351310001,True,0.0583693859925,True,-0.0594559978821,-0.08900603846310001,-0.0306366524706,True
11554,577,14,0.027706591392299997,True,0.0579255272542,True,-0.0572375002341,-0.0872333149031,-0.0293077876489,True
11555,577,15,0.0030871104749,True,0.0575301677802,True,-0.058016544041099995,-0.0861939862242,-0.028663818443999997,True
11556,577,16,0.000563285262181,True,0.058716582012,True,-0.0632240160507,-0.0925832703573,-0.0338666883453,True
11557,577,17,0.0019260574844600002,True,0.055687942489099994,True,-0.06329384065390001,-0.0892923882475,-0.0336044457584,True
11558,577,18,3.4160308568200005e-14,True,0.0550421017442,True,-0.06732160924790001,-0.0939777410367,-0.0389356392925,True
11559,577,19,5.25587908032e-11,True,0.0546943460391,True,-0.06648387740209999,-0.0945476446581,-0.039853298619,True
11560,578,0,33.386597635,False,0.144585338914,False,0.0042698784741799995,-0.0655898581121,0.0789954808019,False
11561,578,1,44.3842687413,False,0.10381459982499999,False,-0.0036859162891899997,-0.057319602682999994,0.046494997141899995,False
11562,578,2,50.3541014381,False,0.08815701858939999,False,0.00688984821633,-0.0388764643029,0.0492805542866,False
11563,578,3,47.602865376400004,False,0.07796583129239999,True,-0.0156876082256,-0.0542162668952,0.023749564397200003,False
11564,578,4,53.744076073500004,False,0.07538995174660001,True,-0.011569860246700002,-0.0470944128533,0.028295538893300002,False
11565,578,5,18.6506249009,False,0.0718425473123,True,-0.029124487293500003,-0.064074171315,0.00776837599724,False
11566,578,6,30.028133239899997,False,0.06929064411069999,True,-0.022883043647599997,-0.0552789296071,0.014011714503600002,False
11567,578,7,11.2713987702,False,0.0656504225527,True,-0.031996149174900006,-0.0662783184143,-0.000627895861636,True
11568,578,8,10.3173949774,False,0.0639602011433,True,-0.0337363417679,-0.0651751859465,-0.0012149848032000001,True
11569,578,9,17.0100283706,False,0.060874685378599996,True,-0.0277083771568,-0.0586425734018,0.00223211197679,False
11570,578,10,14.8719776022,False,0.061906440546399995,True,-0.029327419455300003,-0.060188169397,0.0017182711493300001,False
11571,578,11,18.9680614297,False,0.059723486646999994,True,-0.0268970872915,-0.057921673763199996,0.00180181288377,False
11572,578,12,10.8736874885,False,0.0581447489118,True,-0.0309293285683,-0.0611412676006,-0.00299651868877,True
11573,578,13,9.423181640260001,False,0.0573395617788,True,-0.0316188734739,-0.059255558940199994,-0.00191599716144,True
11574,578,14,20.1426688943,False,0.0575079657895,True,-0.025581215042099998,-0.05448511106369999,0.0030228547258499996,False
11575,578,15,22.015749975,False,0.0584401661739,True,-0.024333227658199997,-0.0542091555491,0.0042310106247499995,False
11576,578,16,28.5160799224,False,0.0558137780172,True,-0.0215695390649,-0.049701836693000004,0.00611194132429,False
11577,578,17,16.0762460476,False,0.0579950162309,True,-0.026163204809599997,-0.055480892521900006,0.00251412370893,False
11578,578,18,14.7531215801,False,0.058511918944,True,-0.0282667465471,-0.056277361250400004,0.0022345576935799997,False
11579,578,19,3.14039285393,False,0.0554396430683,True,-0.037111084117900005,-0.0662011968839,-0.010761553815500001,True
11580,579,0,24.686146769,False,0.135993511573,False,-0.030375969024600002,-0.0978684895737,0.0381250219988,False
11581,579,1,12.8457324432,False,0.105245021414,False,-0.044500453350999995,-0.0949642929018,0.0102807285119,False
11582,579,2,6.92143561337,False,0.0860176408846,False,-0.045148084381300004,-0.0891420126843,-0.00312437179974,True
11583,579,3,2.32437353837,False,0.07856519856869999,True,-0.052380132481899995,-0.09106121240779999,-0.012496013839,True
11584,579,4,0.000704554384786,True,0.0753577823249,True,-0.0731305148021,-0.109743910352,-0.034386128027199994,True
11585,579,5,0.242410949182,True,0.07172799064119999,True,-0.0609341029898,-0.09636361977420001,-0.024635629133000003,True
11586,579,6,1.11575568551,False,0.068638325256,True,-0.051765518459700004,-0.0871017241935,-0.0184633989375,True
11587,579,7,0.26857608402100003,True,0.06509192559780001,True,-0.0574532846669,-0.08983980623150001,-0.024747880633700002,True
11588,579,8,0.0501747779841,True,0.061707407376899996,True,-0.062061648615800005,-0.0936452865192,-0.031937879142200004,True
11589,579,9,0.0767006677811,True,0.060933256553600004,True,-0.0602293194836,-0.0903384657704,-0.029405209216800003,True
11590,579,10,0.000300289685693,True,0.0595204887356,True,-0.0610514955508,-0.0902407443471,-0.0307202556115,True
11591,579,11,0.0044613051890799995,True,0.058071239923,True,-0.0628009613308,-0.0910227863522,-0.0329515464291,True
11592,579,12,0.0068802674288999995,True,0.06014931722,True,-0.06127948502259999,-0.0912795026593,-0.031130185439299997,True
11593,579,13,9.023267509960001e-06,True,0.0588907585845,True,-0.0646855843002,-0.093787637119,-0.0348968785345,True
11594,579,14,1.23507157412e-05,True,0.0577934854522,True,-0.0682529071693,-0.0975235043289,-0.039730018876699996,True
11595,579,15,3.1203673742199997e-09,True,0.0576556098414,True,-0.066538285813,-0.09720829934860001,-0.0395526895071,True
11596,579,16,6.86226403911e-17,True,0.0576939836624,True,-0.0706629320036,-0.099758674203,-0.0420646905406,True
11597,579,17,1.29243746038e-10,True,0.0578466230088,True,-0.0730659747743,-0.10261666349500001,-0.044770040486500004,True
11598,579,18,3.33287755571e-08,True,0.0554593374022,True,-0.0661599502647,-0.0941663669259,-0.0387070295237,True
11599,579,19,0.017988883670700003,True,0.056802673445699996,True,-0.0596119222107,-0.089693782064,-0.0328911086183,True
11600,580,0,20.3105982754,False,0.143817589051,False,-0.035997818013800004,-0.10985794192199999,0.0339596471289,False
11601,580,1,41.4902905413,False,0.10412475453400001,False,-0.011108376589899998,-0.062709933997,0.041414820537099994,False
11602,580,2,23.7107014734,False,0.0906462910165,False,-0.0296199929138,-0.07490627757410001,0.0157400134424,False
11603,580,3,3.41090526377,False,0.0793759745727,True,-0.0496373080676,-0.08842313589339999,-0.00904716132067,True
11604,580,4,1.22194942111,False,0.0743170932709,True,-0.0542438890348,-0.0890937402435,-0.0147766469726,True
11605,580,5,0.134494686982,True,0.0692074514765,True,-0.0615168128175,-0.0966283140798,-0.0274208626033,True
11606,580,6,0.31923173200599997,True,0.0656693590418,True,-0.0586727322018,-0.0918417879366,-0.0261724288948,True
11607,580,7,0.179263524379,True,0.065080015186,True,-0.058430895549900004,-0.0905945208268,-0.0255145056408,True
11608,580,8,2.99710683332e-05,True,0.060793829629499994,True,-0.0671333341437,-0.097091454657,-0.0362976250275,True
11609,580,9,1.0828415293e-08,True,0.0602578753306,True,-0.0671566738802,-0.0976381112045,-0.0373802358739,True
11610,580,10,0.00800736183234,True,0.0620028969596,True,-0.0619138641981,-0.0919577313313,-0.029954834371700004,True
11611,580,11,1.70975288589e-08,True,0.0607197182563,True,-0.0644813927131,-0.09396114110439999,-0.0332414228481,True
11612,580,12,8.89491517938e-05,True,0.0605039701221,True,-0.06931817785960001,-0.10048294817600001,-0.039978978054,True
11613,580,13,1.66790101517e-09,True,0.059817685504999996,True,-0.06886294147210001,-0.0999872875827,-0.0401696020777,True
11614,580,14,6.92062922648e-11,True,0.05830443607480001,True,-0.0694971161818,-0.09646347420219999,-0.0381590381274,True
11615,580,15,3.1088776686999996e-17,True,0.056629356779300005,True,-0.07083441001289999,-0.0993612950595,-0.0427319382802,True
11616,580,16,2.06480926458e-16,True,0.056169169392499996,True,-0.077335746062,-0.10612957735300001,-0.0499604079604,True
11617,580,17,1.9381359590700001e-28,True,0.05615368196269999,True,-0.0781943735332,-0.105845630339,-0.049691948376500004,True
11618,580,18,1.54571792349e-10,True,0.05635246674219999,True,-0.0765209400314,-0.10484584825099999,-0.048493381509,True
11619,580,19,1.44625718316e-07,True,0.0594420964397,True,-0.07429507042889999,-0.10413238034700001,-0.0446902839071,True
11620,581,0,4.04907785302,False,0.13708223658,False,-0.07342398930499999,-0.139568510847,-0.00248627426717,True
11621,581,1,11.7976956079,False,0.105634058911,False,-0.0441675792473,-0.0942299344784,0.0114041244328,False
11622,581,2,16.5412138534,False,0.087510286779,False,-0.0359489801394,-0.07858443665010001,0.00892585012891,False
11623,581,3,4.06579010085,False,0.0807815698731,False,-0.049512696957599994,-0.09099022023610001,-0.0102086503629,True
11624,581,4,0.846838945419,False,0.07303869022580001,True,-0.0559777406471,-0.0935592138063,-0.020520523580499998,True
11625,581,5,1.41754312558,False,0.0719542383045,True,-0.049653185891699994,-0.0853748031461,-0.0134205648416,True
11626,581,6,5.98225166421,False,0.0666340135645,True,-0.038705713320900004,-0.0712951850957,-0.00466117153126,True
11627,581,7,0.37111978261,False,0.0659860482289,True,-0.05376212464459999,-0.0877669253991,-0.0217808771703,True
11628,581,8,1.69788113817,False,0.0629446153893,True,-0.0466033840721,-0.0794767206593,-0.0165321052699,True
11629,581,9,4.732278957130001,False,0.0615015020099,True,-0.0387714156801,-0.0707059500759,-0.009204448066,True
11630,581,10,0.8885027680040001,False,0.0603296887811,True,-0.045946907424999996,-0.0760418640328,-0.0157121752517,True
11631,581,11,0.8235745401029999,False,0.06099949271269999,True,-0.0483224498172,-0.07784135982780001,-0.0168418671151,True
11632,581,12,2.2611126595299997,False,0.0598921659327,True,-0.042140294478599995,-0.07490939863769999,-0.0150172327049,True
11633,581,13,1.09713914314,False,0.0570276666744,True,-0.0432027268796,-0.0716357128527,-0.0146080461783,True
11634,581,14,0.909968318796,False,0.0574255253189,True,-0.0434185077231,-0.0706616117373,-0.0132360864184,True
11635,581,15,1.8469213177500001,False,0.05894979927519999,True,-0.041537734549,-0.0716411252947,-0.0126913260195,True
11636,581,16,2.00113519664,False,0.0570115619581,True,-0.040810845669,-0.0692714444682,-0.0122598825101,True
11637,581,17,1.21733599679,False,0.0565697899159,True,-0.041646378928199994,-0.0714270459395,-0.014857256023600001,True
11638,581,18,1.1157764523,False,0.0560377701754,True,-0.0427032769885,-0.07011040625460001,-0.0140726360791,True
11639,581,19,2.00222732897,False,0.055772545686099996,True,-0.0405185625166,-0.06910070037589999,-0.013328154689799998,True
11640,582,0,20.1410901456,False,0.142958336117,False,-0.0363496541994,-0.11115435227,0.0318039838469,False
11641,582,1,11.8682949143,False,0.10422816367900001,False,-0.0449668789897,-0.09522900440320001,0.00899915927559,False
11642,582,2,0.811785423318,False,0.08699080663799999,False,-0.06772030218530001,-0.111375511187,-0.024384704549099998,True
11643,582,3,0.071358471172,True,0.08015972008510001,False,-0.07186338098810001,-0.113423925258,-0.0332642051725,True
11644,582,4,0.0653083075703,True,0.0739520622788,True,-0.0745269877784,-0.112407869375,-0.038455807096500004,True
11645,582,5,0.10420644970699999,True,0.06834219761219999,True,-0.0666097503749,-0.104143107625,-0.035800910012599996,True
11646,582,6,1.2705751274400001,False,0.0646920092918,True,-0.0484621746228,-0.0806461830102,-0.015954173718399998,True
11647,582,7,0.734273794364,False,0.06358784464719999,True,-0.0489076086644,-0.0813918301402,-0.017803985493,True
11648,582,8,3.8473333796800007,False,0.06268976992519999,True,-0.039664323315800006,-0.0712179994438,-0.00852822951864,True
11649,582,9,0.337302014714,False,0.0617297108044,True,-0.0486827232674,-0.0794721462622,-0.017742435457799997,True
11650,582,10,1.12070490145,False,0.061087762426,True,-0.0511923049991,-0.0812800280348,-0.0201922656088,True
11651,582,11,0.235494775117,True,0.059745922395000005,True,-0.058016239954500004,-0.08777358091830001,-0.0280276585233,True
11652,582,12,0.09315846123189998,True,0.0605467645113,True,-0.0556736929918,-0.0851107754729,-0.024564010961599998,True
11653,582,13,0.437423801047,False,0.059278075859,True,-0.05120021907049999,-0.0819221310633,-0.0226440552043,True
11654,582,14,0.0017116767822200002,True,0.0566030346455,True,-0.0557396274112,-0.0841748348893,-0.027571800243799998,True
11655,582,15,0.012488094649100001,True,0.0593944207702,True,-0.057216128793599996,-0.08581205574169999,-0.0264176349715,True
11656,582,16,0.0780658984215,True,0.057570425305699995,True,-0.0546483109795,-0.08320449292019999,-0.0256340676145,True
11657,582,17,8.36103920761e-07,True,0.0547546784775,True,-0.0651970378058,-0.0935089347631,-0.0387542562855,True
11658,582,18,1.4295193178700002e-06,True,0.0561332945796,True,-0.0679850704411,-0.0962940259833,-0.040160731403699995,True
11659,582,19,1.04080725709e-12,True,0.0564155140195,True,-0.0714268256796,-0.10064450098200001,-0.0442289869629,True
11660,583,0,1.37349576875,False,0.14990733420900001,False,-0.101526341397,-0.18133112735999998,-0.0314237931513,True
11661,583,1,2.59048012384,False,0.10532237736300001,False,-0.06492549238800001,-0.11713558288499999,-0.011813205521200002,True
11662,583,2,0.5930039876959999,False,0.08672782652239999,False,-0.0695431221662,-0.115411539905,-0.0286837133824,True
11663,583,3,1.8999932214099997,False,0.079456666858,True,-0.055077286740100005,-0.0941352997092,-0.0146786328513,True
11664,583,4,1.02488839486,False,0.0733781292852,True,-0.0535334636881,-0.0904027120744,-0.0170245827892,True
11665,583,5,2.3370952956799997,False,0.07182158784460001,True,-0.0480938259863,-0.0847681016433,-0.0129465137986,True
11666,583,6,0.764050373064,False,0.0693215627738,True,-0.0532952013893,-0.08720393769689999,-0.0178823749232,True
11667,583,7,0.026921774305500003,True,0.0656880944455,True,-0.066321215226,-0.0989076614426,-0.0332195669971,True
11668,583,8,0.0187393142343,True,0.0612313524087,True,-0.0634479271667,-0.0950252177442,-0.033793865335499995,True
11669,583,9,0.016049565576500002,True,0.06058656165080001,True,-0.06077271331069999,-0.090273296831,-0.029686735180200003,True
11670,583,10,0.40919394682599997,False,0.060487581061199995,True,-0.0557494565388,-0.0866752856424,-0.0261877045812,True
11671,583,11,0.28655659150400004,True,0.0599501284465,True,-0.0518796139439,-0.079846629601,-0.019896501154599996,True
11672,583,12,0.057327489931500004,True,0.0560226298386,True,-0.055146875151399995,-0.08179661719499999,-0.0257739873565,True
11673,583,13,0.181435826403,True,0.059589986151900004,True,-0.056881424526699996,-0.086383104857,-0.026793118705,True
11674,583,14,0.580667007987,False,0.05656478653969999,True,-0.0517995707145,-0.07969708261910001,-0.0231322960795,True
11675,583,15,0.21838676630800002,True,0.0591672339212,True,-0.0522258648421,-0.0811933088309,-0.022026074909700002,True
11676,583,16,0.00428046829814,True,0.0560888047365,True,-0.0540745931985,-0.08460106279650001,-0.028512258060000004,True
11677,583,17,1.78510406362e-05,True,0.0574615117779,True,-0.0617721795829,-0.08992111450120001,-0.032459602723400004,True
11678,583,18,1.08779696839e-05,True,0.05514002409109999,True,-0.0637885690262,-0.09139176619110001,-0.0362517421,True
11679,583,19,0.00044245289111199997,True,0.0541215128658,True,-0.0657836963704,-0.09276856198580001,-0.03864704912,True
11680,584,0,17.9571585546,False,0.139299825934,False,-0.0414969419775,-0.107676523949,0.031623301985,False
11681,584,1,5.7126576099,False,0.102948773211,False,-0.0555802407594,-0.10540648354900001,-0.00245771033863,True
11682,584,2,14.732920198199999,False,0.09046969077230001,False,-0.0360569515444,-0.0787545596515,0.0117151311209,False
11683,584,3,6.1102281383,False,0.0800277944535,False,-0.045020396061699997,-0.08446641877419998,-0.00443862432072,True
11684,584,4,5.3102103748900005,False,0.0742903243119,True,-0.04362036887,-0.08340826750710001,-0.00911794319526,True
11685,584,5,2.1392487137400003,False,0.0677691894812,True,-0.0474774763998,-0.0819661552228,-0.0141969657416,True
11686,584,6,2.6166717525400003,False,0.0680199669826,True,-0.04555039032930001,-0.0768793199219,-0.00885935293933,True
11687,584,7,7.796533265930001,False,0.0680384894469,True,-0.0373117314965,-0.0731318738887,-0.0050933844418,True
11688,584,8,3.1719042881299995,False,0.0658923957109,True,-0.043739658605399995,-0.0786659495402,-0.0127735538294,True
11689,584,9,2.1121042391400002,False,0.0642882889458,True,-0.046570247806099994,-0.078305373209,-0.0140170842632,True
11690,584,10,0.480405806272,False,0.0604020860801,True,-0.050370625118199994,-0.08028393771360001,-0.0198818516335,True
11691,584,11,8.21551411579e-08,True,0.0608877625395,True,-0.06830749946600001,-0.100010762333,-0.0391229997931,True
11692,584,12,1.0359514660400001e-08,True,0.06000842557080001,True,-0.0702049307835,-0.0991240247161,-0.0391155991453,True
11693,584,13,1.16159971629e-09,True,0.059135180407,True,-0.0664928455693,-0.0952073732985,-0.0360721928915,True
11694,584,14,1.33774780152e-07,True,0.0597817355982,True,-0.0662069881408,-0.09678677057980001,-0.0370050349816,True
11695,584,15,0.00224567765065,True,0.0582526968504,True,-0.060611023312599994,-0.090856302062,-0.0326036052116,True
11696,584,16,4.25903592449e-05,True,0.0590174969664,True,-0.0637398841891,-0.0932405728028,-0.0342230758364,True
11697,584,17,4.83693986082e-09,True,0.057469691344099995,True,-0.06948780706439998,-0.09890273927919999,-0.0414330479351,True
11698,584,18,0.000203048278214,True,0.055548791045599996,True,-0.06804581524690001,-0.0954140794012,-0.039865288355499996,True
11699,584,19,1.20126053825e-15,True,0.05756976057799999,True,-0.0740292026899,-0.103109457886,-0.0455396973079,True
11700,585,0,33.7215453894,False,0.13581011105799998,False,0.010939409413299999,-0.059216956688800004,0.07659315436910001,False
11701,585,1,10.9429078354,False,0.10289120564200001,False,-0.04618194867980001,-0.098275780032,0.0046154256100400005,False
11702,585,2,11.8220304506,False,0.09032166430199999,False,-0.04177089344169999,-0.08940312921469999,0.000918535087249,False
11703,585,3,13.9616440229,False,0.0766095919251,True,-0.034973224479900006,-0.07376708973450001,0.0028425021905999995,False
11704,585,4,16.6674552317,False,0.0765621116927,True,-0.0320337932779,-0.0712143453873,0.00534776630538,False
11705,585,5,26.9510453753,False,0.07120353685910001,True,-0.0254661536447,-0.0640099774411,0.00719355941797,False
11706,585,6,11.2019052281,False,0.0677147003038,True,-0.0337104849683,-0.0658906971298,0.00182400317401,False
11707,585,7,15.1306490316,False,0.0635885012385,True,-0.0303978381142,-0.063232812488,0.00035568875050000004,False
11708,585,8,17.9229833129,False,0.062447718251,True,-0.0286546826368,-0.059538673529000004,0.0029090447220199997,False
11709,585,9,12.134339969500001,False,0.0596379674262,True,-0.0303687877533,-0.060433645411,-0.000795677984781,True
11710,585,10,1.11591026533,False,0.0624582998439,True,-0.0485339625648,-0.0804202934948,-0.017961993650900003,True
11711,585,11,1.54288636882,False,0.0611512548962,True,-0.043474812157800004,-0.07381730494660001,-0.0126660500504,True
11712,585,12,0.275333989252,True,0.0605200869742,True,-0.053383138948900004,-0.0859180648635,-0.025397977889299997,True
11713,585,13,0.735788132141,False,0.0586641453549,True,-0.047943505301299996,-0.0769766258765,-0.0183124805216,True
11714,585,14,0.251142309669,True,0.0584579935479,True,-0.050081836371800005,-0.0802299230134,-0.0217719294655,True
11715,585,15,0.457532945646,False,0.0559610228883,True,-0.0481116539344,-0.076227111168,-0.0202660882797,True
11716,585,16,0.0110464245936,True,0.05788261161640001,True,-0.0608067318413,-0.0885985339267,-0.0307159223104,True
11717,585,17,0.0053546775293299995,True,0.056145369651,True,-0.055438800412499996,-0.08275036837880001,-0.0266049987278,True
11718,585,18,0.032668709089,True,0.057097799791,True,-0.053211557796199994,-0.082018773951,-0.024920974159999998,True
11719,585,19,2.76419595431e-05,True,0.0568015603202,True,-0.056470479055500004,-0.08506856846689999,-0.028267008146700003,True
11720,586,0,7.59322241514,False,0.142347563813,False,-0.0594805538465,-0.128336635648,0.014010928165200002,False
11721,586,1,0.09620943965569999,True,0.102805179936,False,-0.09620600866580001,-0.144523275291,-0.0417180953556,True
11722,586,2,0.9690536643100001,False,0.0887199705757,False,-0.0651099820762,-0.110093771033,-0.0213738004575,True
11723,586,3,0.301778676386,True,0.0813117821723,False,-0.07063923601689999,-0.11099100488399999,-0.0296792227122,True
11724,586,4,0.464084015044,False,0.0716300377899,True,-0.061302282616499996,-0.09731013470489999,-0.0256800969151,True
11725,586,5,2.05009962652,False,0.07187623433830001,True,-0.0495130827259,-0.0894682242306,-0.0175919898923,True
11726,586,6,8.30463900209,False,0.0683943083293,True,-0.037851891893800005,-0.0698021843696,-0.0014078760403099999,True
11727,586,7,3.2077477911799996,False,0.0673837565764,True,-0.0454325106161,-0.07986205664960001,-0.012478300073200001,True
11728,586,8,1.8170763529700003,False,0.0638848737598,True,-0.0456951195218,-0.0781116604605,-0.0142267867007,True
11729,586,9,0.485132147257,False,0.0596787074943,True,-0.04848089989030001,-0.0780750365968,-0.0183963291025,True
11730,586,10,0.32818019375,True,0.05933651689759999,True,-0.0518858350693,-0.08065804547910001,-0.021321528581500004,True
11731,586,11,0.279021938899,True,0.059077141284,True,-0.0532254995658,-0.0826844954861,-0.023607354202099997,True
11732,586,12,0.0412638098014,True,0.059744083662,True,-0.055947440058900004,-0.0856011285156,-0.025857044853500002,True
11733,586,13,0.05154622680919999,True,0.058995660524199994,True,-0.0548952995326,-0.0845467186102,-0.025551058086,True
11734,586,14,0.43243867861199997,False,0.058645941631300005,True,-0.0546868159887,-0.08409170368180001,-0.0254457620505,True
11735,586,15,0.000379543525895,True,0.0561643647721,True,-0.0572667106464,-0.08476041524039998,-0.028596050468299997,True
11736,586,16,0.11257775873199999,True,0.0561184737598,True,-0.061234882880300004,-0.0901785276126,-0.0340600538528,True
11737,586,17,9.76475736869e-07,True,0.055505744078000005,True,-0.0622502096877,-0.0907634891433,-0.0352577450653,True
11738,586,18,2.43189210548e-11,True,0.0563061087352,True,-0.06713144544869999,-0.094932769664,-0.0386266609288,True
11739,586,19,5.87768731467e-07,True,0.0565580438758,True,-0.0716043395525,-0.100405776695,-0.043847732818700004,True
11740,587,0,0.359605215156,False,0.142120129181,False,-0.123120161184,-0.19533994593899998,-0.0532198167586,True
11741,587,1,0.00035961041017100004,True,0.105413100689,False,-0.101255899986,-0.15217675511,-0.046763654420999994,True
11742,587,2,0.119635901852,True,0.08611953532569999,False,-0.07762718225260001,-0.11772973977399999,-0.0316102044482,True
11743,587,3,1.22208767112e-06,True,0.0802073495555,False,-0.0883350201435,-0.127261343441,-0.04705399388590001,True
11744,587,4,0.0008747391604269998,True,0.075097734686,True,-0.0852649822625,-0.122264759071,-0.047167024385099995,True
11745,587,5,2.5066973758699996e-09,True,0.069950243577,True,-0.092460257355,-0.129348194534,-0.0593979509571,True
11746,587,6,9.10334074984e-16,True,0.0642242355623,True,-0.08687399879079999,-0.119228693961,-0.055004458399,True
11747,587,7,2.8407581826e-17,True,0.0637563684241,True,-0.0831285819771,-0.114446788465,-0.050690420041199995,True
11748,587,8,1.29671473652e-22,True,0.0646045223878,True,-0.0850253311256,-0.116321423541,-0.0517169011532,True
11749,587,9,9.07381012706e-22,True,0.06297920678840001,True,-0.0926082606637,-0.125383347443,-0.0624041406551,True
11750,587,10,3.41293184533e-49,True,0.059087328754,True,-0.0932431095476,-0.12325335374299999,-0.0641660249888,True
11751,587,11,3.43530313762e-34,True,0.0590309893174,True,-0.09016997588960002,-0.121118509401,-0.062087520084100005,True
11752,587,12,3.17117026384e-23,True,0.0587085117007,True,-0.079316147505,-0.109448827005,-0.0507403153045,True
11753,587,13,8.131254592350001e-11,True,0.0582700485848,True,-0.07917111167480001,-0.10700660472899999,-0.0487365561437,True
11754,587,14,1.5454865187599998e-31,True,0.055521982576599994,True,-0.0773936506728,-0.104425802852,-0.0489038202754,True
11755,587,15,1.11470636089e-25,True,0.0570977192019,True,-0.07791789089939999,-0.106413630892,-0.0493159116903,True
11756,587,16,5.526581538099999e-12,True,0.05742201536449999,True,-0.07392101787989999,-0.103252820256,-0.045830804891499995,True
11757,587,17,7.19116711241e-22,True,0.057261593969,True,-0.07816742085030001,-0.105329008051,-0.0480674140815,True
11758,587,18,3.17055657094e-41,True,0.05618066895690001,True,-0.08035318436700001,-0.10827659190700001,-0.05209592295030001,True
11759,587,19,7.0928809333299995e-22,True,0.0557346191317,True,-0.0828317024457,-0.11020553197499999,-0.054470912843699995,True
11760,588,0,21.6949984684,False,0.136945387245,False,-0.034216985628200004,-0.101629670188,0.0353157170569,False
11761,588,1,21.989129563000002,False,0.105352289559,False,-0.0323343161865,-0.0845829675014,0.0207693220578,False
11762,588,2,38.8757474721,False,0.08675371884410002,False,-0.019552646342,-0.06245914722999999,0.024294571614,False
11763,588,3,7.07964052588,False,0.07984718179150001,True,-0.04444867958930001,-0.08426472516860001,-0.00441754337706,True
11764,588,4,6.0720029565499996,False,0.0727259236437,True,-0.0417037499529,-0.078623613569,-0.00589768992529,True
11765,588,5,12.2539985251,False,0.0713164244172,True,-0.033631663359500005,-0.0673126362239,0.00400378819333,False
11766,588,6,6.0383616473699995,False,0.0678123114115,True,-0.0401638581801,-0.07250795967139999,-0.00469564825991,True
11767,588,7,0.8991792261120001,False,0.06573773561730001,True,-0.0503533804361,-0.082702314187,-0.0169645785697,True
11768,588,8,0.7626384375190001,False,0.0624937473266,True,-0.0483469548512,-0.0791239352169,-0.016630187890299998,True
11769,588,9,0.447179671998,False,0.06265188552680001,True,-0.0513439496088,-0.08237308988360001,-0.0197212043568,True
11770,588,10,0.576603109312,False,0.060058805980400004,True,-0.0484370369436,-0.07976656417769999,-0.019707758197299998,True
11771,588,11,0.24378841577,True,0.060012394516199996,True,-0.056476332675999996,-0.0871417598025,-0.0271293652863,True
11772,588,12,0.20412387726599998,True,0.0576633224558,True,-0.05511735695040001,-0.0837193249263,-0.0260560024705,True
11773,588,13,0.20862205415100002,True,0.058479259004499996,True,-0.0537250787091,-0.082036286544,-0.023557027539499998,True
11774,588,14,0.12027004731100001,True,0.056311021918800004,True,-0.0516727874223,-0.0801511975497,-0.023840175630900004,True
11775,588,15,0.16819806111299998,True,0.0580080795648,True,-0.052792439780099995,-0.0801693910429,-0.0221613114781,True
11776,588,16,0.769139319255,False,0.0576386626474,True,-0.0459925793224,-0.0750810129582,-0.017442350310900002,True
11777,588,17,0.105487942415,True,0.05785262649180001,True,-0.04974007626659999,-0.07859662742370001,-0.0207440009319,True
11778,588,18,0.09344464150760001,True,0.057513896381900007,True,-0.0513380378347,-0.08094321624860001,-0.0234293198667,True
11779,588,19,0.0176689270248,True,0.05623083174980001,True,-0.0527459459133,-0.08109502819299999,-0.0248641964432,True
11780,589,0,1.50320920616,False,0.141972816015,False,-0.09124408231259999,-0.161094852116,-0.019122036100400003,True
11781,589,1,2.3261447463400002,False,0.10362547656099999,False,-0.0664248328288,-0.116242305808,-0.0126168292469,True
11782,589,2,2.21012929608,False,0.0884016503971,False,-0.0577721993014,-0.099928234865,-0.0115265844678,True
11783,589,3,6.52163892897,False,0.0809052223863,False,-0.0452588416917,-0.0848839613047,-0.00397873891845,True
11784,589,4,1.7140605433899998,False,0.0728898375458,True,-0.0503481864592,-0.08755103700889999,-0.014661199463,True
11785,589,5,5.65513628923,False,0.0698293963671,True,-0.041330679336500004,-0.0757076645604,-0.00587826819333,True
11786,589,6,9.383640285339998,False,0.0683646935236,True,-0.035741361351,-0.0697828096346,-0.00141811611102,True
11787,589,7,1.05035921385,False,0.0642471970419,True,-0.0489952791385,-0.08065029329760001,-0.016403096255700002,True
11788,589,8,1.13852998501,False,0.0634049298401,True,-0.046142462341700004,-0.0789354036152,-0.015530473775100001,True
11789,589,9,0.09688063134029999,True,0.0617609824202,True,-0.053345667082,-0.0856425804878,-0.0238815980676,True
11790,589,10,0.00576482262204,True,0.0584997648181,True,-0.060055593621800005,-0.088683348017,-0.0301835831989,True
11791,589,11,0.00408518445579,True,0.0587784387774,True,-0.0606129139079,-0.0906512800681,-0.0318728412908,True
11792,589,12,0.011396088305399999,True,0.0585477012072,True,-0.055519518473,-0.08496101732769999,-0.026413316120599998,True
11793,589,13,0.23394966672200002,True,0.0594746374639,True,-0.0527131574357,-0.0830974637973,-0.0236228263334,True
11794,589,14,0.00248622492418,True,0.05917723721800001,True,-0.057675380587,-0.0891632642118,-0.0299860269938,True
11795,589,15,0.140226816758,True,0.0570089791316,True,-0.05789634333330001,-0.0864795372313,-0.029470558099700003,True
11796,589,16,0.004439210701060001,True,0.05856909910830001,True,-0.0583066044551,-0.0882373480379,-0.0296682489296,True
11797,589,17,0.10601006202800001,True,0.0559281307885,True,-0.0571698344998,-0.08590064155020001,-0.029972510761700003,True
11798,589,18,1.4564683149e-08,True,0.057283081765,True,-0.059420982054599995,-0.09009208942439999,-0.0328090076594,True
11799,589,19,0.0053616334245,True,0.0558743201416,True,-0.060029977430800005,-0.0870818446472,-0.031207524505599996,True
11800,590,0,19.6960666733,False,0.137496055513,False,-0.038672860264800005,-0.106405251699,0.031090803813900003,False
11801,590,1,4.61694858318,False,0.103802301977,False,-0.05878576438630001,-0.109064594879,-0.0052622929019700004,True
11802,590,2,0.496481346242,False,0.08773922726160001,False,-0.07080623287710001,-0.115879205596,-0.0281399783344,True
11803,590,3,3.79689608046e-16,True,0.0816952633241,False,-0.100977550573,-0.144437476442,-0.0627422131179,True
11804,590,4,1.05855513282e-11,True,0.0746385738363,True,-0.0868832163892,-0.12464438178500001,-0.0500058079485,True
11805,590,5,1.68099535836e-08,True,0.07063640628560001,True,-0.08435078732580001,-0.12214651040100001,-0.0515101041151,True
11806,590,6,2.29796855756e-08,True,0.0665189276799,True,-0.08506616819849999,-0.11694329741800001,-0.05042436973830001,True
11807,590,7,5.98083796949e-37,True,0.0632614388135,True,-0.0935478193289,-0.123679103629,-0.0604176648155,True
11808,590,8,4.1322657742099993e-41,True,0.0640653900212,True,-0.09796884369239998,-0.129682165802,-0.0656167757805,True
11809,590,9,2.0309180427099996e-76,True,0.06269551943889999,True,-0.107797671742,-0.138976322093,-0.0762808026537,True
11810,590,10,5.59927089384e-45,True,0.0609316198348,True,-0.09268782534219999,-0.12508518063899998,-0.0641535608042,True
11811,590,11,1.2001982215399999e-21,True,0.06084834419969999,True,-0.082695199761,-0.11297201195999998,-0.0521236677601,True
11812,590,12,7.44444067214e-23,True,0.057476896917599996,True,-0.08328195551360001,-0.110413536375,-0.052936639457,True
11813,590,13,1.4052323429999998e-23,True,0.059282946484,True,-0.0800897756982,-0.10959770350600001,-0.050314757021900004,True
11814,590,14,8.592365356749999e-12,True,0.0596153448441,True,-0.0739735546414,-0.10434064770500001,-0.04472530286069999,True
11815,590,15,1.30047514134e-29,True,0.0567173407991,True,-0.07959187154410001,-0.107027795069,-0.050310454269699996,True
11816,590,16,3.10692378328e-24,True,0.05625196032319999,True,-0.07738546447650001,-0.104377308433,-0.048125348110100004,True
11817,590,17,2.92436725021e-13,True,0.0566543048252,True,-0.07318534618719999,-0.100896786542,-0.044242481717,True
11818,590,18,5.11885835487e-38,True,0.0558220199926,True,-0.08064481939830001,-0.107511398436,-0.0516893784429,True
11819,590,19,3.68335829746e-17,True,0.055165264846,True,-0.0814928032022,-0.10990331531,-0.054738050463500006,True
11820,591,0,10.0653932441,False,0.137654356648,False,-0.0562871874276,-0.128237425383,0.00941693126501,False
11821,591,1,9.16926535533,False,0.104210098403,False,-0.0492663732948,-0.10069668689899999,0.00351341150396,False
11822,591,2,3.41530314631,False,0.0873380989145,False,-0.0548873062016,-0.0979669407897,-0.010628841875299999,True
11823,591,3,11.1370628352,False,0.0796929372492,True,-0.0393078354839,-0.0775961065952,0.0020968306540399997,False
11824,591,4,7.309765805820001,False,0.07560800601760001,True,-0.0413201876076,-0.07811197428389999,-0.0025039682663400005,True
11825,591,5,7.4232276105100015,False,0.07170755910910001,True,-0.0380759708691,-0.0734872331207,-0.0017796740116199999,True
11826,591,6,1.36621117485,False,0.0665035814534,True,-0.0503665827428,-0.0848403691561,-0.0183367877026,True
11827,591,7,0.0298974937011,True,0.0627692435182,True,-0.060757446723699995,-0.09361571716119998,-0.030846473643,True
11828,591,8,0.9580342674950001,False,0.06496043822440001,True,-0.0506554116847,-0.080434628961,-0.0154741907366,True
11829,591,9,0.620062188098,False,0.0622098335447,True,-0.050592818670600004,-0.0815978016676,-0.019387968122799998,True
11830,591,10,0.272117191065,True,0.061628140811199994,True,-0.05584299443659999,-0.08610280077950001,-0.024474659968300002,True
11831,591,11,0.126052903199,True,0.0581669114817,True,-0.0620824414303,-0.09091268967919999,-0.0327457781976,True
11832,591,12,0.00174230911441,True,0.058829237152,True,-0.0602106619771,-0.0889079786235,-0.0300787414714,True
11833,591,13,1.00815178834e-10,True,0.0596372793636,True,-0.0695592268846,-0.0998709099519,-0.040233630588300005,True
11834,591,14,9.62970201785e-13,True,0.0591789556518,True,-0.0665007116223,-0.096111518656,-0.036932563004199996,True
11835,591,15,3.74724023491e-20,True,0.057307704104000004,True,-0.0754916589846,-0.10398844567299999,-0.0466807415695,True
11836,591,16,1.30947788091e-05,True,0.05734666489990001,True,-0.0706338724306,-0.09975853225199999,-0.042411867352200004,True
11837,591,17,9.64979415266e-09,True,0.0570077826729,True,-0.07140246137680001,-0.0997368350368,-0.042729052363900004,True
11838,591,18,1.0742819222499999e-17,True,0.055851531367199996,True,-0.0750533099064,-0.10188140446699999,-0.0460298730996,True
11839,591,19,1.5381548384999999e-24,True,0.0553656517055,True,-0.0787771996783,-0.10558349945800001,-0.05021784775219999,True
11840,592,0,4.649924653399999,False,0.142111461164,False,-0.0736702198575,-0.144252158962,-0.00214069779728,True
11841,592,1,0.30220806486699997,True,0.10209956393200001,False,-0.0914583497207,-0.146447162241,-0.0443475983086,True
11842,592,2,0.9828937119869999,False,0.08698709228460001,False,-0.0649029847939,-0.10763728724199999,-0.0206501949571,True
11843,592,3,0.073661271249,True,0.0777620311502,True,-0.079351753715,-0.119249037536,-0.041487006386199995,True
11844,592,4,6.9809353397e-09,True,0.073586973405,True,-0.0851437404389,-0.120916492311,-0.0473295189062,True
11845,592,5,4.28401217537e-19,True,0.0674984582641,True,-0.08319671890610002,-0.11647145764599999,-0.048972999382,True
11846,592,6,3.3959506074499996e-22,True,0.06490928447000001,True,-0.08298979914599999,-0.11250944994,-0.047600165470000004,True
11847,592,7,1.71701187214e-27,True,0.06595924865240001,True,-0.0850039891522,-0.11776808718000001,-0.0518088385277,True
11848,592,8,1.26025619815e-23,True,0.0635200534443,True,-0.091435679088,-0.121742171631,-0.0582221181864,True
11849,592,9,1.33292097395e-12,True,0.0600391963026,True,-0.08342330862080001,-0.11358061872400001,-0.053541422421399996,True
11850,592,10,2.1721386315899998e-13,True,0.059814345432599995,True,-0.0728859402846,-0.103137188103,-0.043322842670800006,True
11851,592,11,1.00058733048e-06,True,0.060649825859699996,True,-0.0704363225588,-0.100943398651,-0.0402935727911,True
11852,592,12,3.19126048275e-08,True,0.0586925596109,True,-0.0728906439765,-0.102539197852,-0.0438466382407,True
11853,592,13,0.0116246730357,True,0.059649829808700004,True,-0.0713148237392,-0.10173690557,-0.042087075761500004,True
11854,592,14,1.0875180715399999e-09,True,0.0593271484263,True,-0.075254011126,-0.104062911602,-0.044735763175400005,True
11855,592,15,2.50662380986e-18,True,0.056705239454199995,True,-0.07871532386360001,-0.107695303929,-0.0509900644744,True
11856,592,16,0.0008458132398339999,True,0.05732802331569999,True,-0.07274901306800001,-0.101217140043,-0.0438891167277,True
11857,592,17,1.7553122613599997e-27,True,0.055710929753900004,True,-0.07442088863520001,-0.103189582683,-0.04747865292859999,True
11858,592,18,1.0421898707200003e-12,True,0.056876024417500004,True,-0.0720495544606,-0.0997519207023,-0.04287589628480001,True
11859,592,19,2.1778742915599997e-10,True,0.05698171486050001,True,-0.06985923332739999,-0.0984202985998,-0.041438583739199994,True
11860,593,0,7.2349959437999996,False,0.136304143125,False,-0.062286173845300004,-0.129596289198,0.006707853927140001,False
11861,593,1,0.9575375930850001,False,0.106035018754,False,-0.0763230286668,-0.127958477922,-0.021923459168,True
11862,593,2,0.62880832237,False,0.0913781696745,False,-0.0685490636187,-0.111200493404,-0.0198223237292,True
11863,593,3,0.66903296131,False,0.0799089988436,True,-0.06208769111740001,-0.100091397724,-0.0201823988803,True
11864,593,4,0.939214471031,False,0.07241735566810001,True,-0.0519944503864,-0.0873057455931,-0.014888389924999999,True
11865,593,5,0.546002470625,False,0.07160912858799999,True,-0.054339172794900005,-0.09153381369110002,-0.0199246851031,True
11866,593,6,0.841749909649,False,0.0677577665252,True,-0.0554062409012,-0.08972147390139999,-0.021963707376200004,True
11867,593,7,0.144745039631,True,0.0657395740487,True,-0.0605249623034,-0.09365057385739999,-0.0279109998087,True
11868,593,8,5.32115966191e-05,True,0.0629017051797,True,-0.0656603137381,-0.09842180441050001,-0.035520099230800004,True
11869,593,9,0.146601763135,True,0.0640932312605,True,-0.0633214200229,-0.0964361610812,-0.0323429298207,True
11870,593,10,3.15170827927e-05,True,0.061862204446400004,True,-0.0640483226921,-0.0948355660655,-0.0329733616191,True
11871,593,11,2.0501617010599996e-08,True,0.06169253479759999,True,-0.0673123379283,-0.0970010894094,-0.035308554611699995,True
11872,593,12,1.2885990241e-07,True,0.0591649130511,True,-0.0682445624307,-0.09795292175619999,-0.0387880087051,True
11873,593,13,2.96093281977e-06,True,0.057794127040999996,True,-0.0614899081668,-0.09118815890789998,-0.0333940318669,True
11874,593,14,0.00334577433832,True,0.0566027842166,True,-0.0628764329482,-0.0907112470204,-0.0341084628037,True
11875,593,15,5.0542744532400004e-06,True,0.0580951962619,True,-0.0609288698752,-0.0905786956345,-0.0324834993725,True
11876,593,16,0.06475667643659999,True,0.0563067089542,True,-0.060003428928300004,-0.0874004931381,-0.031093784184,True
11877,593,17,0.038150410022300005,True,0.0586660696664,True,-0.0607818281589,-0.08993686980730001,-0.0312708001409,True
11878,593,18,1.2178837517499999e-08,True,0.0545055585805,True,-0.061348656219,-0.089383565614,-0.034878007033500004,True
11879,593,19,0.0008449374093080001,True,0.0551679175563,True,-0.0567825678996,-0.08380828993980001,-0.028640372383500003,True
11880,594,0,29.7716237431,False,0.141481145184,False,0.016730133300399998,-0.0536530312443,0.0878281139397,False
11881,594,1,5.75277990599,False,0.105530987762,False,-0.0536111701519,-0.105317872872,0.000213114889513,False
11882,594,2,15.6886927124,False,0.0916302610523,False,-0.038180788055800004,-0.0861899631154,0.00544029793692,False
11883,594,3,12.3650497468,False,0.08020793140169999,False,-0.037264962147199994,-0.0800903162732,0.000117615128437,False
11884,594,4,2.6880174976099998,False,0.07503737405389999,True,-0.0494572732893,-0.0872541352678,-0.0122167612139,True
11885,594,5,1.8645405179299999,False,0.0690578254595,True,-0.0480640238283,-0.081691457112,-0.012633631652600001,True
11886,594,6,1.8633174911200001,False,0.066409864527,True,-0.0481859412598,-0.0817706563332,-0.0153607918062,True
11887,594,7,0.521413137895,False,0.0663544233452,True,-0.05142651741769999,-0.0862291873873,-0.019874764042099997,True
11888,594,8,0.388684157262,False,0.0626867707987,True,-0.05241217838830001,-0.0819981895471,-0.019311418748500002,True
11889,594,9,3.2148326224900003,False,0.0619311000411,True,-0.040250065310699995,-0.0722823908605,-0.0103512908194,True
11890,594,10,1.9038503522599999,False,0.05998243686430001,True,-0.042793222545300005,-0.072567446379,-0.012585009514699999,True
11891,594,11,0.94761632661,False,0.0587720431884,True,-0.0428804680246,-0.0725642686345,-0.0137922254462,True
11892,594,12,4.07147857194,False,0.059310370005199994,True,-0.0387185356129,-0.06666574270219999,-0.007355372696999999,True
11893,594,13,1.61200844649,False,0.0586945832329,True,-0.0429374697967,-0.0717105524051,-0.0130159691723,True
11894,594,14,2.07619206583,False,0.057360973465800005,True,-0.039803207946500004,-0.0686770466394,-0.0113160731736,True
11895,594,15,1.4681489673500001,False,0.059129412152300005,True,-0.042942812627600004,-0.07077571915360001,-0.0116463070013,True
11896,594,16,1.5734105362600002,False,0.0572596740481,True,-0.0404747494723,-0.068756185648,-0.0114965115999,True
11897,594,17,0.010211027996299998,True,0.0581166662469,True,-0.050814333243699994,-0.0809105190979,-0.022793852851,True
11898,594,18,0.00041473377847,True,0.0547267804685,True,-0.0535854561423,-0.0805560976091,-0.0258293171405,True
11899,594,19,0.0447711021195,True,0.055998994177199994,True,-0.0549233767567,-0.08499589134839998,-0.028996897171200003,True
11900,595,0,13.234912484,False,0.140577676269,False,-0.0507663276221,-0.118560606794,0.0220170694746,False
11901,595,1,28.1271498173,False,0.10411626019300001,False,-0.027747690407699997,-0.0772447066015,0.0268715535916,False
11902,595,2,24.8092834206,False,0.0902729739841,False,-0.029576999612799998,-0.0754825632412,0.014790410743,False
11903,595,3,6.744848480040001,False,0.0773238782041,True,-0.04161244055280001,-0.081309996825,-0.00398611862087,True
11904,595,4,2.9563100805599998,False,0.07572475100810001,True,-0.04741079090269999,-0.08309245474669999,-0.007367703738619999,True
11905,595,5,3.3850369049699998,False,0.06926433703410001,True,-0.0451730284092,-0.0793919435111,-0.010127606477,True
11906,595,6,6.630774240880001,False,0.067988023545,True,-0.0393308327903,-0.0732377608873,-0.00524973734222,True
11907,595,7,14.044123053699998,False,0.0648105351233,True,-0.0303365298808,-0.0638528509596,0.000957684163658,False
11908,595,8,5.94637227678,False,0.06214551881659999,True,-0.0376418914995,-0.0695979782778,-0.0074524594612,True
11909,595,9,12.2484865443,False,0.061894455595500004,True,-0.0316294333592,-0.061198572222300004,0.000695883373195,False
11910,595,10,3.3507157215599994,False,0.060159712999200005,True,-0.0385702446506,-0.0708621530106,-0.010702440011400001,True
11911,595,11,0.285310502578,True,0.0594208024954,True,-0.04995204375580001,-0.0785301551645,-0.019109352669099997,True
11912,595,12,2.2311597029,False,0.06029171572980001,True,-0.04243070355819999,-0.07180506731160001,-0.0115133515818,True
11913,595,13,1.52297982376,False,0.0567939730811,True,-0.04281845535230001,-0.0703903432885,-0.0135963702074,True
11914,595,14,2.14364322631,False,0.0575745786316,True,-0.0387198532671,-0.0673920094993,-0.00981743086772,True
11915,595,15,2.5785601533099998,False,0.0575012880754,True,-0.040422870959099994,-0.0701731468435,-0.0126718587681,True
11916,595,16,0.37365872710299997,False,0.0558256141434,True,-0.045318723363399996,-0.07264506215080001,-0.016819448007399998,True
11917,595,17,0.615869399,False,0.055125699307399995,True,-0.0450961044748,-0.0729835680496,-0.017857868742200002,True
11918,595,18,0.339371320771,False,0.05565399462619999,True,-0.049766731519099994,-0.07686881010160002,-0.021214815475400002,True
11919,595,19,0.73847811753,False,0.0557759530748,True,-0.0439583762417,-0.0721193904886,-0.0163434374138,True
11920,596,0,1.5294733012200001,False,0.136683534299,False,-0.0909051310983,-0.15887461700799999,-0.0221910827086,True
11921,596,1,4.55782201977,False,0.10463973841499999,False,-0.058438911762100004,-0.10969931609099999,-0.00505957767605,True
11922,596,2,4.43382682581,False,0.0883936352908,False,-0.0497302169544,-0.0949323825592,-0.00653874726836,True
11923,596,3,4.4215785386,False,0.080816503185,False,-0.0493459752545,-0.08823057750119999,-0.00741407431628,True
11924,596,4,11.0316879275,False,0.0756474227397,True,-0.03644781429919999,-0.07540919660510001,0.00023822613456200002,False
11925,596,5,15.449654573699998,False,0.07110428598730001,True,-0.030968624753999998,-0.0653522839993,0.00575200198792,False
11926,596,6,7.5070159482399985,False,0.0682531701824,True,-0.0382412865823,-0.0721743560775,-0.00392118589509,True
11927,596,7,8.91010312248,False,0.0656993194437,True,-0.034540882393199995,-0.0673346284321,-0.00163530898839,True
11928,596,8,5.98285283184,False,0.0640752835936,True,-0.037910514970199996,-0.07026518827,-0.00618990467647,True
11929,596,9,2.30460405582,False,0.0626502786395,True,-0.0421296840056,-0.07437800409060001,-0.0117277254511,True
11930,596,10,2.37000134632,False,0.062296293743799996,True,-0.042673139827199995,-0.0749661468902,-0.0126698531464,True
11931,596,11,1.49366378278,False,0.061579575672199995,True,-0.0458244761421,-0.07748472663150001,-0.015905150959299997,True
11932,596,12,0.19459846551100002,True,0.0593209815455,True,-0.05440651356380001,-0.08466126939600001,-0.0253402878505,True
11933,596,13,0.407464416167,False,0.06117008779350001,True,-0.0486990534348,-0.07832189652589999,-0.0171518087324,True
11934,596,14,1.01124354862,False,0.0588562782766,True,-0.0445869720707,-0.07324641766260001,-0.014390139386,True
11935,596,15,1.77028365995,False,0.057166964209400005,True,-0.0400800130433,-0.06880336225210001,-0.0116363980426,True
11936,596,16,0.650421467408,False,0.0560310995475,True,-0.045579262218,-0.0728309368462,-0.0167998372988,True
11937,596,17,0.11320037888699999,True,0.0558952675724,True,-0.0532626646748,-0.08058746442379999,-0.024692196851400002,True
11938,596,18,0.0033483181164699997,True,0.0582080986885,True,-0.0608516447482,-0.0905193652396,-0.0323112665511,True
11939,596,19,1.95111197296e-08,True,0.05498334017130001,True,-0.06150175659630001,-0.09051711164349999,-0.0355337714723,True
11940,597,0,31.0851343359,False,0.13794006909700002,False,-0.0172249409077,-0.0895894195473,0.0483506495496,False
11941,597,1,22.1881280608,False,0.103159206164,False,-0.031074458446900002,-0.0843777626093,0.0187814435548,False
11942,597,2,15.281414766900001,False,0.0874779829702,False,-0.0361416424989,-0.0798572871777,0.0076206957924700005,False
11943,597,3,11.6804971621,False,0.08013547258619999,False,-0.038350854655,-0.07772187514489999,0.0024135974413,False
11944,597,4,41.6765506708,False,0.0741242195748,True,-0.0180698002734,-0.0530261287258,0.021098090849000002,False
11945,597,5,37.90241633,False,0.0704147562798,True,-0.0199754854527,-0.055908017640199995,0.0145067386396,False
11946,597,6,18.3463425891,False,0.0671980413605,True,-0.0266418977146,-0.0611312777157,0.00606676364483,False
11947,597,7,9.528957313660001,False,0.063457884293,True,-0.033108072420700005,-0.0651417783035,-0.0016838940104999998,True
11948,597,8,3.6900462083599996,False,0.0635998855833,True,-0.041370416605500004,-0.0732843751525,-0.00968448956914,True
11949,597,9,1.98601585803,False,0.0628655712915,True,-0.0455869865472,-0.0752823459976,-0.0124167747061,True
11950,597,10,0.514018891365,False,0.06204127177680001,True,-0.053546982182,-0.0838704422077,-0.0218291704309,True
11951,597,11,0.144498423238,True,0.0599943677376,True,-0.052984709959,-0.08169374016919999,-0.0216993724316,True
11952,597,12,0.10600567641799999,True,0.0589098485563,True,-0.05414208952190001,-0.08220139659310001,-0.023291548036700003,True
11953,597,13,0.23855693270199999,True,0.0582463725184,True,-0.0544547418655,-0.0837481411981,-0.0255017686797,True
11954,597,14,0.00619072097822,True,0.057987033975800004,True,-0.06021390576780001,-0.0884215090947,-0.030434475118900003,True
11955,597,15,0.00104941645542,True,0.05733916408919999,True,-0.0598287005896,-0.0873000042582,-0.029960840169,True
11956,597,16,2.09839227199e-06,True,0.0575927532077,True,-0.0590779702066,-0.086436247072,-0.0288434938644,True
11957,597,17,0.12107760502699999,True,0.059625596333099995,True,-0.0552744968514,-0.08393403060799999,-0.024308434274900002,True
11958,597,18,0.193631961414,True,0.056116942752800006,True,-0.05291026817419999,-0.0825850718493,-0.0264681290965,True
11959,597,19,0.0426428162737,True,0.05585421760150001,True,-0.053442013127600003,-0.0822829116809,-0.026428694079400003,True
11960,598,0,23.9060998533,False,0.147744187144,False,0.029291397861200004,-0.0466196064491,0.101124580695,False
11961,598,1,45.36489241979999,False,0.10590279876900001,False,-0.00104409872303,-0.053024454176000005,0.052878344592699994,False
11962,598,2,14.3168346984,False,0.0931037752562,False,-0.0380225571308,-0.08569657419500001,0.007407201061260001,False
11963,598,3,8.241765074439998,False,0.0781057805916,True,-0.0408033310055,-0.0795795147851,-0.0014737341935,True
11964,598,4,2.22259076732,False,0.069861543943,True,-0.047298426435000006,-0.0811832164001,-0.0113216724571,True
11965,598,5,4.36974461018,False,0.0720437671896,True,-0.04479099502640001,-0.0815708397794,-0.00952707258979,True
11966,598,6,0.0928641440037,True,0.0684245934361,True,-0.06215828923830001,-0.09602020817389999,-0.027595614737800003,True
11967,598,7,1.9874220369599997,False,0.06461014091419999,True,-0.0442628884966,-0.0751617168535,-0.010551575939400001,True
11968,598,8,0.723037292502,False,0.06284313832840001,True,-0.051138655508500004,-0.08167716662419999,-0.018834028295799998,True
11969,598,9,1.42246175963,False,0.0606653497184,True,-0.044955341933699995,-0.07448611607769999,-0.0138207663593,True
11970,598,10,1.38519533634,False,0.061164475834999996,True,-0.046063291894,-0.0787693966607,-0.017604920825599998,True
11971,598,11,1.72967018917,False,0.058103338713199996,True,-0.043227994773199996,-0.07331942621389999,-0.0152160875007,True
11972,598,12,1.7994086146900001,False,0.0593511911725,True,-0.0428393340018,-0.0724655505203,-0.0131143593478,True
11973,598,13,1.9715899424599999,False,0.059043470422800004,True,-0.0412351485359,-0.06950092180430001,-0.0104574513815,True
11974,598,14,1.53914820842,False,0.0570142831593,True,-0.040451643699,-0.0696046440081,-0.0125903608489,True
11975,598,15,0.482649804462,False,0.05807709320190001,True,-0.0512387843255,-0.07910440646589999,-0.021027313264099998,True
11976,598,16,0.397166983323,False,0.0581000698624,True,-0.047169432175000005,-0.0766309701139,-0.018530900251499997,True
11977,598,17,1.89737689676,False,0.0557025311225,True,-0.0401469230375,-0.06874730389219999,-0.0130447727697,True
11978,598,18,1.4626902744699999,False,0.0565602086327,True,-0.0411968427027,-0.0703002656274,-0.013740056994700002,True
11979,598,19,2.17426411187,False,0.0567380878402,True,-0.0394571535335,-0.0689063886944,-0.0121683008543,True
11980,599,0,10.087486246000001,False,0.13965901400699998,False,-0.054775162472900006,-0.124381174488,0.0152778395182,False
11981,599,1,2.10331018984,False,0.104787928924,False,-0.0695776577389,-0.124059805906,-0.0192718769823,True
11982,599,2,1.4403211069,False,0.0900325788008,False,-0.062240808755700004,-0.10814423380799999,-0.0181116550071,True
11983,599,3,0.15078701175200002,True,0.0795165478121,True,-0.0712009495179,-0.11314476713600001,-0.0336282193243,True
11984,599,4,0.054165358038300006,True,0.0761246747666,True,-0.0689218876735,-0.106779275711,-0.0306546009448,True
11985,599,5,1.97296983917e-05,True,0.0681778502061,True,-0.0740100444004,-0.107799281883,-0.0396214316766,True
11986,599,6,0.0514750853752,True,0.0678040893501,True,-0.0638722922066,-0.0964336845437,-0.028629595193599998,True
11987,599,7,0.397820762491,False,0.0630128890785,True,-0.055026165477200004,-0.08737621445319999,-0.0243633253746,True
11988,599,8,0.43655954660499996,False,0.0630143789156,True,-0.053997468628099995,-0.0865929964582,-0.0235786175426,True
11989,599,9,0.00035208920130599996,True,0.061217667332499996,True,-0.0582570900178,-0.08880948149460001,-0.0275918141621,True
11990,599,10,5.04449674144e-06,True,0.0637120578374,True,-0.069079992191,-0.0999902474402,-0.0362781896028,True
11991,599,11,1.1199512547799999e-06,True,0.0597033674003,True,-0.0696353413083,-0.09910065141689998,-0.03939728401669999,True
11992,599,12,0.0077304979664399994,True,0.0578998852924,True,-0.0623021746843,-0.0917925748322,-0.0338926895398,True
11993,599,13,7.09205647701e-05,True,0.0574592944417,True,-0.0597938763887,-0.0878800927042,-0.030420798262400003,True
11994,599,14,0.17820200725299998,True,0.0570443980982,True,-0.0563866138404,-0.08439404707910002,-0.027349648980900004,True
11995,599,15,9.98455498201e-06,True,0.05616567035,True,-0.0588054613449,-0.08651409199789999,-0.030348421647799998,True
11996,599,16,1.88833560231e-07,True,0.0563610229402,True,-0.0641367427713,-0.09213474752489999,-0.03577372458480001,True
11997,599,17,4.52371569557e-05,True,0.0565265054444,True,-0.0628126237717,-0.09217616803739999,-0.0356496625929,True
11998,599,18,6.65097575967e-17,True,0.0538943044235,True,-0.0729309212153,-0.10046672071,-0.0465724162866,True
11999,599,19,4.11994918412e-23,True,0.0561319530106,True,-0.0771461854363,-0.103610837394,-0.0474788843835,True
12000,600,0,10.1864114518,False,0.142181972178,False,-0.0577797064466,-0.128355524469,0.0138264477089,False
12001,600,1,0.247774341445,True,0.10471773077600001,False,-0.08657708954,-0.137631324762,-0.0329135939863,True
12002,600,2,10.7549836796,False,0.09015170536480001,False,-0.040532337532,-0.08609314323419999,0.0040585621306400005,False
12003,600,3,1.92613354836,False,0.07987223497330001,True,-0.0559513354758,-0.0964285345098,-0.0165562995364,True
12004,600,4,0.493039746409,False,0.0705010276177,True,-0.0596684009907,-0.0953291095256,-0.024828081907900004,True
12005,600,5,0.7717922891850001,False,0.0692846647152,True,-0.0539796506114,-0.08825733743410001,-0.018972672718799998,True
12006,600,6,0.603139036414,False,0.0672762400415,True,-0.05392959036449999,-0.08792846054589999,-0.0206522205044,True
12007,600,7,0.128783568738,True,0.065430680863,True,-0.0590392567007,-0.0929147162493,-0.0274840353863,True
12008,600,8,0.00846767432127,True,0.06485402811,True,-0.064560774808,-0.09683466804030001,-0.0319806399303,True
12009,600,9,0.0835382628599,True,0.06259650171509999,True,-0.0597465735706,-0.08941621571380001,-0.026819713998599996,True
12010,600,10,8.890496717120001e-07,True,0.058673792032500005,True,-0.0645538124368,-0.0933697871953,-0.0346959951628,True
12011,600,11,0.08816173578780001,True,0.0584143297138,True,-0.0658713420572,-0.09523044949689999,-0.036816119783099996,True
12012,600,12,7.61849616246e-05,True,0.0583422822579,True,-0.06089478621780001,-0.09064858920669999,-0.0323063069488,True
12013,600,13,6.423277763830001e-06,True,0.0601632986508,True,-0.0623359682349,-0.0926807631865,-0.0325174645357,True
12014,600,14,0.00192098307309,True,0.05881332119609999,True,-0.059986700911,-0.0900739070458,-0.031260585849700005,True
12015,600,15,0.0120951889836,True,0.0576257896332,True,-0.0647094697841,-0.09344133510610002,-0.0358155454729,True
12016,600,16,8.69849415787e-14,True,0.057173168392400005,True,-0.0682391376734,-0.09682416373410001,-0.039650995341699996,True
12017,600,17,0.0063740008453999995,True,0.0576846255327,True,-0.05963495462590001,-0.08857882615849999,-0.030894200625800002,True
12018,600,18,6.35627351106e-09,True,0.05822581829580001,True,-0.0653243194905,-0.0959245041537,-0.0376986858578,True
12019,600,19,1.1714209376200001e-06,True,0.0558538612684,True,-0.06597854642090001,-0.0944160923989,-0.038562231130499995,True
12020,601,0,6.14693059311,False,0.135974765123,False,-0.0665801165925,-0.134531467519,0.00144329760438,False
12021,601,1,3.0650863910500004,False,0.105995186952,False,-0.0637618267022,-0.115633088257,-0.009637901305239999,True
12022,601,2,0.313379120127,True,0.0902666839122,False,-0.0728546438623,-0.116820823149,-0.026554139237099997,True
12023,601,3,0.42460907920100005,False,0.08043927966789999,False,-0.06405893510999999,-0.102573352599,-0.022134072931,True
12024,601,4,3.50307046944,False,0.0740101336194,True,-0.04786808833819999,-0.0859745595472,-0.011964425927899999,True
12025,601,5,0.398446792371,False,0.0704997493996,True,-0.0587033646995,-0.0940447807704,-0.0235450313708,True
12026,601,6,0.337768873516,False,0.0681998303307,True,-0.0584288355886,-0.0919595476639,-0.023759717333200002,True
12027,601,7,0.00388319840715,True,0.063956167321,True,-0.05977588945730001,-0.0916853852939,-0.0277292179729,True
12028,601,8,0.5585856751680001,False,0.060069674001599994,True,-0.048035230831,-0.0768523588999,-0.0167826848983,True
12029,601,9,0.6097483346379999,False,0.0617897690642,True,-0.046405998396899996,-0.0800306417805,-0.0182408727163,True
12030,601,10,1.7831971171799998,False,0.0608526203099,True,-0.0453046501497,-0.07627173396169999,-0.0154191136518,True
12031,601,11,0.42007619100599997,False,0.058741924659500004,True,-0.050985707668699996,-0.0817557967396,-0.023013872080099997,True
12032,601,12,0.144832973738,True,0.0572136815108,True,-0.049681970578300004,-0.078286422376,-0.021072740865199998,True
12033,601,13,0.112659396041,True,0.0591271774825,True,-0.056798364076300005,-0.08686986287380001,-0.0277426853913,True
12034,601,14,2.85924611596e-05,True,0.057239922684300004,True,-0.0585156137541,-0.0864203068159,-0.0291803841315,True
12035,601,15,2.75663534703e-07,True,0.055406085646599997,True,-0.05827817229519999,-0.08670281151499999,-0.0312967258684,True
12036,601,16,0.010029669854,True,0.0557784864033,True,-0.0639465846858,-0.0918788237063,-0.036100337302999996,True
12037,601,17,2.14942955247e-05,True,0.0556464066067,True,-0.06547611162809999,-0.09290405288039999,-0.0372576462737,True
12038,601,18,4.6647721256e-08,True,0.0560833869484,True,-0.0652676480757,-0.09310808442289999,-0.037024697474500004,True
12039,601,19,5.02254579563e-06,True,0.056916403799,True,-0.063662418394,-0.0915549024364,-0.0346384986374,True
12040,602,0,24.6973412704,False,0.140404170892,False,-0.0283461036666,-0.0953988751999,0.0450052956924,False
12041,602,1,9.03216212617,False,0.10249042667500001,False,-0.0481859831721,-0.100416066328,0.0020743603469,False
12042,602,2,3.21951534375,False,0.08784147520739999,False,-0.05468801331680001,-0.09742004643300001,-0.00957857122569,True
12043,602,3,1.1530857202299998,False,0.08222869241439999,False,-0.061641326989,-0.103656455536,-0.0214277631215,True
12044,602,4,0.24641055535599998,True,0.0750862159822,True,-0.0644386906978,-0.103562985498,-0.0284767695157,True
12045,602,5,0.589969412912,False,0.068918477737,True,-0.0636935902816,-0.0972526473705,-0.0283341696335,True
12046,602,6,0.192566577444,True,0.0655557080072,True,-0.057200815272199994,-0.08878016097010001,-0.0232244529629,True
12047,602,7,0.08188553533580001,True,0.0672329632274,True,-0.06585888095930001,-0.0973714145244,-0.030138451296999998,True
12048,602,8,6.41819565749e-14,True,0.0635088577809,True,-0.075593316771,-0.106516840885,-0.0430079831044,True
12049,602,9,1.24270252792e-07,True,0.0616947311806,True,-0.0741485148173,-0.104772065465,-0.0430773342846,True
12050,602,10,3.59888702357e-05,True,0.0624195509761,True,-0.0694329204711,-0.100799592442,-0.0383800414663,True
12051,602,11,3.86414972497e-09,True,0.0596951218224,True,-0.0705571572841,-0.10051857804400001,-0.0408234562221,True
12052,602,12,0.0117649690025,True,0.058369491873500004,True,-0.0585884562818,-0.0891423916365,-0.030772899763000003,True
12053,602,13,0.0171069671201,True,0.059173919304,True,-0.06202140105619999,-0.0930750854531,-0.0339011661491,True
12054,602,14,2.09957040326e-10,True,0.059483079711199996,True,-0.0670636634795,-0.0963127861617,-0.0368297064505,True
12055,602,15,2.5695766033900005e-10,True,0.058052780038599996,True,-0.07148516770050001,-0.09992194926060001,-0.041869169222,True
12056,602,16,0.017634105057400002,True,0.0566977324138,True,-0.0642491222037,-0.0941135844368,-0.037415852023,True
12057,602,17,0.000281981533756,True,0.0568937797893,True,-0.06268103270639999,-0.0901524524572,-0.0332586726679,True
12058,602,18,5.7968436395500004e-18,True,0.058451002517499996,True,-0.0699803693647,-0.10030893812200001,-0.0418579356041,True
12059,602,19,6.66122228365e-14,True,0.058303341485699996,True,-0.0768625959528,-0.10598944625600001,-0.0476861047702,True
12060,603,0,1.6426565185799997,False,0.138951594501,False,-0.0901745891299,-0.156741543937,-0.0177899494363,True
12061,603,1,2.8719375585000004,False,0.10317313789999999,False,-0.0637546734426,-0.113514181844,-0.0103410439442,True
12062,603,2,3.85525414893,False,0.0883749878841,False,-0.055026914728,-0.09891047249320001,-0.0105354846091,True
12063,603,3,3.0111280128400004,False,0.0808430078133,False,-0.0524888182558,-0.09169533806289999,-0.010852330249700002,True
12064,603,4,0.642971200028,False,0.0736823603995,True,-0.0581400590653,-0.09317773601399999,-0.0194953756145,True
12065,603,5,0.363285570628,False,0.0668642459465,True,-0.0568739565858,-0.0915369969895,-0.024672751043,True
12066,603,6,3.0360036660400005,False,0.0698149278821,True,-0.0457596877453,-0.0809753655061,-0.011160437624,True
12067,603,7,6.54373872901,False,0.0629246282861,True,-0.0373033117442,-0.0688363574411,-0.005911729154909999,True
12068,603,8,1.1288442899200002,False,0.0627367425193,True,-0.04698594098069999,-0.0772623289233,-0.014525586403999998,True
12069,603,9,0.551797241344,False,0.0605230516151,True,-0.0486893520742,-0.0778826917777,-0.017359640162700002,True
12070,603,10,1.1453609111,False,0.0625288155514,True,-0.04871463042930001,-0.0822469987522,-0.0197181832008,True
12071,603,11,0.525261050467,False,0.057292321145800004,True,-0.049675632586199996,-0.0778656627953,-0.020573341649499997,True
12072,603,12,0.08587054996369999,True,0.058378456891099995,True,-0.0525696892167,-0.0811825649612,-0.022804108070099995,True
12073,603,13,0.399625100171,False,0.0574907520085,True,-0.0456413967456,-0.0754467755849,-0.017956023576400002,True
12074,603,14,0.172520395801,True,0.0577291803161,True,-0.0504546769712,-0.0792738358934,-0.0215446555772,True
12075,603,15,0.023755801857,True,0.0561398618685,True,-0.055778676437400004,-0.0836843863508,-0.027544524482299996,True
12076,603,16,0.000316410694775,True,0.0580728776054,True,-0.05942000863559999,-0.089076850919,-0.031003973313599997,True
12077,603,17,0.0113985150745,True,0.0562977605028,True,-0.0568567697994,-0.08558256815819999,-0.0292848076554,True
12078,603,18,0.203428269379,True,0.05508315213309999,True,-0.0602448229808,-0.08704756613800001,-0.0319644140049,True
12079,603,19,0.08988436405610001,True,0.057220366426699996,True,-0.0610263548218,-0.0893369526064,-0.0321165861797,True
12080,604,0,1.14051437205,False,0.132497597647,False,-0.09458450360500001,-0.161778828191,-0.0292812305437,True
12081,604,1,8.03388560793,False,0.10484686703500001,False,-0.0501962738669,-0.103753440157,0.00109342687778,False
12082,604,2,0.158122128602,True,0.0875761348064,False,-0.07962651906010002,-0.123394801308,-0.0358186665016,True
12083,604,3,0.04844152641919999,True,0.0776909495896,True,-0.06995066856389999,-0.110891882088,-0.0332009324979,True
12084,604,4,0.00729686586792,True,0.0746108853145,True,-0.06895663057189999,-0.10646359815999999,-0.031852712846,True
12085,604,5,0.239243382069,True,0.0692860105089,True,-0.069432133598,-0.105757428315,-0.0364714178058,True
12086,604,6,0.053757620757999995,True,0.0657363477922,True,-0.0701724258218,-0.10370070013299999,-0.0379643523413,True
12087,604,7,1.5560739339999999e-09,True,0.0643300184343,True,-0.0710008062906,-0.101702888161,-0.0373728697272,True
12088,604,8,9.95341062574e-07,True,0.0639920455695,True,-0.0684879882077,-0.102168605729,-0.0381765601599,True
12089,604,9,2.65172256423e-07,True,0.0592983810356,True,-0.06974130098010001,-0.10152330654,-0.042224925504099994,True
12090,604,10,0.00046224162547699995,True,0.0619195701233,True,-0.067049780113,-0.0980695426984,-0.036149972575,True
12091,604,11,9.241192587050001e-08,True,0.0608310231233,True,-0.0707756815288,-0.100899652557,-0.0400686294336,True
12092,604,12,0.17322486263099998,True,0.0583167893057,True,-0.058760029336000004,-0.08883114938179999,-0.0305143600761,True
12093,604,13,0.256810260557,True,0.0587543764001,True,-0.0526102456395,-0.0821039151408,-0.023349538740699997,True
12094,604,14,0.021064384035,True,0.0576478362451,True,-0.0572084739804,-0.0868096574956,-0.0291618212505,True
12095,604,15,9.8643296777e-07,True,0.0569269746282,True,-0.060208964702000003,-0.0887596900535,-0.031832715425200005,True
12096,604,16,0.000322572839051,True,0.057317688805599995,True,-0.0618445366922,-0.090978991753,-0.0336613029474,True
12097,604,17,0.004201260984479999,True,0.0562056193679,True,-0.0625323543827,-0.0904854182777,-0.0342797989098,True
12098,604,18,7.20099907609e-06,True,0.0551599588569,True,-0.060213278873899996,-0.0882143065071,-0.0330543476502,True
12099,604,19,5.5547483490099995e-06,True,0.0567302805844,True,-0.06004528320330001,-0.08817764336339999,-0.031447362779,True
12100,605,0,21.8083301132,False,0.145116165567,False,0.0341309293386,-0.0369653528814,0.108150812686,False
12101,605,1,44.928241835,False,0.10283016459699999,False,0.0022532099115500004,-0.045214232678399996,0.0576159319181,False
12102,605,2,52.5568191522,False,0.0892446834963,False,0.005387920057069999,-0.03978975437630001,0.04945492912,False
12103,605,3,47.51154523140001,False,0.07786346160299999,True,-0.0131334649569,-0.051180942571400004,0.026682519031700002,False
12104,605,4,60.764613706700004,False,0.0728380622062,True,-0.005161293868100001,-0.043492282987,0.0293457792192,False
12105,605,5,65.89914222819999,False,0.06789518675459999,True,-0.00750220822605,-0.0412799580256,0.026615228728999997,False
12106,605,6,70.0585784407,False,0.0654285652075,True,-0.00213890941842,-0.035275659886300006,0.0301529053212,False
12107,605,7,65.0441696851,False,0.0642013843175,True,-0.009541756577749999,-0.0411450648313,0.0230563194862,False
12108,605,8,31.327626433899997,False,0.0641593391543,True,-0.022113534690400005,-0.0552478907838,0.008911448370450001,False
12109,605,9,56.055870575,False,0.06216005354180001,True,-0.0123620129589,-0.0440401170125,0.0181199365293,False
12110,605,10,47.8662237815,False,0.059751947965900006,True,-0.0149954815901,-0.0430443824135,0.016707565552299998,False
12111,605,11,33.6937577568,False,0.0589035071043,True,-0.021128592127,-0.0497582683227,0.0091452387816,False
12112,605,12,7.60411776579,False,0.0593506709339,True,-0.0339307534121,-0.0642581997051,-0.004907528771199999,True
12113,605,13,6.41252230261,False,0.0589921001901,True,-0.0346146427988,-0.06473504935980001,-0.005742949169729999,True
12114,605,14,6.170312433099999,False,0.0571263472877,True,-0.033738136571299995,-0.0628642851208,-0.005737937833100001,True
12115,605,15,6.06477103263,False,0.055403934250300005,True,-0.0334664142659,-0.06291477547299999,-0.0075108412226199996,True
12116,605,16,11.213316583800001,False,0.0575608862132,True,-0.029766965471000002,-0.0599171106757,-0.00235622446258,True
12117,605,17,5.34773866244,False,0.056029967779,True,-0.0349896330257,-0.06425232257130001,-0.008222354792350001,True
12118,605,18,2.08805017211,False,0.056119841670199996,True,-0.0410783286227,-0.07000891832969999,-0.013889076659600002,True
12119,605,19,1.23880307433,False,0.0579903545587,True,-0.042089714699999996,-0.07075953458789999,-0.0127691800291,True
12120,606,0,32.6512489169,False,0.142108546194,False,-0.00888386705251,-0.079743686441,0.0623648597528,False
12121,606,1,35.7485857857,False,0.106023525476,False,-0.0186015275586,-0.0735048223101,0.032518703166,False
12122,606,2,52.5946873254,False,0.0876576371868,False,0.00296069640706,-0.040489530226,0.0471681069608,False
12123,606,3,59.570532745200005,False,0.0802476777555,False,0.00244381205661,-0.0359746918652,0.0442729858903,False
12124,606,4,26.9287915525,False,0.07443842389580001,True,-0.026088803507099998,-0.0631036365373,0.011334787358500001,False
12125,606,5,6.2444258467100004,False,0.0681055719087,True,-0.039168219715699996,-0.0749755828839,-0.00687001097518,True
12126,606,6,2.5820227939800002,False,0.067580619292,True,-0.04540799111169999,-0.080387813651,-0.0128071943589,True
12127,606,7,8.92379657786,False,0.0632372510808,True,-0.0345639670326,-0.06503668912619999,-0.0017994380453699999,True
12128,606,8,4.09215205243,False,0.0632090114367,True,-0.0391766975938,-0.07055924006230001,-0.00735022862562,True
12129,606,9,4.64282000432,False,0.0594343676229,True,-0.037296445259800005,-0.06686103804980001,-0.00742667042683,True
12130,606,10,2.78236003814,False,0.059730733308300005,True,-0.0402293511645,-0.071882622989,-0.012151889680700002,True
12131,606,11,1.8942929328799998,False,0.0594897933513,True,-0.0445090598937,-0.07423369637249999,-0.014743903021100001,True
12132,606,12,0.395795670883,False,0.0574588487202,True,-0.050249660202599994,-0.0791060186895,-0.0216471699693,True
12133,606,13,0.435940142636,False,0.057993947445099996,True,-0.0500535985187,-0.0797985948395,-0.021804647394400002,True
12134,606,14,0.0300360473036,True,0.05930769003959999,True,-0.052195087467,-0.0809840485926,-0.021676358553,True
12135,606,15,0.00858486197937,True,0.055949302713,True,-0.0538609734407,-0.0831576030187,-0.027208300305699998,True
12136,606,16,0.247742112107,True,0.0560681829633,True,-0.056624291272099996,-0.08516405021269999,-0.0290958672494,True
12137,606,17,0.000572414504883,True,0.0571156433184,True,-0.0587123513519,-0.0869152161348,-0.029799572816400003,True
12138,606,18,0.027104271391799998,True,0.0577915630458,True,-0.061024045913300004,-0.0891441893053,-0.0313526262595,True
12139,606,19,0.030840102735700002,True,0.0551088040071,True,-0.060211466101099995,-0.08855650792719999,-0.0334477039202,True
12140,607,0,12.6719998877,False,0.140210930765,False,-0.051649505027,-0.122611328195,0.017599602569799998,False
12141,607,1,17.7945581671,False,0.102675478671,False,-0.037201139406800005,-0.0896045501055,0.0130709285654,False
12142,607,2,36.9572764261,False,0.0879715528922,False,-0.021012537961300003,-0.06255982300719999,0.025411729885,False
12143,607,3,27.032232839899997,False,0.078854505969,True,-0.026582384583999998,-0.0671709043157,0.0116836016533,False
12144,607,4,46.904100228500006,False,0.0731861392225,True,-0.0165796091423,-0.05226420493409999,0.0209219342884,False
12145,607,5,55.4924467393,False,0.0703681937754,True,-0.011975545251,-0.0465708006299,0.023797393145499997,False
12146,607,6,21.09440693,False,0.0670727325423,True,-0.0274337628794,-0.05990981285130001,0.007162919691,False
12147,607,7,11.8265236775,False,0.0660941418317,True,-0.0331060357556,-0.0652448251179,0.0008493167138110001,False
12148,607,8,5.17473692622,False,0.0635027333276,True,-0.038623087959400004,-0.07010117787600001,-0.00659844454836,True
12149,607,9,1.33081166614,False,0.061352564720900005,True,-0.045686424375099996,-0.07809624456019999,-0.0167436798392,True
12150,607,10,0.317394177848,True,0.059008346470699996,True,-0.048356136431300004,-0.07743292517030001,-0.018424578699599996,True
12151,607,11,0.963305135234,False,0.0601932529518,True,-0.0448673730226,-0.0752423212072,-0.0150490682555,True
12152,607,12,1.37673945553,False,0.0585505711709,True,-0.04532451721030001,-0.0759765964608,-0.017426025289799998,True
12153,607,13,1.1272726705299998,False,0.058149161145599995,True,-0.04450705155759999,-0.073664243359,-0.0155150822135,True
12154,607,14,0.630400053347,False,0.0577724999745,True,-0.0486364555729,-0.0785146118199,-0.0207421118454,True
12155,607,15,0.120149240214,True,0.057512566305099995,True,-0.0516535677601,-0.0806285761495,-0.0231160098444,True
12156,607,16,0.148730427163,True,0.0588240881752,True,-0.0550672106289,-0.084397314175,-0.0255732259999,True
12157,607,17,0.453899162913,False,0.057955202398699994,True,-0.0532225073831,-0.08289669999060001,-0.0249414975919,True
12158,607,18,0.216067768798,True,0.056653705639000004,True,-0.054054746714000006,-0.0841109826335,-0.027457276994500002,True
12159,607,19,0.172894421753,True,0.0571563725038,True,-0.0567057673218,-0.08642859716080001,-0.029272224657,True
12160,608,0,7.10769852958,False,0.144525453432,False,-0.0668647231746,-0.138010524139,0.00651492929295,False
12161,608,1,1.1887271023000001,False,0.10503462129,False,-0.0753989121268,-0.127629082892,-0.022594461601900002,True
12162,608,2,0.350739976139,False,0.08536446363110001,False,-0.0786681387711,-0.12083281675100001,-0.0354683531201,True
12163,608,3,0.568738917206,False,0.0795133368175,True,-0.0620603886465,-0.102743915646,-0.023230578827999997,True
12164,608,4,8.12757751956,False,0.0733140614071,True,-0.038946080977199996,-0.07370639634949999,-0.000392334942305,True
12165,608,5,1.67270438088,False,0.0708376902436,True,-0.050925604386300005,-0.0860054762302,-0.015167785986699999,True
12166,608,6,2.15633730426,False,0.0665283000162,True,-0.0450765731006,-0.0792152197479,-0.0126869197318,True
12167,608,7,3.91313094634,False,0.0656394657606,True,-0.0412963043171,-0.0731623827572,-0.007522916996600001,True
12168,608,8,1.48422938255,False,0.0635314456835,True,-0.0453260329266,-0.0781366080222,-0.014605162338700002,True
12169,608,9,2.38301383759,False,0.0624682881074,True,-0.0438257561578,-0.0748337892272,-0.012365501119899999,True
12170,608,10,2.6978561518,False,0.061978479271599995,True,-0.0421019251179,-0.07250566217780001,-0.010527182906200002,True
12171,608,11,0.39556514236900003,False,0.059576349097600005,True,-0.0509467412094,-0.08062582469339999,-0.0210494755958,True
12172,608,12,0.887870567562,False,0.05724487410680001,True,-0.043746650138400005,-0.0721026441494,-0.014857770042600001,True
12173,608,13,1.0122649308299998,False,0.0570028058,True,-0.0457778851007,-0.07669175637060001,-0.019688950570599998,True
12174,608,14,0.242272977296,True,0.0583600023714,True,-0.054446655097199995,-0.0824082737404,-0.024048271368999997,True
12175,608,15,0.315852031938,True,0.0575091148686,True,-0.0488912185662,-0.0769299439058,-0.0194208290372,True
12176,608,16,0.24740234858899998,True,0.0586008094663,True,-0.05083299137490001,-0.07820754456439999,-0.0196067350981,True
12177,608,17,0.112288396126,True,0.0583535302312,True,-0.057103838504099995,-0.0881132846719,-0.029759754440700004,True
12178,608,18,3.18005377135e-06,True,0.0572714826756,True,-0.06165593861219999,-0.09016186306849999,-0.0328903803929,True
12179,608,19,2.6230679580999997e-07,True,0.05518270326230001,True,-0.0654748574933,-0.092966764803,-0.0377840615407,True
12180,609,0,32.3892314884,False,0.138684760307,False,-0.0113796327376,-0.08114801118210001,0.0575367491245,False
12181,609,1,41.5567043975,False,0.101748118276,False,-0.0132303645126,-0.0627116742686,0.0390364440071,False
12182,609,2,16.6682200278,False,0.09103744708360001,False,-0.0350068460544,-0.0787767869251,0.012260660158500001,False
12183,609,3,23.3397757847,False,0.07930236633530001,True,-0.028312288574799997,-0.0657191212795,0.013583245055799999,False
12184,609,4,11.2814702168,False,0.0725365716572,True,-0.0345660315124,-0.07407511418519999,-0.00153854252795,True
12185,609,5,3.4698633654699997,False,0.0689855108457,True,-0.044098022800000004,-0.07834719370160001,-0.009361682855840001,True
12186,609,6,3.16304555356,False,0.0670844537327,True,-0.0428162027364,-0.0769929296061,-0.00990847587339,True
12187,609,7,3.1895609613800002,False,0.06447638806599999,True,-0.0410463969906,-0.0721333068888,-0.00765691882273,True
12188,609,8,1.12983304562,False,0.0627121824537,True,-0.0479070053412,-0.0799814609211,-0.017269278467400003,True
12189,609,9,0.971428762489,False,0.0641377392461,True,-0.0468576739358,-0.07877969886639999,-0.014641959620399998,True
12190,609,10,0.32143039708099996,True,0.060224662499400006,True,-0.0559817661396,-0.08648072159389998,-0.0262560590945,True
12191,609,11,0.376304162548,False,0.05998403945309999,True,-0.05026678865590001,-0.07899120429010001,-0.019007164837,True
12192,609,12,0.256799750012,True,0.0589236187814,True,-0.048861920542599996,-0.078436601365,-0.019512982583700003,True
12193,609,13,0.547979928612,False,0.0574216045266,True,-0.0483234957058,-0.0785394221559,-0.021117817629299998,True
12194,609,14,0.9454019287459999,False,0.0600543993274,True,-0.0491855300959,-0.08086143968210001,-0.0208070403547,True
12195,609,15,0.0713123587607,True,0.0567344658591,True,-0.0505473118275,-0.07865821986930001,-0.0219237540102,True
12196,609,16,0.15992765891799998,True,0.0563459312352,True,-0.049625893649000004,-0.0789367370667,-0.0225908058315,True
12197,609,17,0.257099390316,True,0.0574153558326,True,-0.0502408022825,-0.0796964932938,-0.0222811374612,True
12198,609,18,0.142576147388,True,0.0560766587583,True,-0.050467161867199996,-0.076680665713,-0.0206040069547,True
12199,609,19,0.0009083586270329999,True,0.055653160279900006,True,-0.0530274747578,-0.0798497563773,-0.024196596097400002,True
12200,610,0,3.31375718473,False,0.139920668402,False,-0.08062651862310001,-0.157171067554,-0.017250399152500002,True
12201,610,1,1.24838892814,False,0.106875229222,False,-0.0739485788263,-0.126240424588,-0.019365195365900003,True
12202,610,2,1.2899285660700002,False,0.0886561345182,False,-0.06413549819799999,-0.109757565099,-0.0211014305805,True
12203,610,3,0.14667178572200001,True,0.07895851229619999,True,-0.0692419527714,-0.107357161567,-0.028398649270999998,True
12204,610,4,6.1652119141099996e-09,True,0.07485076020310001,True,-0.0799383644186,-0.115361740942,-0.0405109807389,True
12205,610,5,0.05564235407930001,True,0.0709413684173,True,-0.0680386177728,-0.105180168652,-0.0342388002343,True
12206,610,6,0.043752834369,True,0.06663719694230001,True,-0.0608067909155,-0.09444013513419999,-0.027802938191900002,True
12207,610,7,0.11867563640499999,True,0.0664092150758,True,-0.0645548953515,-0.09903206463130002,-0.0326228495555,True
12208,610,8,0.152151797881,True,0.0643805872764,True,-0.0639238651276,-0.09484859304839999,-0.030468005772,True
12209,610,9,0.0005996334636240001,True,0.0633165351127,True,-0.06473584402430001,-0.0953802553744,-0.0320637202617,True
12210,610,10,2.7223531385500003e-08,True,0.0610904593363,True,-0.070692454963,-0.10173578060900001,-0.040645321273199995,True
12211,610,11,5.839172052530001e-17,True,0.06027349214819999,True,-0.07512018839439999,-0.104120881963,-0.0438473898147,True
12212,610,12,1.34225438003e-16,True,0.0593200031927,True,-0.07910043240680001,-0.108541212146,-0.0492212089534,True
12213,610,13,1.8020316072099998e-14,True,0.058751541058400004,True,-0.0752058460237,-0.103744030712,-0.0449924896533,True
12214,610,14,1.41653686371e-14,True,0.0565088490322,True,-0.07641569744889999,-0.105757235659,-0.0492483866266,True
12215,610,15,2.6650784753699997e-21,True,0.0580824676094,True,-0.0788363627143,-0.10671252223300001,-0.0486300546239,True
12216,610,16,2.73035620924e-16,True,0.0571213696499,True,-0.0764190775544,-0.10588582397600001,-0.048764454325800004,True
12217,610,17,5.944710806850001e-19,True,0.056481533410800006,True,-0.07562762429839999,-0.105814009426,-0.049332476015300004,True
12218,610,18,1.30043400841e-12,True,0.057686719852300006,True,-0.0804633737856,-0.109781692307,-0.0520949724544,True
12219,610,19,2.00456724825e-15,True,0.056309250647800006,True,-0.0769333672461,-0.10421140614499999,-0.0479021554976,True
12220,611,0,15.4119140681,False,0.142666020424,False,-0.047199810096300004,-0.115656991607,0.0270090288166,False
12221,611,1,35.9846850311,False,0.10155758599999999,False,-0.0185625256711,-0.0708338207406,0.0307237652594,False
12222,611,2,36.836770209899996,False,0.090155307021,False,-0.0202963705696,-0.0647524275128,0.0254028795082,False
12223,611,3,23.061990866,False,0.07946495383010001,True,-0.0280748870898,-0.0677919706579,0.0116729831721,False
12224,611,4,21.584568628000003,False,0.0741380622531,True,-0.0293634917435,-0.0662823518715,0.00785571038155,False
12225,611,5,19.672043259200002,False,0.0695164501267,True,-0.030265193166,-0.0654111798357,0.00410527029099,False
12226,611,6,4.353125976399999,False,0.0650514847013,True,-0.0408535719875,-0.07325461694360001,-0.00820313224232,True
12227,611,7,3.1606958541400005,False,0.0683113777254,True,-0.0438569414028,-0.0771196414179,-0.0088082636925,True
12228,611,8,1.0897768212999999,False,0.0624377337213,True,-0.048088963755800004,-0.0801333438592,-0.017695610138,True
12229,611,9,0.549310674399,False,0.06084580815499999,True,-0.0497445740115,-0.07941352440810001,-0.018567716253099997,True
12230,611,10,0.369914954084,False,0.062070708711599996,True,-0.0508948839599,-0.08202995734639999,-0.0199592486348,True
12231,611,11,0.207552905317,True,0.0608946507314,True,-0.0566568827851,-0.08630461386560001,-0.0254099631342,True
12232,611,12,0.000556410070636,True,0.05861884921609999,True,-0.057882453288699995,-0.086632197293,-0.0280133480769,True
12233,611,13,3.6371558428899996e-07,True,0.05923257055719999,True,-0.0606274582008,-0.09078406648880001,-0.0315514959317,True
12234,611,14,0.00024095195133700003,True,0.0590238485097,True,-0.06473271388349999,-0.0939735740322,-0.0349497255225,True
12235,611,15,3.72082521273e-07,True,0.057234931810300003,True,-0.0637012247954,-0.09301873237439999,-0.0357838005641,True
12236,611,16,0.000258600696248,True,0.0585864562646,True,-0.0660911329703,-0.0967816044863,-0.0381951482217,True
12237,611,17,3.86010911765e-06,True,0.056641716451399995,True,-0.064497538886,-0.09176618257510001,-0.035124466123699995,True
12238,611,18,0.0318861220955,True,0.0570107807986,True,-0.0574835925853,-0.08651101049280001,-0.0295002296941,True
12239,611,19,9.04327895492e-05,True,0.0549760784515,True,-0.05624371729330001,-0.08357840676850001,-0.028602328317100002,True
12240,612,0,9.83563447677,False,0.146103690169,False,-0.057780479641699994,-0.124880622758,0.021223067411000003,False
12241,612,1,5.29847798564,False,0.10363614538799999,False,-0.056081763478100004,-0.10448812246200001,-0.000851977074155,True
12242,612,2,3.10161390162,False,0.0875748253314,False,-0.05741293485809999,-0.101269692541,-0.0136948672092,True
12243,612,3,5.49338012543,False,0.0805661558208,False,-0.045767614381300004,-0.0876127225461,-0.0070465667252999995,True
12244,612,4,1.8975402735900002,False,0.07465352785849999,True,-0.0507066166299,-0.08950325085989999,-0.0148497230014,True
12245,612,5,17.602934544700002,False,0.06943225553770001,True,-0.0289479421177,-0.06287726077719999,0.00655499476047,False
12246,612,6,4.37664373254,False,0.0675383878074,True,-0.04326373814619999,-0.077062850653,-0.009524462845549999,True
12247,612,7,4.13459630888,False,0.0653938127107,True,-0.0423581510188,-0.07504320735339999,-0.00964939464269,True
12248,612,8,0.294367332035,True,0.062320935065099996,True,-0.0566688414516,-0.0878172874078,-0.0254963523427,True
12249,612,9,0.162779507854,True,0.062126376406500004,True,-0.05979198728230001,-0.09058220191260001,-0.0284558255061,True
12250,612,10,0.000639635953647,True,0.062560644254,True,-0.06703037792910001,-0.0967439959543,-0.0341833517003,True
12251,612,11,0.000458386697023,True,0.0619239357917,True,-0.0692662532837,-0.10015073073799999,-0.0382267949461,True
12252,612,12,4.2677347289899995e-10,True,0.057797366308900006,True,-0.0641414207439,-0.0922465274079,-0.034449161099,True
12253,612,13,4.8158821942000006e-05,True,0.0572097481936,True,-0.0663816974058,-0.0958980884496,-0.038688340256,True
12254,612,14,0.0037312256707600004,True,0.0599864676726,True,-0.0629683312825,-0.09048052837619999,-0.030494060703599998,True
12255,612,15,1.49804672474e-05,True,0.0568185368676,True,-0.0736562739348,-0.10281443625600001,-0.045995899388800006,True
12256,612,16,3.5159219543199996e-14,True,0.058440980373900005,True,-0.0669039914081,-0.0959782735323,-0.037537293158300004,True
12257,612,17,4.19955613856e-06,True,0.0561499225279,True,-0.0681863634898,-0.09557142747580001,-0.039421504948,True
12258,612,18,1.0166313850799999e-21,True,0.0554237766905,True,-0.0745658116559,-0.102003845472,-0.046580068781399996,True
12259,612,19,2.5752145418799997e-18,True,0.056760010321000004,True,-0.0705657654467,-0.100171292211,-0.0434112818899,True
12260,613,0,20.4355346718,False,0.142555304921,False,-0.038142214550800004,-0.10621707881300001,0.036338226108400005,False
12261,613,1,32.8915034522,False,0.103674165018,False,-0.023671906221,-0.0744286265057,0.0292455385125,False
12262,613,2,23.581044792199997,False,0.08747479124710002,False,-0.0294220761878,-0.0725570184156,0.0149177728315,False
12263,613,3,19.4213786595,False,0.08247875643199999,False,-0.0311738997685,-0.0695184389331,0.012960317498899998,False
12264,613,4,29.019561414800002,False,0.0734479317207,True,-0.0240446299009,-0.0602614972949,0.0131864344258,False
12265,613,5,19.1270588678,False,0.070823341492,True,-0.027977233224,-0.0607951272447,0.010028214247399999,False
12266,613,6,2.3263708616900005,False,0.0669914788971,True,-0.0474198086299,-0.0801761693867,-0.0131846904896,True
12267,613,7,0.0367047261976,True,0.0652070954732,True,-0.0582943492294,-0.0898584333716,-0.024651337898300003,True
12268,613,8,0.341352644776,False,0.06286400248480001,True,-0.05352711049880001,-0.0853730015054,-0.0225089990206,True
12269,613,9,0.556086868159,False,0.0618581063291,True,-0.049915424461199995,-0.0808967184737,-0.0190386121446,True
12270,613,10,2.29420295193,False,0.060576115988,True,-0.0400610569225,-0.0696731084738,-0.00909699248589,True
12271,613,11,12.821813607000001,False,0.0612528318867,True,-0.0306914886322,-0.060778816202,0.000474015684617,False
12272,613,12,31.410711331799998,False,0.0600802951815,True,-0.0211853188959,-0.0517816945517,0.008298600629790001,False
12273,613,13,22.9582026983,False,0.056575322152100004,True,-0.0255796405443,-0.05382015584890001,0.0027551663031799996,False
12274,613,14,16.5742415211,False,0.05893254683140001,True,-0.026889762022599996,-0.056186283607,0.00274626322441,False
12275,613,15,12.0405481413,False,0.0557435189131,True,-0.0288094164175,-0.057202938751499996,-0.0014594198383399998,True
12276,613,16,6.87083407951,False,0.0569233299828,True,-0.0333175889571,-0.0623749126901,-0.00545158270729,True
12277,613,17,1.39210287623,False,0.055245487319199996,True,-0.0434910776716,-0.0712936743067,-0.0160481869876,True
12278,613,18,1.16808997339,False,0.0560842300045,True,-0.0411064181411,-0.0683125824118,-0.012228352407299999,True
12279,613,19,2.0062434345200004,False,0.055243974576699995,True,-0.0410094228489,-0.06843450709940001,-0.013190532522700001,True
12280,614,0,13.9879948364,False,0.13752925143,False,-0.0481163164068,-0.11705681499600001,0.0204724364336,False
12281,614,1,39.5570109312,False,0.10189365892100001,False,-0.013969693852899999,-0.0667077495652,0.035185909356199994,False
12282,614,2,49.80568917430001,False,0.08546901358680001,False,-0.012061225476599999,-0.056071982712099996,0.0293970308747,False
12283,614,3,60.2123168643,False,0.0780825620062,True,-0.0038074425435100003,-0.0446319901668,0.033450571839400006,False
12284,614,4,53.9126617663,False,0.0733542061463,True,0.0124296167563,-0.0239402304863,0.0494139756601,False
12285,614,5,68.4045883173,False,0.0705220779826,True,0.0028296279994200002,-0.0337297755864,0.036792302396199995,False
12286,614,6,67.9050692397,False,0.0682918030901,True,-0.004940235538729999,-0.0389971360566,0.0292946670335,False
12287,614,7,69.4070182288,False,0.0655187829373,True,-0.0067433979162899995,-0.0386005553745,0.026918227562799997,False
12288,614,8,76.0656827741,False,0.0625979665812,True,-0.000744636545927,-0.0323712036004,0.0302267629808,False
12289,614,9,58.3084888465,False,0.0621661723528,True,-0.0116490721159,-0.041759674508800006,0.020406497844099997,False
12290,614,10,30.438514201799997,False,0.0593796995794,True,-0.0219031584852,-0.05177703436000001,0.00760266521938,False
12291,614,11,6.90370491869,False,0.0593727872824,True,-0.0347242445887,-0.0632504491725,-0.0038776618900800003,True
12292,614,12,4.92968381259,False,0.06004048748930001,True,-0.0373577602705,-0.0659037528051,-0.0058632653158399994,True
12293,614,13,7.7411882089,False,0.0572995225247,True,-0.0329797103248,-0.0619282989598,-0.004628776435069999,True
12294,614,14,6.5382712205999995,False,0.0592227292232,True,-0.034700054089599995,-0.0635665647659,-0.0043438355426499995,True
12295,614,15,5.3330688017300005,False,0.057494476195400004,True,-0.03515328216559999,-0.0636000650237,-0.00610558882827,True
12296,614,16,4.24034285138,False,0.0572808982259,True,-0.036784808496800006,-0.0645862916753,-0.00730539344941,True
12297,614,17,2.12853564832,False,0.0574624843564,True,-0.040473353971099996,-0.066299202764,-0.00883671840752,True
12298,614,18,1.18199285968,False,0.0588781329942,True,-0.0428740077212,-0.0718400917968,-0.0129619588026,True
12299,614,19,0.023199567217000002,True,0.0573616035793,True,-0.0558679627605,-0.0835140874944,-0.0261524839151,True
12300,615,0,28.1542828399,False,0.138614841774,False,-0.0244698948949,-0.091351890262,0.047262951512,False
12301,615,1,40.9093377176,False,0.104661680721,False,-0.0134888262175,-0.0655544859189,0.0391071948026,False
12302,615,2,42.9537837776,False,0.08945218849919999,False,-0.016286118989200002,-0.0623352045978,0.027116983901400004,False
12303,615,3,22.1055049152,False,0.0818873378552,False,-0.029249078071300002,-0.0700512409354,0.011836096919799999,False
12304,615,4,37.775404334899996,False,0.0736553774131,True,-0.020042608084099998,-0.058526605571800006,0.0151287718413,False
12305,615,5,47.285550901499995,False,0.06897009505139999,True,-0.015215758440700002,-0.0521657521932,0.0168043428582,False
12306,615,6,60.712704796000004,False,0.0670056451095,True,-0.011344465814700002,-0.0449530801353,0.0220525649742,False
12307,615,7,12.152084033800001,False,0.0649344202095,True,-0.0319797386575,-0.0639849874724,0.00094943273711,False
12308,615,8,26.7212438761,False,0.0640544561424,True,-0.024613914912200004,-0.055902394166299996,0.008152061976109999,False
12309,615,9,24.921598285,False,0.0603618667135,True,-0.0247960122768,-0.0553129227321,0.005048943981390001,False
12310,615,10,14.214514510699999,False,0.0615406506245,True,-0.030348540038,-0.0600479183856,0.00149273223886,False
12311,615,11,2.92832111958,False,0.059455606635600004,True,-0.0420182289465,-0.0706281889288,-0.0111725822933,True
12312,615,12,0.6883504165469999,False,0.060015083721400006,True,-0.045274920513899995,-0.07380518269389999,-0.0137900989726,True
12313,615,13,0.404470201106,False,0.059216290864900004,True,-0.0486209464944,-0.07788139909,-0.018665108225099997,True
12314,615,14,0.071913132148,True,0.0579261455345,True,-0.0586447827146,-0.0865846748766,-0.028658529342099996,True
12315,615,15,0.49066950793,False,0.05753201916780001,True,-0.051329025962699996,-0.07891021042169999,-0.021378191253900003,True
12316,615,16,0.00875583238309,True,0.0565248926817,True,-0.057994927071099996,-0.08647871018549999,-0.029953817503800002,True
12317,615,17,0.000371901071047,True,0.0569853629472,True,-0.06838230835390001,-0.0976800102299,-0.040694647282699996,True
12318,615,18,9.61802479155e-12,True,0.0568515235381,True,-0.0667902083132,-0.09689204866630001,-0.0400405251283,True
12319,615,19,2.5912698630399997e-09,True,0.0534542450234,True,-0.0633597610449,-0.09031856456969999,-0.0368643195464,True
12320,616,0,26.8690389422,False,0.14124784648,False,0.024148191994,-0.04873804785130001,0.09250979862889999,False
12321,616,1,43.6797389643,False,0.10518938418500001,False,-0.0038372084323100002,-0.0551407517077,0.05004863247690001,False
12322,616,2,43.8492764405,False,0.08794450210560001,False,-0.0137253935393,-0.0559245322004,0.0320199699052,False
12323,616,3,13.8048622308,False,0.0809065935333,False,-0.0351863213159,-0.0754470532811,0.00545954025212,False
12324,616,4,6.08286276574,False,0.0741412747838,True,-0.042862567495,-0.0784479571007,-0.00430668231696,True
12325,616,5,4.22774179221,False,0.07026683313889999,True,-0.0417669112348,-0.077315013216,-0.007048180077109999,True
12326,616,6,2.88879311385,False,0.0661174231014,True,-0.0454260580709,-0.07986589785710001,-0.013748474755700001,True
12327,616,7,0.9856448110079999,False,0.06433935039319999,True,-0.0499449149297,-0.0835811701088,-0.019241819715599996,True
12328,616,8,0.144544806027,True,0.060970222909800004,True,-0.0568302129001,-0.0859319594945,-0.024961736584600002,True
12329,616,9,0.158693093982,True,0.061441326350499995,True,-0.0589659269412,-0.0913362366422,-0.0298949102918,True
12330,616,10,2.55257072158e-05,True,0.058219447892300005,True,-0.0627158741881,-0.09051211397,-0.0322926660778,True
12331,616,11,1.24748041998e-06,True,0.059471407255,True,-0.0650263199344,-0.09458587038499999,-0.0351144631299,True
12332,616,12,0.00047174731483599994,True,0.059508750549,True,-0.0720333195025,-0.10195339298,-0.042444642430800004,True
12333,616,13,3.73727628581e-06,True,0.0594589927828,True,-0.0775661737998,-0.10754604583699999,-0.0480870530544,True
12334,616,14,4.31764296991e-20,True,0.0595295366634,True,-0.07316985443099999,-0.10246408937000001,-0.0429345527071,True
12335,616,15,2.5947978933100002e-11,True,0.0545089643339,True,-0.06966783895010001,-0.0968687972239,-0.04235983289,True
12336,616,16,0.053183461558300005,True,0.05889488845819999,True,-0.0556137303139,-0.08478572884999999,-0.025890840391799997,True
12337,616,17,0.1785013912,True,0.057498149425800005,True,-0.055731289510399996,-0.0829202497468,-0.0254221003211,True
12338,616,18,0.37962014121200005,False,0.05564910128909999,True,-0.052294281905,-0.0799476656866,-0.0242985643975,True
12339,616,19,0.00738757885751,True,0.054387300613799996,True,-0.0553090059086,-0.0817238418859,-0.0273365412721,True
12340,617,0,6.40427084541,False,0.141740241801,False,-0.0666184540469,-0.138250782036,0.0034894597647,False
12341,617,1,7.02590019731,False,0.1039847545,False,-0.052236104076399996,-0.10408480560200001,-0.000100051101407,True
12342,617,2,0.858864236266,False,0.08964128725960001,False,-0.06721925497390001,-0.109598475827,-0.019957188567400003,True
12343,617,3,1.36329209754,False,0.08158472930119999,False,-0.0570842827668,-0.098583072061,-0.0169983427598,True
12344,617,4,1.28186355832,False,0.0741193425979,True,-0.0559033295506,-0.0927336590921,-0.018614316494200003,True
12345,617,5,0.988397906183,False,0.06965160348560001,True,-0.054353263876300004,-0.0886614400284,-0.019009836542799998,True
12346,617,6,2.25549534156,False,0.0666900635336,True,-0.045174837439,-0.07682040480739999,-0.0101303412738,True
12347,617,7,1.8052829923099998,False,0.0654767298638,True,-0.0440465166092,-0.0756096059616,-0.0101328760978,True
12348,617,8,1.8177975965200002,False,0.0639324283416,True,-0.0464666693711,-0.0774468686345,-0.0135144402929,True
12349,617,9,2.1924318898400004,False,0.0621355491518,True,-0.044231003000800004,-0.076352382382,-0.0142168332302,True
12350,617,10,1.3118106198000001,False,0.0615633948226,True,-0.044837467018999995,-0.0745139387535,-0.0129505439309,True
12351,617,11,4.10957186815,False,0.061920308703,True,-0.0395930184838,-0.0697295247,-0.00780921599697,True
12352,617,12,0.7170545359,False,0.0585717472276,True,-0.047425068508900006,-0.0769455143233,-0.018373767095700003,True
12353,617,13,0.265661452062,True,0.059402016300499995,True,-0.05030477356319999,-0.0800452253147,-0.020643209014099998,True
12354,617,14,0.0095950918214,True,0.058678769670699994,True,-0.0528061617029,-0.0836700803979,-0.0249913107272,True
12355,617,15,0.00564314340799,True,0.0594966099364,True,-0.053833951552800005,-0.0853849054052,-0.025888295468799997,True
12356,617,16,0.412763986009,False,0.0568615645215,True,-0.052834880682499995,-0.0810686946539,-0.0242071301324,True
12357,617,17,0.106398190162,True,0.0554165088772,True,-0.04832448853630001,-0.0770446841534,-0.021628175276200003,True
12358,617,18,0.235049600262,True,0.0566679081716,True,-0.0533057333675,-0.0819528376235,-0.025284929451799998,True
12359,617,19,0.224054040008,True,0.0567689978541,True,-0.0586051476615,-0.08716333548,-0.0303943376259,True
12360,618,0,30.1601768795,False,0.13705529877,False,-0.0196958428169,-0.08918192459280001,0.0478733741771,False
12361,618,1,13.3969236823,False,0.105782837666,False,-0.041975147112999996,-0.093567942101,0.012214895565400001,False
12362,618,2,16.8256572953,False,0.0869508007527,False,-0.034894029075800005,-0.0789555237727,0.00799527697994,False
12363,618,3,0.189825049397,True,0.0820584189982,False,-0.0694820656567,-0.1086131225,-0.0265547035023,True
12364,618,4,0.111284718785,True,0.072182755054,True,-0.078185301786,-0.1133572214,-0.041174466346400006,True
12365,618,5,0.012848970831599998,True,0.070554023577,True,-0.07075347215969999,-0.105293521406,-0.034739497829199995,True
12366,618,6,0.000750612555023,True,0.0666706955497,True,-0.0658445237358,-0.100377404994,-0.0337067094441,True
12367,618,7,1.47897971937e-06,True,0.0639364778548,True,-0.07204822880030001,-0.10395749178500001,-0.040021013930599994,True
12368,618,8,1.39125454506e-12,True,0.061123574068599994,True,-0.07958276014650001,-0.110828695872,-0.049705121803,True
12369,618,9,0.0020221651424,True,0.062093914536100005,True,-0.0738194051376,-0.10421966086500001,-0.042125746329,True
12370,618,10,0.000824041863106,True,0.0614536040247,True,-0.06675334520569999,-0.0962760632436,-0.034822459218800006,True
12371,618,11,0.004042424004599999,True,0.059892115118300004,True,-0.0624562653035,-0.09263135518369998,-0.0327392400654,True
12372,618,12,0.015735750549099998,True,0.057590469210599994,True,-0.059764311704000005,-0.0875706703291,-0.0299802011185,True
12373,618,13,1.65396166434e-05,True,0.059223321890699995,True,-0.0632295267772,-0.0942530341908,-0.0350297123001,True
12374,618,14,1.79908819836e-08,True,0.05857040371669999,True,-0.0637529407322,-0.0910746989646,-0.0325042952479,True
12375,618,15,0.00017222482377799998,True,0.05897961292809999,True,-0.058051305086599995,-0.08859212288219999,-0.0296125099541,True
12376,618,16,0.0316956070141,True,0.0574683551508,True,-0.0628302364323,-0.0898275075784,-0.0323591524276,True
12377,618,17,6.43373172362e-07,True,0.0577506305279,True,-0.0630203523037,-0.0927187903058,-0.034968159777800004,True
12378,618,18,0.118847387293,True,0.056765870230199994,True,-0.06066637245130001,-0.0911424864449,-0.0343766162146,True
12379,618,19,1.13238942218e-05,True,0.0544862560874,True,-0.055847578519000005,-0.0829507823706,-0.028464526283200002,True
12380,619,0,3.1463984876,False,0.140388246499,False,-0.0805454426248,-0.151345117982,-0.0109568714836,True
12381,619,1,0.49133805717699996,False,0.103377668498,False,-0.0769110406192,-0.129390189688,-0.026012521190200002,True
12382,619,2,11.194138425799999,False,0.09015726027999998,False,-0.041031282514999996,-0.0860814020463,0.0040758582336899996,False
12383,619,3,13.0180422654,False,0.07809196364639999,True,-0.0355623243415,-0.0741860772517,0.00390588639468,False
12384,619,4,6.14535785169,False,0.0734159935385,True,-0.0409126484502,-0.0797402399255,-0.00632424638698,True
12385,619,5,9.60780242265,False,0.0709475229389,True,-0.0363199137479,-0.0709139366812,3.35862576883e-05,False
12386,619,6,3.46133600764,False,0.0663119191819,True,-0.0426786033159,-0.0777430247852,-0.011431105603399999,True
12387,619,7,7.7852009222800005,False,0.0639757683277,True,-0.0365058344515,-0.0676327956769,-0.0036570273491500003,True
12388,619,8,1.97239029664,False,0.06220759407840001,True,-0.043484099784500005,-0.0740611616823,-0.0118535676039,True
12389,619,9,0.0994753681235,True,0.0606631024208,True,-0.0529201671899,-0.08520664258239999,-0.0245435401615,True
12390,619,10,0.080542831195,True,0.0627298342461,True,-0.0574567908969,-0.0879160765116,-0.025186242265499998,True
12391,619,11,0.042276318756,True,0.060405187470399996,True,-0.0564946348807,-0.0858453985467,-0.0254402110763,True
12392,619,12,0.0032011012604699998,True,0.058460654923999995,True,-0.058705871079699996,-0.08806439605960001,-0.0296037411356,True
12393,619,13,0.0015921467525500002,True,0.0597065407323,True,-0.06318149713809999,-0.0921766792639,-0.0324701385316,True
12394,619,14,0.232840525783,True,0.059709808705699995,True,-0.0548303242973,-0.0848577643146,-0.025147955608799996,True
12395,619,15,0.113716834869,True,0.0569163280673,True,-0.0544545985815,-0.08273657165960001,-0.0258202435923,True
12396,619,16,0.00749289467221,True,0.0592985686767,True,-0.0575996185592,-0.08841722712929999,-0.029118658452599998,True
12397,619,17,0.242889064211,True,0.058280922085600005,True,-0.0573311194006,-0.08740128266489999,-0.029120360579200002,True
12398,619,18,0.04120491333719999,True,0.0577529365207,True,-0.0611834238951,-0.0903196088398,-0.032566672319200005,True
12399,619,19,1.83054306976e-10,True,0.0546067298638,True,-0.063001059704,-0.0894339570139,-0.0348272271501,True
12400,620,0,0.32375064399,True,0.139231386339,False,-0.10465516173900001,-0.175449588412,-0.0362182020725,True
12401,620,1,0.796833755514,False,0.106473244177,False,-0.0784706053615,-0.129469468825,-0.022996224648000003,True
12402,620,2,4.57795970446,False,0.08917301835310001,False,-0.0503610232989,-0.097977040862,-0.00880402250895,True
12403,620,3,0.599070506482,False,0.0768986672211,True,-0.058615302052999994,-0.0958181069397,-0.0189194397187,True
12404,620,4,1.6471371917,False,0.0760014623592,True,-0.0528438010805,-0.0901025558188,-0.0141010934596,True
12405,620,5,0.5216121470639999,False,0.06919242394889999,True,-0.0549414338093,-0.0906334736837,-0.021441049734700002,True
12406,620,6,0.565900109678,False,0.0660322100253,True,-0.052887921909400004,-0.08718153107439998,-0.021149321049,True
12407,620,7,1.08722751328,False,0.06545234151030001,True,-0.0474219405211,-0.0801996934506,-0.0147473519404,True
12408,620,8,4.77060118895,False,0.0630381810313,True,-0.0380123029708,-0.0698765989911,-0.00683841795976,True
12409,620,9,2.16633940473,False,0.0608514381766,True,-0.0402764135793,-0.0698108479263,-0.008959409749629998,True
12410,620,10,3.3155887006499998,False,0.0616407458779,True,-0.0399017880791,-0.07083736998210001,-0.00919662410426,True
12411,620,11,6.8020202497,False,0.0593453125312,True,-0.034519811047400005,-0.06611990110140001,-0.0067745885702,True
12412,620,12,3.23834561459,False,0.0593111280284,True,-0.040017451862,-0.0702125913862,-0.010901463357799998,True
12413,620,13,1.83088397563,False,0.0571508187268,True,-0.039990164590300005,-0.0676203233984,-0.0104695046716,True
12414,620,14,2.20775597127,False,0.058052599777199995,True,-0.0398387308969,-0.0678447864889,-0.009792186711730001,True
12415,620,15,1.01873907129,False,0.055955752788500006,True,-0.0423774315733,-0.0698669346711,-0.0139111818826,True
12416,620,16,0.191442723266,True,0.055728004851000004,True,-0.0523062951645,-0.082156074801,-0.0264280699499,True
12417,620,17,0.0005809669567590001,True,0.055897118077099996,True,-0.0557001334136,-0.0834001056619,-0.027502987584700003,True
12418,620,18,4.53228628232e-05,True,0.0556863102448,True,-0.0588210355797,-0.0858359328146,-0.0301496225698,True
12419,620,19,0.000121218127855,True,0.0563795110123,True,-0.060669714164100004,-0.08783639007619999,-0.0314568790639,True
12420,621,0,28.864779314699998,False,0.141114318922,False,-0.0215418835511,-0.0916613165639,0.04945300235780001,False
12421,621,1,22.3124744579,False,0.0992617827973,False,-0.0321536938966,-0.0833659487501,0.0158958340472,False
12422,621,2,14.5613294353,False,0.08793874485469999,False,-0.0385250816864,-0.0823168033281,0.005621941526609999,False
12423,621,3,27.482553401599997,False,0.08086955775610001,False,-0.025767306864900003,-0.0645878433873,0.0162817143688,False
12424,621,4,17.0992517179,False,0.0747090785669,True,-0.0316836619203,-0.069658069671,0.0050510088959700005,False
12425,621,5,26.2075042244,False,0.0702719234675,True,-0.0248145619741,-0.058961305111800005,0.0113106183557,False
12426,621,6,19.1280455962,False,0.0686541220027,True,-0.029096318064700002,-0.064307219288,0.0043469027146499995,False
12427,621,7,4.4631481850800006,False,0.0639731538387,True,-0.039433505855199995,-0.07261101468669999,-0.00863786084799,True
12428,621,8,2.58608846884,False,0.0605163198227,True,-0.0413408584225,-0.071856072422,-0.0113397525993,True
12429,621,9,1.90220776217,False,0.0625637755055,True,-0.0459146894386,-0.0765905202515,-0.014026744746,True
12430,621,10,2.37432814257,False,0.0624683201435,True,-0.042823019924800004,-0.0721799126548,-0.00971159251134,True
12431,621,11,1.0251662303799998,False,0.05982754630749999,True,-0.045866701628300005,-0.0767183614536,-0.0168908151461,True
12432,621,12,2.05947712575,False,0.058985812954900005,True,-0.0410246725925,-0.0683918063432,-0.00940599338829,True
12433,621,13,3.9603744656599997,False,0.0582221240199,True,-0.0393676188061,-0.0673202838478,-0.00909815982789,True
12434,621,14,1.9329567245599997,False,0.0570022346987,True,-0.0405114148707,-0.0709854187675,-0.0139831840689,True
12435,621,15,1.78338611653,False,0.05573688619869999,True,-0.0398210703914,-0.0670772773212,-0.0113403911225,True
12436,621,16,3.14342896903,False,0.057891812116599994,True,-0.038768789993099996,-0.0682810342361,-0.0103892221194,True
12437,621,17,1.16817393252,False,0.0569317093901,True,-0.0421050267626,-0.07019489100330001,-0.013263181613200002,True
12438,621,18,0.796597340536,False,0.056738783141400004,True,-0.0444554442167,-0.07125105408980001,-0.0145122709484,True
12439,621,19,1.2563087903499999,False,0.0588153333719,True,-0.044850735559199995,-0.07607493025939999,-0.0172595968875,True
12440,622,0,30.8401853474,False,0.140421637986,False,-0.0188565113823,-0.091859966301,0.048561671685300005,False
12441,622,1,20.7029893545,False,0.105781155219,False,-0.034603348657300005,-0.08776813758410001,0.018013017635400003,False
12442,622,2,0.8252058764419999,False,0.08693243486839998,False,-0.0663515473879,-0.109305706637,-0.0223732717687,True
12443,622,3,0.0993684061001,True,0.07969844163819999,True,-0.068497129119,-0.107261760833,-0.0275633191943,True
12444,622,4,0.13933439236300002,True,0.0746292048449,True,-0.0662603056815,-0.10233018474300001,-0.0277009798979,True
12445,622,5,2.14011378907e-05,True,0.0688880213633,True,-0.0734750741184,-0.105911634486,-0.0370236131226,True
12446,622,6,0.039809442759599994,True,0.06708462683069999,True,-0.07142912361960001,-0.105947766603,-0.0388631397727,True
12447,622,7,0.00018892983701900002,True,0.06649014069569999,True,-0.0693042288413,-0.10313270312,-0.036642562424699994,True
12448,622,8,9.5904789663e-13,True,0.06390182763619999,True,-0.0736018922705,-0.108082795964,-0.04418096832809999,True
12449,622,9,0.00184115695752,True,0.0609108744774,True,-0.0710579218295,-0.101160958629,-0.040250084152,True
12450,622,10,0.155435439816,True,0.0603411322224,True,-0.06040552353400001,-0.0891782872322,-0.0288371550099,True
12451,622,11,0.0136319635265,True,0.058835546222000004,True,-0.0639486113697,-0.0917531321751,-0.0329175859532,True
12452,622,12,0.132334311764,True,0.059403396273300005,True,-0.0585901658832,-0.0891586117416,-0.0297552154684,True
12453,622,13,9.17014122272e-06,True,0.0590462804552,True,-0.06003596086350001,-0.09132309278339999,-0.0322768123282,True
12454,622,14,0.0899512791063,True,0.0597473484473,True,-0.057197940367199995,-0.0864925488349,-0.026745200387599997,True
12455,622,15,0.024445787314900002,True,0.059682361488,True,-0.055665468261599994,-0.08617842769589999,-0.0264960662078,True
12456,622,16,0.11252343937,True,0.0583563301442,True,-0.06002464898990001,-0.08895922834629999,-0.0306028982021,True
12457,622,17,0.109506116953,True,0.0571688148755,True,-0.0544210434904,-0.0824124327789,-0.025243617903299997,True
12458,622,18,0.25827883088500003,True,0.057271712365499994,True,-0.049692011934599996,-0.0771317169744,-0.019860004609,True
12459,622,19,0.147522964915,True,0.056189098064800005,True,-0.055593447821500004,-0.08176764092460001,-0.025578542859799998,True
12460,623,0,13.4969084146,False,0.14401806672599998,False,-0.0512176737206,-0.125898762809,0.0181193039171,False
12461,623,1,28.8564402779,False,0.104427732071,False,-0.025128704789100002,-0.0792498317604,0.0251779003108,False
12462,623,2,29.809232109899998,False,0.0894133179118,False,-0.025536636992700004,-0.07092463822930001,0.0184886796825,False
12463,623,3,35.2201118049,False,0.07972205700339999,True,-0.0230602633871,-0.061928016516199995,0.017794040487099996,False
12464,623,4,12.393050919,False,0.07372208327860001,True,-0.0355875862776,-0.0729066388258,0.000815444452835,False
12465,623,5,10.4576515038,False,0.0707705687488,True,-0.035852827912699996,-0.07214269278049999,-0.0013721240316,True
12466,623,6,2.44375775936,False,0.06759478709580001,True,-0.046017964125800004,-0.0790850440982,-0.011490257002399999,True
12467,623,7,0.9207029737260001,False,0.063854370947,True,-0.0492914116866,-0.08151275875460001,-0.0176583878075,True
12468,623,8,0.727493577635,False,0.0671103007406,True,-0.052304949723399996,-0.0840552921765,-0.0169449914359,True
12469,623,9,0.7352917016600001,False,0.0630651867646,True,-0.049545293376699995,-0.0818775816766,-0.018812394912,True
12470,623,10,1.27395593502,False,0.061398066946,True,-0.0431229672995,-0.07270210932730001,-0.011304042381299999,True
12471,623,11,0.24584705106,True,0.0617042235621,True,-0.0520413522934,-0.0842565566123,-0.022552333050199998,True
12472,623,12,0.143606604676,True,0.059839178243199995,True,-0.054163028802399996,-0.0858545460035,-0.026015367760400004,True
12473,623,13,0.000695433907857,True,0.058200479303800005,True,-0.0620034329411,-0.09056893571930001,-0.032368456415599996,True
12474,623,14,0.024685721681400003,True,0.0589497739784,True,-0.0578497528943,-0.087788300397,-0.028838526418699998,True
12475,623,15,8.52625948642e-06,True,0.05754733150019999,True,-0.0610730261556,-0.08914055690850001,-0.0315932254083,True
12476,623,16,4.1104013627699995e-08,True,0.0562056405478,True,-0.069991217057,-0.09815424847439999,-0.0419486079266,True
12477,623,17,7.76939628383e-06,True,0.056686229871699995,True,-0.0648451441026,-0.0928605797252,-0.0361743498535,True
12478,623,18,2.56507651251e-09,True,0.0573636241428,True,-0.0683017973366,-0.0963621497565,-0.0389985256137,True
12479,623,19,5.59899819749e-11,True,0.056833398256699995,True,-0.0718199694188,-0.0991333937931,-0.042299995536500004,True
12480,624,0,30.5127138707,False,0.14228097365599998,False,-0.0170760083354,-0.0880864088692,0.0541945647871,False
12481,624,1,42.242957044200004,False,0.104173892335,False,-0.0111784746184,-0.06303937325680001,0.041134519077800004,False
12482,624,2,37.655659778600004,False,0.08678913280810001,False,-0.020127227141099997,-0.06400113510649999,0.0227879977015,False
12483,624,3,41.316919567,False,0.0810855335618,False,-0.0181963985697,-0.0605510914223,0.020534442139599998,False
12484,624,4,58.4260048702,False,0.0761539183872,True,-0.00683036839091,-0.045091027483800006,0.031062890903500003,False
12485,624,5,53.011506966700004,False,0.07009219234280001,True,-0.014801103599799999,-0.052089503191900005,0.0180026891508,False
12486,624,6,47.5810376629,False,0.06616413852580001,True,-0.014753034431,-0.0471129756129,0.019051162912900002,False
12487,624,7,48.680621217399995,False,0.0641697988521,True,-0.0159400081585,-0.049564797648,0.0146050012041,False
12488,624,8,48.4856447346,False,0.0640517502632,True,-0.0156460994829,-0.0482922821945,0.0157594680687,False
12489,624,9,43.892620337299995,False,0.0602580321106,True,-0.017362277549,-0.04786313302569999,0.0123948990848,False
12490,624,10,35.4964065023,False,0.0625333933715,True,-0.0200232913224,-0.050230102166999996,0.012303291204600001,False
12491,624,11,18.6870122997,False,0.062032906518,True,-0.027432230951200003,-0.059826742847499996,0.00220616367053,False
12492,624,12,8.84953749093,False,0.05735976224619999,True,-0.0325008061767,-0.061890416289300004,-0.00453065404309,True
12493,624,13,13.0049280706,False,0.060928089743499995,True,-0.0303114295164,-0.0583903657266,0.00253772401694,False
12494,624,14,7.935965898360001,False,0.05787577810959999,True,-0.0323272182659,-0.060560962659900006,-0.00268518455035,True
12495,624,15,3.863815469,False,0.058703757365800004,True,-0.0377989150105,-0.068242515059,-0.009538757693209998,True
12496,624,16,5.552108689930001,False,0.0565101630115,True,-0.034530050717,-0.06199124167719999,-0.00548107866578,True
12497,624,17,4.18353419778,False,0.056086215691599994,True,-0.0363874852122,-0.063431784642,-0.007345568950399999,True
12498,624,18,3.5507732565900003,False,0.0547918792244,True,-0.0366985961736,-0.0645884328537,-0.009796553629299999,True
12499,624,19,2.3525096378,False,0.0568410870407,True,-0.038520332880300004,-0.0659515924651,-0.00911050542439,True
12500,625,0,2.09344916202,False,0.139230328339,False,-0.0892652091051,-0.158514179107,-0.0192838507678,True
12501,625,1,0.774447025696,False,0.103981271723,False,-0.08171301672299999,-0.134113207747,-0.030131936024,True
12502,625,2,1.7691195636800001,False,0.08918291642010001,False,-0.060473680635400005,-0.10474000852399999,-0.0155570921037,True
12503,625,3,11.3918167637,False,0.0800685944637,False,-0.0385299176227,-0.077622069458,0.0024465250057199997,False
12504,625,4,3.50181558089,False,0.0746184386834,True,-0.0466451226349,-0.08592064103330001,-0.0113022023499,True
12505,625,5,1.6943753925799998,False,0.0714012682906,True,-0.0503129775253,-0.08815339642589999,-0.0167521281353,True
12506,625,6,0.735311770333,False,0.0684443344826,True,-0.0540642753204,-0.0897533969386,-0.021309062456000002,True
12507,625,7,1.4496237924200002,False,0.0656115011196,True,-0.048439952227199996,-0.0803830871169,-0.0147715859973,True
12508,625,8,2.5179840870400003,False,0.0636322738733,True,-0.0430734939158,-0.07537881290989999,-0.011746539036600001,True
12509,625,9,2.38090484824,False,0.0633746989564,True,-0.044998236712999996,-0.0772286968714,-0.0138539979151,True
12510,625,10,1.38321259693,False,0.0615801977786,True,-0.04537107818009999,-0.07673582282319999,-0.0151556250446,True
12511,625,11,0.7978335549779999,False,0.059044010302300005,True,-0.050954762131900005,-0.0802444992796,-0.021200488977299998,True
12512,625,12,0.788318051884,False,0.0610546277296,True,-0.0529668314489,-0.08369412113300001,-0.0226394934034,True
12513,625,13,0.44810452028700004,False,0.059635533714300006,True,-0.051436353927100005,-0.08100198732319999,-0.0213664536089,True
12514,625,14,0.21476224828200002,True,0.057460487891100004,True,-0.0485793450717,-0.0766912473313,-0.0192307594402,True
12515,625,15,0.230640920863,True,0.0547935530975,True,-0.0544080505824,-0.0821791233305,-0.027385570233,True
12516,625,16,0.387055139275,False,0.05888863571269999,True,-0.0514395282773,-0.0809757935196,-0.022087157806799998,True
12517,625,17,0.133313734539,True,0.0554917429996,True,-0.05496150064119999,-0.08092884769849999,-0.025437104698900002,True
12518,625,18,0.101354218132,True,0.057605311947099995,True,-0.05743357671080001,-0.08458505782390001,-0.0269797458768,True
12519,625,19,0.00311675142107,True,0.0581374707328,True,-0.0626939766182,-0.0901734764191,-0.0320360056863,True
12520,626,0,5.154647080369999,False,0.13812126464500002,False,-0.0720085088395,-0.138988965129,-0.000867700483786,True
12521,626,1,1.78069353062,False,0.107968800456,False,-0.06953228937789999,-0.12034889809499999,-0.012380097639500001,True
12522,626,2,11.1959245934,False,0.0894211744024,False,-0.0429509513414,-0.0867804510649,0.0026407233374899997,False
12523,626,3,13.615856219600001,False,0.0790334134732,True,-0.0365650360354,-0.0764037361256,0.00262967734761,False
12524,626,4,4.91818955244,False,0.0727926689857,True,-0.0430005564977,-0.0794434231793,-0.006650754193600001,True
12525,626,5,0.0679079752669,True,0.0660364658288,True,-0.0589018333202,-0.0923612837953,-0.0263248179665,True
12526,626,6,0.194386741146,True,0.0661275433675,True,-0.0588354233349,-0.0934062432347,-0.0272786998672,True
12527,626,7,0.130583500603,True,0.06491282587069999,True,-0.0585610037274,-0.09210194169710001,-0.0271891158264,True
12528,626,8,1.8465296662400001,False,0.06542874971969999,True,-0.04502899117049999,-0.07716874371,-0.011739993990299999,True
12529,626,9,0.286856564567,True,0.060394480862099996,True,-0.0510985795511,-0.0822130345017,-0.0218185536396,True
12530,626,10,2.1226415748,False,0.0592404674551,True,-0.0428727479896,-0.0732636088518,-0.0140231413968,True
12531,626,11,1.28952385549,False,0.0592753977011,True,-0.047885573252800004,-0.07670492098869999,-0.017429523287599998,True
12532,626,12,0.6592650601860001,False,0.0583946680235,True,-0.047402862733800004,-0.077347985166,-0.0189533171425,True
12533,626,13,0.562746332994,False,0.059363572229199996,True,-0.048152098266400004,-0.078306475613,-0.0189429033838,True
12534,626,14,0.21798891178100002,True,0.0590983221258,True,-0.0504480862811,-0.0792907479138,-0.020192425788,True
12535,626,15,0.23062415221700003,True,0.057659376801500004,True,-0.0541843216955,-0.0838504120093,-0.026191035207700004,True
12536,626,16,0.0827326805047,True,0.057155569923099996,True,-0.058914053599399996,-0.08795752990240001,-0.0308019599793,True
12537,626,17,0.46379786285700003,False,0.05641004450519999,True,-0.0490534161144,-0.07843414803010001,-0.022024103524899998,True
12538,626,18,0.126916901135,True,0.0574258485382,True,-0.0545590655186,-0.08447154151820001,-0.0270456929801,True
12539,626,19,0.405560933846,False,0.057272611773800004,True,-0.051636403316599994,-0.07958669524410002,-0.0223140834703,True
12540,627,0,13.5839547704,False,0.13800338759400002,False,-0.05071995253819999,-0.119914245528,0.0180891420665,False
12541,627,1,21.3216155393,False,0.10612738706199999,False,-0.0331852021685,-0.08702388818420001,0.019103498878200002,False
12542,627,2,19.6809303549,False,0.0880809167231,False,-0.031757234648,-0.0763625950416,0.0117183216816,False
12543,627,3,11.53845572,False,0.07620872849980001,True,-0.035858012792,-0.07585304330689999,0.000355685192953,False
12544,627,4,7.73227646963,False,0.0751290199961,True,-0.0400786178116,-0.0789174513661,-0.0037884313699899997,True
12545,627,5,2.83343906914,False,0.07231814211319999,True,-0.046183816599699994,-0.0819713350513,-0.00965319293815,True
12546,627,6,0.14655427053099998,True,0.0679498783433,True,-0.0599143080127,-0.09465616221090001,-0.026706283867599996,True
12547,627,7,0.36799692043300003,False,0.0635339295232,True,-0.0547974358462,-0.08619167711819999,-0.0226577475949,True
12548,627,8,0.132324757925,True,0.06298776545059999,True,-0.061241482687,-0.0937740507695,-0.030786285318900004,True
12549,627,9,0.127402808544,True,0.0616422029263,True,-0.06628230698319999,-0.0956201866517,-0.0339779837253,True
12550,627,10,0.0588568444785,True,0.0608959147511,True,-0.0614102160276,-0.09171628942780001,-0.030820374676599996,True
12551,627,11,0.27088501104400003,True,0.0599239401086,True,-0.053831511566399995,-0.0839601576378,-0.0240362175291,True
12552,627,12,0.00052963096098,True,0.058253470123699996,True,-0.0633316617645,-0.0932017102393,-0.0349482401156,True
12553,627,13,2.60392415563e-05,True,0.059640101485,True,-0.0670880216477,-0.0991274808521,-0.0394873793671,True
12554,627,14,0.0877412870242,True,0.0585817535284,True,-0.06774322601430001,-0.09702349675349999,-0.0384417432251,True
12555,627,15,5.17390802991e-06,True,0.058991117018,True,-0.06816799340929999,-0.09591612136389999,-0.0369250043459,True
12556,627,16,1.7343194753699997e-15,True,0.0549439926911,True,-0.07502754057330001,-0.10144477597000001,-0.046500783278599994,True
12557,627,17,1.96157649306e-20,True,0.057516069721800005,True,-0.07438379949410001,-0.102817215933,-0.0453011462115,True
12558,627,18,1.12435713902e-14,True,0.056850043265599996,True,-0.0741502269752,-0.10300759962400001,-0.0461575563586,True
12559,627,19,2.5130209842e-19,True,0.058744969426,True,-0.0739561322051,-0.103860476668,-0.0451155072415,True
12560,628,0,31.354489615100004,False,0.14058665355900002,False,0.014814410017799998,-0.0568635906604,0.0837230628988,False
12561,628,1,45.0367469272,False,0.104688688829,False,0.00486879405475,-0.04566378781930001,0.05902490100959999,False
12562,628,2,43.0411169171,False,0.0871827630005,False,-0.016676574707,-0.0606209685218,0.026561794478700003,False
12563,628,3,32.9325718541,False,0.0810553240327,False,-0.0225286994488,-0.0645235960415,0.0165317279912,False
12564,628,4,36.317181995300004,False,0.07382070289300001,True,-0.0198931286023,-0.0558798107869,0.0179408921061,False
12565,628,5,14.3797308119,False,0.070541299342,True,-0.0326794383016,-0.0679811720932,0.00256012724873,False
12566,628,6,9.87242761617,False,0.0687831180705,True,-0.03616009480619999,-0.0703656058571,-0.00158248778659,True
12567,628,7,7.50232768332,False,0.0662360788702,True,-0.0364876995832,-0.07108431192919999,-0.0048482330589600005,True
12568,628,8,3.05212110431,False,0.0626954257935,True,-0.0417034295708,-0.0735269252787,-0.010831499485200001,True
12569,628,9,6.948564931799999,False,0.060878097863999996,True,-0.034502105601699994,-0.0636838569722,-0.0028057591081599997,True
12570,628,10,9.21357813649,False,0.0612750773307,True,-0.032608055200099996,-0.0631025653649,-0.00182748803415,True
12571,628,11,5.11045148506,False,0.060177593427499995,True,-0.0366483624255,-0.0679028416122,-0.00772524818464,True
12572,628,12,2.80787448293,False,0.059104920694300005,True,-0.0395247807949,-0.0696934270444,-0.0105885063501,True
12573,628,13,1.10043702485,False,0.0583067162759,True,-0.044213597390099994,-0.075169378251,-0.016862661975100002,True
12574,628,14,0.451688810839,False,0.05802891749149999,True,-0.0463872293084,-0.0754991070999,-0.0174701896084,True
12575,628,15,2.1558914959000003e-05,True,0.0567491861652,True,-0.059594636740699994,-0.0861888313957,-0.029439645230499998,True
12576,628,16,0.0016492427314400001,True,0.0559428864118,True,-0.057338116603,-0.0843212086035,-0.0283783221917,True
12577,628,17,0.0211095705987,True,0.0566628024957,True,-0.0585018262687,-0.0858067638036,-0.029143961308,True
12578,628,18,7.21163792535e-11,True,0.0574152222011,True,-0.0623267398665,-0.0893646499365,-0.0319494277354,True
12579,628,19,3.63068517596e-06,True,0.0571465038495,True,-0.0661286675444,-0.09325258386350001,-0.036106080014,True
12580,629,0,5.00356600667,False,0.141769504795,False,-0.0713645945542,-0.142503792927,-0.00073428813266,True
12581,629,1,5.3474125287300005,False,0.106212641131,False,-0.0562934855631,-0.109566865538,-0.0033542244073000004,True
12582,629,2,1.47853877368,False,0.0886864246277,False,-0.06054113287269999,-0.103746921262,-0.0150604966347,True
12583,629,3,10.5546554648,False,0.08147031947319999,False,-0.0377862691406,-0.07803210636369999,0.0034382131095399998,False
12584,629,4,10.9362732356,False,0.07509740211419999,True,-0.037268426247999996,-0.0714281490005,0.00366925311367,False
12585,629,5,2.0310907501199997,False,0.0704958667824,True,-0.05048295243150001,-0.0841810575072,-0.0136851907249,True
12586,629,6,2.3606761769999998,False,0.0670329578634,True,-0.04509147666209999,-0.079905680052,-0.012872722188600002,True
12587,629,7,5.42126365896,False,0.065230145423,True,-0.0403749540401,-0.0742748585026,-0.00904471307967,True
12588,629,8,1.29384353848,False,0.0639953159327,True,-0.0466878020046,-0.07845716916289999,-0.0144618532302,True
12589,629,9,1.37767795243,False,0.0590979755892,True,-0.0466328965163,-0.07602737966180001,-0.0169294040726,True
12590,629,10,3.6032901035400005,False,0.06179135975740001,True,-0.0396018316942,-0.07029634677550001,-0.008504987018069999,True
12591,629,11,5.750587027330001,False,0.060585447048699996,True,-0.0363936647666,-0.0680059769578,-0.007420529909069999,True
12592,629,12,13.3461558378,False,0.0586879964118,True,-0.028543799191000002,-0.0581135968789,0.0005743995328969999,False
12593,629,13,6.573172785090001,False,0.057750371309199994,True,-0.035258993321800006,-0.06402161910630001,-0.006271247797010001,True
12594,629,14,4.511881771650001,False,0.0582421711377,True,-0.037026395677900004,-0.0638234044472,-0.00558123330951,True
12595,629,15,1.27493550888,False,0.0583105097805,True,-0.0417090919421,-0.0693190475277,-0.0110085377473,True
12596,629,16,0.410724373526,False,0.0575220904682,True,-0.04828508797330001,-0.0784349883895,-0.0209128979213,True
12597,629,17,0.324313800007,True,0.0574182195419,True,-0.051056707997199996,-0.080979926832,-0.023561707290099997,True
12598,629,18,0.00703328972355,True,0.05432666093019999,True,-0.053113082397300004,-0.07757722373610001,-0.023250562805900002,True
12599,629,19,0.029530000289999997,True,0.05525940177540001,True,-0.054087540786600004,-0.08085840550699999,-0.025599003731599998,True
12600,630,0,26.090481752800002,False,0.145096142201,False,-0.026058036676,-0.101843983281,0.043252158919099996,False
12601,630,1,21.273402033,False,0.106630616822,False,-0.0339658933756,-0.0829267159025,0.0237039009193,False
12602,630,2,2.24506621345,False,0.08907681187519999,False,-0.059717685576400004,-0.103132269588,-0.0140554577125,True
12603,630,3,0.471630935581,False,0.0815749394158,False,-0.0653966296047,-0.10604693385700001,-0.0244719944416,True
12604,630,4,0.00605040790407,True,0.074113867539,True,-0.0735000118105,-0.10978751855,-0.0356736510109,True
12605,630,5,0.127187382424,True,0.0691988272097,True,-0.0673883841286,-0.10358375515799999,-0.034384927947900004,True
12606,630,6,0.312883466363,True,0.0679847035199,True,-0.06378286578480001,-0.09699060338400001,-0.029005899864099998,True
12607,630,7,0.425393010342,False,0.06400560397340001,True,-0.0540955466051,-0.08651795859099999,-0.022512354617599997,True
12608,630,8,0.110588819854,True,0.06214140194730001,True,-0.0585958987806,-0.0916387096194,-0.029497307672099998,True
12609,630,9,1.2023784368500001,False,0.0613290072069,True,-0.0475696190522,-0.0795109164166,-0.018181909209599997,True
12610,630,10,0.8876563595579999,False,0.0614370182759,True,-0.046754231971,-0.07769116571000001,-0.016254147434200002,True
12611,630,11,1.15007788669,False,0.058865800943499996,True,-0.0458120136692,-0.07756936020939999,-0.0187035592659,True
12612,630,12,0.432764256813,False,0.059026900541500005,True,-0.048770973688,-0.07736211854660001,-0.018335218005099997,True
12613,630,13,0.08469236139280001,True,0.057377893755800005,True,-0.0506317052654,-0.0791555076524,-0.0217776138966,True
12614,630,14,0.0824728705339,True,0.05715155518040001,True,-0.0557360856573,-0.0855877016625,-0.028436146482099998,True
12615,630,15,0.0400133801842,True,0.0589361348774,True,-0.054260038705400006,-0.0817156337887,-0.0227794989113,True
12616,630,16,0.000121218655279,True,0.0575398986129,True,-0.0540309484072,-0.0830304931923,-0.025490594579400002,True
12617,630,17,0.047756298443800006,True,0.0568152788373,True,-0.058123478219099994,-0.085783634331,-0.028968355493700002,True
12618,630,18,0.000956295819776,True,0.0555955235819,True,-0.058878156950900006,-0.0856986791707,-0.030103155588799998,True
12619,630,19,0.11534957055400001,True,0.0558935364578,True,-0.059626461514300004,-0.0878080585456,-0.0319145220878,True
12620,631,0,33.6985656981,False,0.13968053608699998,False,-0.008512575048579999,-0.0738420712675,0.0658384648192,False
12621,631,1,43.7858066825,False,0.10244000819,False,-0.00863551727469,-0.0601357068957,0.042304301294,False
12622,631,2,42.8042174708,False,0.0912344464035,False,-0.015116161283499999,-0.0618581540319,0.0293762923716,False
12623,631,3,57.634605890900005,False,0.0777930725235,True,0.0005848361157050001,-0.0370572172621,0.040735855261300004,False
12624,631,4,56.3534557754,False,0.07268535127299999,True,-0.00827445268488,-0.045836373320699994,0.0268489779523,False
12625,631,5,55.193161574399994,False,0.07146824219930001,True,-0.0126115472795,-0.048598592778,0.022869649421299997,False
12626,631,6,27.0815294113,False,0.0680525265336,True,-0.0248269525897,-0.058279661255000004,0.009772865278530002,False
12627,631,7,6.85471315973,False,0.0658736506349,True,-0.0382883367488,-0.0715052130151,-0.00563156238017,True
12628,631,8,2.1415811696000002,False,0.06279514405679999,True,-0.0447614997714,-0.0772461814964,-0.0144510374396,True
12629,631,9,0.40257915276999995,False,0.0607334621781,True,-0.049051253799300004,-0.0809031184558,-0.020169656277700003,True
12630,631,10,0.37819134788000003,False,0.0617132390957,True,-0.052032243306900004,-0.0833086295733,-0.0215953904776,True
12631,631,11,0.32085288128,True,0.058052006923400006,True,-0.047445145711199996,-0.0771025071125,-0.019050500189099998,True
12632,631,12,2.29682093084,False,0.0590690075913,True,-0.0423942539905,-0.07123832564669999,-0.012169318055499999,True
12633,631,13,1.61990085331,False,0.056671255592900004,True,-0.042160101544399996,-0.0685064199548,-0.0118351643618,True
12634,631,14,3.42163572606,False,0.05498071873819999,True,-0.0362563995172,-0.062374370658800006,-0.00739365192067,True
12635,631,15,1.4965963306299999,False,0.05767695948630001,True,-0.043938137850900005,-0.07229086378630001,-0.0146139043,True
12636,631,16,1.1182962868000001,False,0.057428468575900005,True,-0.0431798771247,-0.0724673400724,-0.0150388714965,True
12637,631,17,2.35284416434,False,0.0581232030736,True,-0.041784153425400004,-0.07205489319960001,-0.0139316901261,True
12638,631,18,1.9971136540599999,False,0.05577112887619999,True,-0.041598733370300005,-0.0702267787438,-0.014455649867700001,True
12639,631,19,2.61985670136,False,0.055762383459,True,-0.037590671438,-0.065986390001,-0.010224006542,True
12640,632,0,1.36252275231,False,0.13908291705,False,-0.0905063736221,-0.160946753902,-0.0218638368524,True
12641,632,1,4.53750502009,False,0.105818773648,False,-0.060336542626599994,-0.11327517895099999,-0.00745640530222,True
12642,632,2,6.76748664534,False,0.0905362499777,False,-0.0465751351127,-0.0922556985275,-0.00171944854978,True
12643,632,3,9.4435939913,False,0.0776196242854,True,-0.0397711102566,-0.0769269543419,0.0006926699435630001,False
12644,632,4,1.1446576274,False,0.07241342190660001,True,-0.0539596461226,-0.089941688994,-0.0175282670874,True
12645,632,5,0.960032900738,False,0.0712277895469,True,-0.05411512941549999,-0.0877978162129,-0.016570026666,True
12646,632,6,0.560279088319,False,0.0672401825636,True,-0.0565625746458,-0.0902983310374,-0.023058148473799996,True
12647,632,7,0.130573427693,True,0.0637062484341,True,-0.0568154892197,-0.0904668434728,-0.0267605950387,True
12648,632,8,0.46786607404700004,False,0.0625637830783,True,-0.051729391514599994,-0.0835292009935,-0.0209654179152,True
12649,632,9,1.04209697949,False,0.0630318210646,True,-0.0546407745906,-0.0876025515816,-0.024570730517,True
12650,632,10,0.43993637658699997,False,0.060846291456000005,True,-0.054104519982400005,-0.0844081040821,-0.023561812626099996,True
12651,632,11,0.00047349916086699995,True,0.0605283156084,True,-0.0593959282656,-0.08977158351780001,-0.029243267909400003,True
12652,632,12,0.00010835225461899999,True,0.0581817524061,True,-0.0641204075364,-0.09188169177539998,-0.0336999393693,True
12653,632,13,0.000118445844754,True,0.059734487939400005,True,-0.061520926702199996,-0.09475156285469999,-0.0350170749154,True
12654,632,14,1.28813283588e-08,True,0.0572608755016,True,-0.0629879623988,-0.0927934638929,-0.0355325883913,True
12655,632,15,4.57744565135e-10,True,0.0570362176649,True,-0.0633143620853,-0.09117941934189999,-0.0341432016771,True
12656,632,16,2.5262470223200002e-11,True,0.0578135131969,True,-0.06912385387110001,-0.09772687903459999,-0.0399133658377,True
12657,632,17,8.83147682197e-17,True,0.055836000362,True,-0.0715809790647,-0.09919245272230001,-0.0433564523603,True
12658,632,18,4.091008406730001e-12,True,0.057475707006400006,True,-0.0691524290363,-0.0966917495514,-0.0392160425451,True
12659,632,19,1.27294476348e-12,True,0.055612016589,True,-0.070440826311,-0.0986294260784,-0.043017409489400006,True
12660,633,0,27.280746596,False,0.140279002962,False,-0.0267749051574,-0.0984785376973,0.0418004652643,False
12661,633,1,0.330544528928,True,0.10184523902300001,False,-0.0818651736556,-0.131380684488,-0.0295354454647,True
12662,633,2,0.688652588447,False,0.0927802764487,False,-0.0687058087751,-0.115933590299,-0.0231533138506,True
12663,633,3,0.0506146131824,True,0.0816526291158,False,-0.0824067416193,-0.12242533952,-0.0407727104042,True
12664,633,4,0.052185541862199994,True,0.0714266430182,True,-0.076618827613,-0.11177822577400001,-0.0403515827554,True
12665,633,5,0.128323017596,True,0.0693702622385,True,-0.0682387875361,-0.10201456207599999,-0.0326442998377,True
12666,633,6,2.45988488943e-09,True,0.0668129001035,True,-0.07623080677039999,-0.110653257316,-0.0438403572124,True
12667,633,7,0.00012408295456299998,True,0.0661086042985,True,-0.0739354494989,-0.10691895525499999,-0.040810350956399996,True
12668,633,8,0.0024510101813200002,True,0.0632345589878,True,-0.06929353196839999,-0.100843897421,-0.0376093384335,True
12669,633,9,0.0113153043819,True,0.059692979976900006,True,-0.0628505763719,-0.09214863318949999,-0.032455653212599994,True
12670,633,10,0.050235557871,True,0.0614746295575,True,-0.0611463128037,-0.093686871894,-0.0322122423366,True
12671,633,11,8.255538798110001e-10,True,0.0587350599125,True,-0.0697470360206,-0.0991741241095,-0.0404390641971,True
12672,633,12,6.41433168862e-13,True,0.058051555362,True,-0.0718956022326,-0.10252100658600001,-0.0444694512241,True
12673,633,13,1.13347641728e-06,True,0.0581400043413,True,-0.06293765596369999,-0.09387380039149999,-0.035733796050199995,True
12674,633,14,1.56084879818e-06,True,0.05732678478730001,True,-0.0633084216656,-0.09139706663739999,-0.0340702818501,True
12675,633,15,5.27972553244e-09,True,0.057434391065800006,True,-0.0609739477938,-0.0894541425649,-0.032019751499099997,True
12676,633,16,0.110349201952,True,0.0545676043769,True,-0.0657222327616,-0.0934216774339,-0.038854073057,True
12677,633,17,6.91253691371e-12,True,0.056940404676800005,True,-0.0688084162062,-0.0972752016288,-0.040334796952,True
12678,633,18,6.25119269719e-11,True,0.056485936043499996,True,-0.07339783551989999,-0.102510082419,-0.0460241463758,True
12679,633,19,6.6199709140099995e-18,True,0.056812863933100005,True,-0.0762778321013,-0.10484291316500001,-0.04803004923240001,True
12680,634,0,24.307832346999998,False,0.143176199718,False,-0.0313562634432,-0.102014412951,0.041161786766699994,False
12681,634,1,15.5546269783,False,0.107362940356,False,-0.0387826888225,-0.09429794447239999,0.0130649958831,False
12682,634,2,2.8741344463300003,False,0.0883064125657,False,-0.05757304063680001,-0.10346952583999999,-0.015163113274299998,True
12683,634,3,7.535966869260001,False,0.0794461951275,True,-0.042375966735899995,-0.08025497674530001,-0.000808781617827,True
12684,634,4,1.63341549602,False,0.07183308252330001,True,-0.0509909676913,-0.08553082869989999,-0.0136977461766,True
12685,634,5,2.4771987443900003,False,0.0695565253453,True,-0.0473062743984,-0.08167471002980001,-0.0121181846845,True
12686,634,6,0.28336663114599997,True,0.0637805437476,True,-0.0558979739408,-0.08745988913389999,-0.0236793453863,True
12687,634,7,0.18838394547899998,True,0.06455715910950001,True,-0.0532880610028,-0.08648300307639999,-0.0219258439669,True
12688,634,8,6.37378006056e-05,True,0.06383483505660001,True,-0.0656835214261,-0.0966689216014,-0.0328340865448,True
12689,634,9,0.289459749687,True,0.0625172596819,True,-0.0605706437142,-0.0916538198449,-0.029136560162999998,True
12690,634,10,0.100466392373,True,0.0620444788275,True,-0.0627473787177,-0.09386178911149999,-0.031817310284,True
12691,634,11,0.0341282293746,True,0.058457093563,True,-0.054236645669,-0.0839979913328,-0.0255408977698,True
12692,634,12,0.0545548245704,True,0.058510445151699994,True,-0.049981633293399996,-0.07940594052130001,-0.0208954953696,True
12693,634,13,0.228350221706,True,0.05751173904569999,True,-0.050807780491500004,-0.0792429090046,-0.021731169958900003,True
12694,634,14,0.17517131874400002,True,0.0603322151155,True,-0.0530986304198,-0.0830145288438,-0.0226823137283,True
12695,634,15,0.0828484722632,True,0.0581121130239,True,-0.0564039126345,-0.08788718863089999,-0.029775075606999997,True
12696,634,16,0.338191140269,False,0.057018584055399994,True,-0.0499820137596,-0.0770486805128,-0.0200300964574,True
12697,634,17,0.02512968285,True,0.056247354520300004,True,-0.05079932347019999,-0.07912677708650001,-0.0228794225662,True
12698,634,18,0.319757310848,True,0.055426134810800005,True,-0.0490423983727,-0.0758874422898,-0.020461307479,True
12699,634,19,0.144199635158,True,0.055907922300500006,True,-0.050015676228199996,-0.0788305498917,-0.0229226275912,True
12700,635,0,18.7616733891,False,0.13794501313899998,False,-0.0393977119628,-0.10828875524499999,0.029656257894099997,False
12701,635,1,32.727734520700004,False,0.107546392636,False,-0.0232542463833,-0.0782339374838,0.0293124551518,False
12702,635,2,44.295808373999996,False,0.0898859961013,False,-0.015299049313499999,-0.05968719234,0.030198803761400002,False
12703,635,3,19.0715121622,False,0.08204675589,False,-0.0318364541425,-0.0708145069603,0.011232248929600001,False
12704,635,4,13.7324411155,False,0.07500883696260001,True,-0.0339360289683,-0.0708611630505,0.0041476739121199995,False
12705,635,5,9.33740924135,False,0.068885823277,True,-0.0364026182207,-0.071253474447,-0.0023676511699800003,True
12706,635,6,3.11123999072,False,0.06889711060619999,True,-0.044159952563500006,-0.0802618659318,-0.011364755325599999,True
12707,635,7,3.6862588259500004,False,0.0656470322673,True,-0.0421020554957,-0.0766238523298,-0.010976820062500002,True
12708,635,8,0.7543899364669999,False,0.0629425108562,True,-0.04778394914419999,-0.0801598495712,-0.017217338715,True
12709,635,9,1.56591639042,False,0.06196449234759999,True,-0.0446096647511,-0.07530553838260001,-0.013341046035,True
12710,635,10,1.1239841055,False,0.0586841697695,True,-0.0442675751279,-0.0736172510147,-0.0149330812451,True
12711,635,11,0.624056462039,False,0.05804527874630001,True,-0.0481716318544,-0.0778187142902,-0.0197734355439,True
12712,635,12,0.695126369631,False,0.060444256863099996,True,-0.050148972523,-0.0803901713016,-0.0199459144385,True
12713,635,13,0.10848683218800001,True,0.0583518187844,True,-0.0522464390621,-0.0805546640983,-0.022202845313900002,True
12714,635,14,0.565826614081,False,0.05920106322430001,True,-0.048946676909300005,-0.0775677264372,-0.0183666632129,True
12715,635,15,0.12582142370899999,True,0.057053829624699993,True,-0.0525939883555,-0.0815222626265,-0.0244684330018,True
12716,635,16,0.18100430709399998,True,0.054542774324,True,-0.05167528427080001,-0.07848209478130001,-0.0239393204573,True
12717,635,17,0.146494033663,True,0.057264510344,True,-0.0547711933505,-0.08242778445660001,-0.025163274112599998,True
12718,635,18,0.08632044263560001,True,0.05754834440690001,True,-0.05773568909440001,-0.08454100391439999,-0.0269926595075,True
12719,635,19,0.00016781903827999998,True,0.05749672955730001,True,-0.0567858004674,-0.0858949790922,-0.028398249534900003,True
12720,636,0,3.4640540744300004,False,0.140365296138,False,-0.0767701814282,-0.145822566757,-0.00545727061901,True
12721,636,1,34.8104461393,False,0.10184079908299999,False,-0.0199902537385,-0.06939205560869999,0.0324487434747,False
12722,636,2,23.2653190917,False,0.0889184149427,False,-0.0303914461052,-0.0753781959128,0.0135402190298,False
12723,636,3,20.9267704848,False,0.0805121807795,False,-0.0293381942758,-0.0687283681681,0.011783812611400001,False
12724,636,4,16.0086769329,False,0.07320633888849999,True,-0.032499539148900004,-0.0685074650916,0.00469887379689,False
12725,636,5,35.3343060486,False,0.0691316392137,True,-0.021664689065999998,-0.0551459320744,0.013985707139299999,False
12726,636,6,3.92784895681,False,0.06830261159090001,True,-0.041554818916000005,-0.0764067938614,-0.00810418227048,True
12727,636,7,0.330918040125,True,0.0646730574632,True,-0.0533199247255,-0.08682577676239998,-0.0221527192992,True
12728,636,8,0.153235471998,True,0.06432746054209999,True,-0.0575740728495,-0.0911919832969,-0.0268645227548,True
12729,636,9,0.129789499035,True,0.0620919120378,True,-0.060887068138300006,-0.0923241425318,-0.030232230494,True
12730,636,10,0.7757767616050001,False,0.0615127534142,True,-0.0496673349242,-0.0811199978908,-0.0196072444766,True
12731,636,11,1.6011583819600002,False,0.0591386403915,True,-0.04383796219549999,-0.0718233972083,-0.0126847568169,True
12732,636,12,1.16607381202,False,0.0587404275454,True,-0.045294914394800004,-0.07517062180879999,-0.0164301942634,True
12733,636,13,0.0469141919915,True,0.060053321405800004,True,-0.054759668301800006,-0.0848827836984,-0.0248294622926,True
12734,636,14,0.0409581013438,True,0.057391869691000005,True,-0.0581019604834,-0.0862865469603,-0.0288946772693,True
12735,636,15,0.00405699614969,True,0.0542881585298,True,-0.052187484464999996,-0.0789616363312,-0.024673477801299998,True
12736,636,16,0.00273009339332,True,0.05798340701640001,True,-0.0592329857897,-0.08881551577019998,-0.0308321087537,True
12737,636,17,0.0016821730142,True,0.0589603128842,True,-0.0563770253204,-0.0858621720564,-0.026901859172099998,True
12738,636,18,0.0005225027652619999,True,0.0573382769819,True,-0.056276280614900004,-0.084470580311,-0.027132303329099997,True
12739,636,19,2.56900110796e-05,True,0.0567518352974,True,-0.062777155325,-0.09053678075819999,-0.0337849454608,True
12740,637,0,2.29734475487,False,0.13814873738800001,False,-0.0843147140652,-0.15219030277599999,-0.0140415653881,True
12741,637,1,5.72395629262,False,0.103635365592,False,-0.054934680297499996,-0.10603986808299999,-0.00240450249027,True
12742,637,2,2.04157740898,False,0.0838026749022,False,-0.055626712396800004,-0.0968359036057,-0.0130332287035,True
12743,637,3,4.61713194177,False,0.07807845254239999,True,-0.046781814383800004,-0.088771985127,-0.010693532584599999,True
12744,637,4,19.045087691099997,False,0.07290940301400001,True,-0.029246019980200003,-0.0642593602252,0.0086500427888,False
12745,637,5,7.532078953130001,False,0.06989924624989999,True,-0.0387630994703,-0.0717593837321,-0.00186013748222,True
12746,637,6,6.27930179059,False,0.0663982809156,True,-0.0381208953592,-0.0693909791292,-0.00299269821358,True
12747,637,7,11.155432054,False,0.0634044014141,True,-0.032579833217599996,-0.0641792748944,-0.000774873480358,True
12748,637,8,2.6345722609599997,False,0.0636217511728,True,-0.0435939233012,-0.0769330119063,-0.0133112607335,True
12749,637,9,5.66578666716,False,0.061346706222199995,True,-0.036678418999,-0.0685204278174,-0.00717372159524,True
12750,637,10,4.82409270745,False,0.061240935531400004,True,-0.0368745434751,-0.06776405429349999,-0.00652311876214,True
12751,637,11,3.15486650556,False,0.057423362922300006,True,-0.0381619199458,-0.0661721047465,-0.00874874182425,True
12752,637,12,0.8252464349590001,False,0.058209044361300005,True,-0.0444833161252,-0.07554161714680001,-0.0173325727855,True
12753,637,13,0.524169601117,False,0.0577364889699,True,-0.04780905907480001,-0.074241552068,-0.0165050630981,True
12754,637,14,0.8357982488160001,False,0.0572042439959,True,-0.0462372462708,-0.0743181510343,-0.0171139070384,True
12755,637,15,0.333924276698,False,0.058277688626199996,True,-0.0481630849527,-0.0774617734895,-0.0191840848633,True
12756,637,16,0.182738292371,True,0.0562908046789,True,-0.051233929523,-0.078223497935,-0.0219326932561,True
12757,637,17,0.406348053903,False,0.0555331004059,True,-0.052075311439500005,-0.0796001208741,-0.024067020468099998,True
12758,637,18,0.117029533794,True,0.0550014614384,True,-0.054336500172499996,-0.0826773151441,-0.027675853705700002,True
12759,637,19,0.0268317780634,True,0.055446409560099996,True,-0.059078174496900004,-0.08701569601160002,-0.031569286451599995,True
12760,638,0,22.7534472301,False,0.138611998202,False,-0.0324725138912,-0.0990863577051,0.0395256404972,False
12761,638,1,32.3377289608,False,0.103645603242,False,-0.023604562604499998,-0.075565810759,0.0280797924834,False
12762,638,2,34.129291468000005,False,0.0893227228489,False,-0.022715932831599995,-0.06675759717140001,0.0225651256775,False
12763,638,3,8.76322086198,False,0.0827610949802,False,-0.0427012438576,-0.08332521455660001,-0.000564119576397,True
12764,638,4,9.20865763064,False,0.0739639027725,True,-0.0381788657478,-0.074095009271,-0.000131106498507,True
12765,638,5,4.63500737753,False,0.0679092067864,True,-0.040657738673199995,-0.0757106527041,-0.00780144591772,True
12766,638,6,1.6888236860299999,False,0.06841206720380001,True,-0.0490202183022,-0.0828203352345,-0.0144082680306,True
12767,638,7,0.476060142577,False,0.065265950921,True,-0.060202042473200004,-0.0936602463005,-0.028394295379499997,True
12768,638,8,0.65042995138,False,0.061959463994699995,True,-0.05179239127140001,-0.0826755977532,-0.0207161337585,True
12769,638,9,0.038721955151499995,True,0.060141598712400005,True,-0.05546413081209999,-0.0873415966143,-0.027199997902000003,True
12770,638,10,0.000264964209854,True,0.0616489351236,True,-0.0587103469566,-0.08900139196360002,-0.027352456839999997,True
12771,638,11,0.370747825695,False,0.059723579158500004,True,-0.0519652417643,-0.08150128235899999,-0.021777703200599997,True
12772,638,12,0.25892078663199997,True,0.0589691085549,True,-0.051778658771099995,-0.0811276062669,-0.022158497712,True
12773,638,13,0.580551940412,False,0.0583428854587,True,-0.04802017123169999,-0.0781527173424,-0.019809831883700002,True
12774,638,14,0.452997934329,False,0.05769077357969999,True,-0.046160785899599995,-0.07473435389739999,-0.0170435803177,True
12775,638,15,0.460147312091,False,0.056984962843500006,True,-0.0475936570262,-0.075850186449,-0.0188652236055,True
12776,638,16,0.21997118948199998,True,0.0552617879373,True,-0.050159636958,-0.0788541327866,-0.0235923448493,True
12777,638,17,0.9401050455779999,False,0.0568579777424,True,-0.0453089128262,-0.0732571911637,-0.0163992134213,True
12778,638,18,0.999694978139,False,0.0566138447545,True,-0.044635467589499996,-0.0723126329302,-0.0156987881757,True
12779,638,19,0.41524045202699994,False,0.0561925506075,True,-0.0490054648964,-0.0778853225047,-0.0216927718972,True
12780,639,0,30.0106056915,False,0.141885126997,False,-0.015028089455299999,-0.0835651402443,0.0583199867529,False
12781,639,1,1.9027298268000001,False,0.105076416417,False,-0.0687559302248,-0.11808967673000001,-0.0130132603128,True
12782,639,2,2.0486921841099996,False,0.0905561144099,False,-0.0614375017394,-0.106557740533,-0.0160016261231,True
12783,639,3,1.0211144168000001,False,0.0758762559652,True,-0.0573078075911,-0.0949693007247,-0.0190930447595,True
12784,639,4,5.63394486832,False,0.07485395310989999,True,-0.043945819016000004,-0.0813106597612,-0.00645670665132,True
12785,639,5,1.61438870946,False,0.0693062102987,True,-0.04872747393349999,-0.084460419224,-0.015154208925399999,True
12786,639,6,0.0169040944869,True,0.06954733635150001,True,-0.0607097648298,-0.09401002153389999,-0.0244626851823,True
12787,639,7,0.00624501361705,True,0.06454965097149999,True,-0.0681024155148,-0.100197530162,-0.035647879189999995,True
12788,639,8,5.34317042004e-07,True,0.0625490240267,True,-0.0661445090125,-0.0974923716134,-0.0349433475867,True
12789,639,9,5.0070549715099995e-06,True,0.06181632167219999,True,-0.0667054252391,-0.09902535826020001,-0.0372090365881,True
12790,639,10,0.0130345951576,True,0.0611126088469,True,-0.0569685798446,-0.0862493937725,-0.025136784925599998,True
12791,639,11,0.408755578753,False,0.0606414463065,True,-0.0487665953197,-0.08064041155339999,-0.0199989652469,True
12792,639,12,0.0787006056757,True,0.058164187826,True,-0.0545499043132,-0.0833920523388,-0.025227864512800003,True
12793,639,13,0.00905805309387,True,0.0584558366088,True,-0.052731110542099995,-0.0815924138152,-0.0231365772064,True
12794,639,14,0.26973097813700003,True,0.0587801569833,True,-0.0518568127992,-0.0823089074928,-0.023528750509500002,True
12795,639,15,0.264947880217,True,0.058067207101300006,True,-0.0498928143347,-0.0777843026801,-0.0197170955787,True
12796,639,16,0.07176078666289999,True,0.0557467144274,True,-0.054039603990400004,-0.0833114386055,-0.027564724178200002,True
12797,639,17,0.303711916632,True,0.0563708298833,True,-0.0523495740306,-0.08021113968789999,-0.023840309804599998,True
12798,639,18,0.029633356787200003,True,0.056793670491399995,True,-0.05735532754290001,-0.086817451005,-0.0300237805136,True
12799,639,19,0.217120332283,True,0.05513423962169999,True,-0.053826537501800005,-0.0809382184305,-0.0258039788089,True
12800,640,0,34.5990250888,False,0.14311591943,False,-0.0005827339217690001,-0.0700168604914,0.0730990589389,False
12801,640,1,46.054961400399996,False,0.106411072303,False,-0.0037583833695600003,-0.0587465825497,0.04766448975319999,False
12802,640,2,11.750099926099999,False,0.0885258534667,False,-0.0401959826866,-0.08368049877489998,0.00484535469175,False
12803,640,3,0.279843398794,True,0.0755849348907,True,-0.0627292374175,-0.103336363347,-0.027751428456099996,True
12804,640,4,0.9986011470799999,False,0.0745342812047,True,-0.0540610661089,-0.0898078157314,-0.0152735345266,True
12805,640,5,1.12967372509,False,0.0725166062315,True,-0.0529630841446,-0.0896243693169,-0.017107763085399998,True
12806,640,6,2.16918200276,False,0.0699792167565,True,-0.0491476977355,-0.0834388817185,-0.013459664962,True
12807,640,7,0.25753867453400003,True,0.0644693353723,True,-0.060069255937800006,-0.0924938360092,-0.028024500636800002,True
12808,640,8,0.056432926254599995,True,0.0633798585505,True,-0.0596623868055,-0.0902572236438,-0.026877365093299996,True
12809,640,9,0.0381102270245,True,0.06047296931750001,True,-0.057486272543000004,-0.087363309179,-0.0268903398615,True
12810,640,10,0.614851049511,False,0.05982790391080001,True,-0.050472261114,-0.0818961727058,-0.022068268795,True
12811,640,11,0.0647966177735,True,0.0590590564672,True,-0.0534698167074,-0.08235357404900001,-0.023294517581799998,True
12812,640,12,0.0479973617771,True,0.0611031725793,True,-0.0599876077112,-0.09028189433280001,-0.029178721753500003,True
12813,640,13,2.87606419278e-06,True,0.0595012999535,True,-0.0666562660176,-0.09475194524450001,-0.0352506452909,True
12814,640,14,0.0103593912431,True,0.058362158412899996,True,-0.0636208758137,-0.09194246095189999,-0.033580302539,True
12815,640,15,0.0015540257204,True,0.0599644547158,True,-0.0675793195023,-0.09696169702230001,-0.0369972423065,True
12816,640,16,8.78273435486e-13,True,0.056608509737400003,True,-0.0719959931802,-0.09910729029950001,-0.042498780562,True
12817,640,17,2.9449394181299996e-30,True,0.05711556884380001,True,-0.0774446391268,-0.105869452118,-0.048753883274300004,True
12818,640,18,4.49717816612e-16,True,0.056816951507,True,-0.07544414478280001,-0.101562115924,-0.044745164417,True
12819,640,19,5.37507740438e-15,True,0.0543118152067,True,-0.0739823674118,-0.0995516340296,-0.0452398188229,True
12820,641,0,19.846762541500002,False,0.142187553188,False,-0.0371093032028,-0.110709862202,0.0314776909858,False
12821,641,1,4.714791009090001,False,0.102096781327,False,-0.0590190766046,-0.109062242357,-0.00696546102986,True
12822,641,2,9.27351547042,False,0.0855592741845,False,-0.0437463460209,-0.08617201754210001,-0.0006127433575710001,True
12823,641,3,6.6987978320599995,False,0.0792745011035,True,-0.043586566479,-0.0820615540113,-0.00278705290782,True
12824,641,4,18.3366967751,False,0.0693006075342,True,-0.0299704373704,-0.0646656241998,0.00463498333447,False
12825,641,5,10.283018117200001,False,0.0701432978703,True,-0.0357745510944,-0.0694689988233,0.0006742990469870001,False
12826,641,6,8.542209942949999,False,0.0673254604348,True,-0.036563087975,-0.069971164942,-0.00264570450721,True
12827,641,7,6.38544090941,False,0.0633203573432,True,-0.0365893143613,-0.06885810897769999,-0.00553775163451,True
12828,641,8,3.85784572251,False,0.0613635063067,True,-0.0391140124087,-0.06976718427539999,-0.0084036779687,True
12829,641,9,2.5614166165400003,False,0.0624098297413,True,-0.042295821310900004,-0.07474996702539999,-0.0123401372841,True
12830,641,10,6.03278500485,False,0.061029155510300005,True,-0.0363005313646,-0.0671069398516,-0.00607778434134,True
12831,641,11,2.22744944099,False,0.0595953508569,True,-0.0435140597085,-0.0726550400148,-0.0130596891579,True
12832,641,12,0.12179092411800001,True,0.0587846551939,True,-0.0517679816825,-0.0812488990096,-0.022464243815700002,True
12833,641,13,0.237179777544,True,0.0585092165905,True,-0.05206413376519999,-0.07956573337089999,-0.0210565167803,True
12834,641,14,0.43816399967200004,False,0.0577238658461,True,-0.0486035458067,-0.0785256714455,-0.020801805599499998,True
12835,641,15,0.5533470715309999,False,0.0578069058907,True,-0.0499354043253,-0.08052890664489999,-0.0227220007542,True
12836,641,16,0.222206394208,True,0.0574735527066,True,-0.0511050746387,-0.0782330510947,-0.020759498388099998,True
12837,641,17,0.0407498684051,True,0.056363702403999995,True,-0.0547591052862,-0.0842818447503,-0.0279181423463,True
12838,641,18,1.33104415503e-06,True,0.0567824827739,True,-0.0561778505382,-0.0836101132355,-0.0268276304616,True
12839,641,19,0.00416405411557,True,0.0574542836873,True,-0.0588464650939,-0.08988641350099999,-0.0324321298137,True
12840,642,0,16.8890684354,False,0.14331003028699998,False,0.0431315610586,-0.0334907372475,0.109819293039,False
12841,642,1,40.0465678669,False,0.105182151697,False,-0.0158670104281,-0.0671768221248,0.0380053295723,False
12842,642,2,7.650499063019999,False,0.0861880888002,False,-0.04536039665680001,-0.0879225123511,-0.0017344235508499999,True
12843,642,3,8.780279474910001,False,0.0765983034802,True,-0.039283918767699995,-0.0809320659397,-0.0043337624595800005,True
12844,642,4,11.7946846076,False,0.0735336008585,True,-0.035638887819199994,-0.07077302124389999,0.00276057961462,False
12845,642,5,3.30685678068,False,0.0680198849359,True,-0.044075967207,-0.07703049047930001,-0.00901060554332,True
12846,642,6,3.5157423965099994,False,0.0661764417913,True,-0.0410079282463,-0.0741064645507,-0.00793002275938,True
12847,642,7,13.290599535,False,0.0662937562335,True,-0.030650326326099996,-0.0638274797289,0.00246627650464,False
12848,642,8,3.52736680795,False,0.0634825928102,True,-0.0404400772516,-0.07132107745130001,-0.00783848464103,True
12849,642,9,0.659140910238,False,0.060116671539199994,True,-0.049783090578,-0.07940689458269999,-0.0192902230435,True
12850,642,10,0.47558470946099995,False,0.062127205641700003,True,-0.0511158899551,-0.0814641619555,-0.0193369563138,True
12851,642,11,0.41398195072899996,False,0.057498742113399996,True,-0.052251809365099995,-0.08180640959049999,-0.024307667477099996,True
12852,642,12,0.131731615354,True,0.0568705583746,True,-0.0515283543222,-0.07972649623660001,-0.022855937862,True
12853,642,13,0.0006417867136469999,True,0.0597085841444,True,-0.0626891438135,-0.0942042912683,-0.0344957071239,True
12854,642,14,7.467805907100001e-05,True,0.0575082854751,True,-0.0605838785887,-0.0910177150818,-0.033509429606699996,True
12855,642,15,1.2086465718e-08,True,0.0540151584554,True,-0.0642019704515,-0.0912675981514,-0.037252439696,True
12856,642,16,0.0035275636926100002,True,0.055926107646699995,True,-0.0615153595008,-0.0894537002942,-0.033527592647599996,True
12857,642,17,0.00016474842967100002,True,0.056861110508,True,-0.0604276185572,-0.09035571639969998,-0.0334946058918,True
12858,642,18,6.620471703230001e-06,True,0.0558094085044,True,-0.0636578114404,-0.09283888135910001,-0.03702947285469999,True
12859,642,19,2.55512810761e-13,True,0.0558816544094,True,-0.0639967609934,-0.09290372049969998,-0.0370220660903,True
12860,643,0,12.7967647203,False,0.138426613354,False,-0.0537120135873,-0.12466942543500001,0.0137571879183,False
12861,643,1,3.84824715484,False,0.106276191548,False,-0.0611088202625,-0.111767524698,-0.00549133314949,True
12862,643,2,4.12244584387,False,0.08842281534560001,False,-0.0522711253383,-0.09567967003630001,-0.00725685469071,True
12863,643,3,2.90320726369,False,0.08212132568519999,False,-0.0538888446326,-0.0937831622209,-0.0116618365358,True
12864,643,4,2.00674772747,False,0.0719721388632,True,-0.050527787167999993,-0.08456554165689999,-0.012593402793700002,True
12865,643,5,0.11296511007200001,True,0.0705045903945,True,-0.0655751627213,-0.102073847316,-0.0315692569215,True
12866,643,6,4.80698687124e-06,True,0.0673746192495,True,-0.07777359476969999,-0.11060788611300001,-0.043233266863799996,True
12867,643,7,0.000268402049745,True,0.0648994567399,True,-0.0763151958778,-0.108944969058,-0.044045512318,True
12868,643,8,7.90272854642e-06,True,0.061831478842099996,True,-0.0696545348953,-0.10218351599,-0.0403520371476,True
12869,643,9,1.57916722378e-25,True,0.06200874328,True,-0.0778653234519,-0.10942353602,-0.0474147927404,True
12870,643,10,3.09160469873e-17,True,0.06087880933619999,True,-0.074995745158,-0.104790801608,-0.0439119922716,True
12871,643,11,6.40702212668e-23,True,0.059904965062499996,True,-0.0785591494448,-0.10622687060699999,-0.0463219055449,True
12872,643,12,8.543523967249999e-17,True,0.0585687881668,True,-0.0738749485377,-0.101200255792,-0.042631467625599995,True
12873,643,13,1.19512757458e-09,True,0.0599964194016,True,-0.07044182409989999,-0.10006600491499999,-0.0400695855135,True
12874,643,14,3.34421735767e-08,True,0.0567336491038,True,-0.0668670843748,-0.09612549904269999,-0.0393918499389,True
12875,643,15,9.1458501944e-17,True,0.0551973517999,True,-0.0733668365258,-0.101650901261,-0.046453549461000006,True
12876,643,16,1.81256222542e-16,True,0.0578231532338,True,-0.07239038537430001,-0.102206052234,-0.04438289899969999,True
12877,643,17,2.1828176695900003e-16,True,0.0569467974402,True,-0.0738619760651,-0.103457666773,-0.0465108693329,True
12878,643,18,1.39224654106e-32,True,0.0578513226033,True,-0.08530666993899999,-0.11524773951199999,-0.05739641690859999,True
12879,643,19,5.9482422023599994e-36,True,0.054884758751,True,-0.0825057424638,-0.11080961507999999,-0.0559248563287,True
12880,644,0,24.739657936500002,False,0.139649442202,False,-0.0312698386057,-0.103615463977,0.036033978224100004,False
12881,644,1,19.377649674,False,0.104143126148,False,-0.0367592236869,-0.09054606352870001,0.0135970626198,False
12882,644,2,7.44794189023,False,0.0875776960374,False,-0.0454011106228,-0.09162571783949999,-0.004048021802179999,True
12883,644,3,2.1937663745599996,False,0.0795377651109,True,-0.052225582855500004,-0.09181992594499999,-0.0122821608341,True
12884,644,4,2.07631247947,False,0.0734993233893,True,-0.050193474398999995,-0.08690082990930001,-0.01340150652,True
12885,644,5,0.00218471256969,True,0.0721308324719,True,-0.0694317820177,-0.10470251611999999,-0.032571683648,True
12886,644,6,0.0005683180564919999,True,0.0671985458521,True,-0.06863398893969999,-0.102006957093,-0.0348084112414,True
12887,644,7,0.00018906585365999998,True,0.0644848729401,True,-0.07373209286780001,-0.104934781608,-0.0404499086684,True
12888,644,8,0.024117492291599995,True,0.061576334839699993,True,-0.06522763903699999,-0.0963523145556,-0.034775979716,True
12889,644,9,1.92871116846e-23,True,0.05942898910469999,True,-0.0797799963992,-0.11096371210200001,-0.0515347229976,True
12890,644,10,9.341004813409999e-27,True,0.0602886222583,True,-0.0825158822314,-0.11298108990399999,-0.05269246764569999,True
12891,644,11,8.39454285201e-10,True,0.0634463376756,True,-0.0830120136427,-0.11304093317500001,-0.049594595499099996,True
12892,644,12,4.0626772544199996e-16,True,0.0582732328203,True,-0.0814318707802,-0.110559119291,-0.052285886470300004,True
12893,644,13,1.14392953453e-16,True,0.0602385688655,True,-0.075570928558,-0.106078116816,-0.0458395479507,True
12894,644,14,6.21985071847e-13,True,0.0586052721164,True,-0.0721240930843,-0.10032937920900001,-0.041724107092199994,True
12895,644,15,2.1315815671599997e-21,True,0.0558599747968,True,-0.07660970539510001,-0.10497419367699999,-0.049114218880000005,True
12896,644,16,4.5075970448199996e-13,True,0.0592701183009,True,-0.0731371557953,-0.10159317237500001,-0.0423230540739,True
12897,644,17,2.2227459553300003e-09,True,0.057134519677,True,-0.0768336436778,-0.106041467754,-0.0489069480775,True
12898,644,18,3.2068733185e-25,True,0.0577490784112,True,-0.0748745387278,-0.10241196273099999,-0.044662884319400006,True
12899,644,19,8.74905590719e-36,True,0.0565093919742,True,-0.0805080422094,-0.109099243788,-0.052589851814,True
12900,645,0,27.727078684899997,False,0.14037201240900002,False,-0.0226693985417,-0.09240583737819999,0.047966175031,False
12901,645,1,33.867871890500005,False,0.10892911863299999,False,-0.0190434239566,-0.07197975355010001,0.036949365083300004,False
12902,645,2,8.994390240669999,False,0.09371598977800001,False,-0.0426608144994,-0.08899468621960001,0.00472130355842,False
12903,645,3,4.639933424800001,False,0.08242834876539999,False,-0.0477813389351,-0.0900905953757,-0.007662246610310001,True
12904,645,4,16.1271432086,False,0.0729215795713,True,-0.032795153912999996,-0.0715059821938,0.0014155973775500002,False
12905,645,5,1.05829111152,False,0.0703987736404,True,-0.0544514452749,-0.08903390337760002,-0.018635129737200003,True
12906,645,6,1.31689398455,False,0.0642931981746,True,-0.0497321944592,-0.08128096867660001,-0.016987770502,True
12907,645,7,2.34552824848,False,0.06583742171019999,True,-0.0444023103936,-0.0759550492702,-0.01011762756,True
12908,645,8,6.43019219728,False,0.06414210532980001,True,-0.0376266682335,-0.0712518546605,-0.007109749330689999,True
12909,645,9,4.611068615430001,False,0.061491903717,True,-0.0390540410692,-0.0696143398474,-0.0081224361304,True
12910,645,10,1.3507094412399998,False,0.0597146819754,True,-0.0451071785992,-0.0759950743118,-0.0162803923364,True
12911,645,11,0.931699488875,False,0.0595293008794,True,-0.046890843957,-0.0760540913382,-0.0165247904588,True
12912,645,12,2.74947422189,False,0.0582886507016,True,-0.040435315841800004,-0.06895105704400001,-0.0106624063424,True
12913,645,13,1.5183838842299997,False,0.057706837945,True,-0.0425489474866,-0.0707980005105,-0.013091162565500001,True
12914,645,14,3.8584512398400004,False,0.059119892433000004,True,-0.0386749434815,-0.0684905420456,-0.009370649612659999,True
12915,645,15,5.6131343853699995,False,0.0594669021906,True,-0.0362384865186,-0.0662378006388,-0.006770898448229999,True
12916,645,16,1.26420925971,False,0.0561418288518,True,-0.0424934944211,-0.0702515927121,-0.014109763860299999,True
12917,645,17,3.7836178942300003,False,0.0566947362533,True,-0.03741019669830001,-0.0657211073881,-0.00902637113477,True
12918,645,18,0.6974357366030001,False,0.0558189927429,True,-0.0439284356295,-0.0725474458924,-0.0167284531494,True
12919,645,19,1.4514948723899999,False,0.0554015815692,True,-0.0406975758093,-0.0705452761054,-0.0151436945361,True
12920,646,0,14.1369567958,False,0.140825590709,False,-0.047971952038599996,-0.11685998288699999,0.0239656078216,False
12921,646,1,0.469702254187,False,0.105255202377,False,-0.08121126974260001,-0.133233251536,-0.027978049158900002,True
12922,646,2,1.00437644405,False,0.0915607110583,False,-0.0685858088073,-0.112982613108,-0.021421902050200003,True
12923,646,3,0.10513773853700001,True,0.0782150590258,True,-0.0715636586223,-0.113969048762,-0.0357539897357,True
12924,646,4,1.44393671953e-05,True,0.0734296025551,True,-0.077826559204,-0.11519133762700001,-0.0417617350722,True
12925,646,5,0.115459729463,True,0.07141835677439999,True,-0.07212719233989999,-0.106557653652,-0.0351392968772,True
12926,646,6,2.38410359812e-06,True,0.06843783804510001,True,-0.0741636108163,-0.108181873683,-0.0397440356374,True
12927,646,7,1.48772809724e-08,True,0.0660978999096,True,-0.0821657579038,-0.116970677732,-0.050872777822900006,True
12928,646,8,9.03967933112e-17,True,0.0631871000275,True,-0.09252662148669999,-0.123629941861,-0.060442841833800005,True
12929,646,9,1.3857286138399997e-45,True,0.062051636258399996,True,-0.0990421733133,-0.130968255294,-0.0689166190357,True
12930,646,10,1.33447112905e-42,True,0.060868510155,True,-0.0958202928132,-0.127517666559,-0.066649156404,True
12931,646,11,6.3430065338799995e-43,True,0.0593732732235,True,-0.101199601404,-0.130418466301,-0.07104519307789998,True
12932,646,12,4.6778087041799993e-70,True,0.0559063228235,True,-0.103113852176,-0.13135148549,-0.07544516266649999,True
12933,646,13,3.0403769209699996e-64,True,0.0567268045761,True,-0.101487134565,-0.130629311859,-0.0739025072832,True
12934,646,14,2.9950895045699995e-41,True,0.059694010154800005,True,-0.0997211476657,-0.128363627774,-0.068669617619,True
12935,646,15,1.08151541641e-26,True,0.057383407414600004,True,-0.08560921179580001,-0.113635219154,-0.0562518117394,True
12936,646,16,1.2329611831199998e-35,True,0.0561271826038,True,-0.0873900502007,-0.116694206559,-0.06056702395480001,True
12937,646,17,6.66581468015e-42,True,0.0568184016884,True,-0.0834553605543,-0.11322009533800001,-0.0564016936493,True
12938,646,18,1.2798858279799998e-37,True,0.057547429135300004,True,-0.08858587148819999,-0.117789514447,-0.060242085312,True
12939,646,19,1.97478640938e-50,True,0.0553652786181,True,-0.08760884351230001,-0.11454116363,-0.0591758850118,True
12940,647,0,7.16143499161,False,0.13902152916,False,-0.06391052259010001,-0.129416172199,0.009605356960629998,False
12941,647,1,6.634818968130001,False,0.107507384182,False,-0.0563202600032,-0.108578283766,-0.0010708995836,True
12942,647,2,3.09803585175,False,0.0874502438917,False,-0.0553097310264,-0.099946047875,-0.0124958039833,True
12943,647,3,0.509234840697,False,0.079465099742,True,-0.062192548498300006,-0.101702476529,-0.0222373767868,True
12944,647,4,2.3785356741999997,False,0.07423588367810001,True,-0.0507777949223,-0.08929930968569999,-0.015063426007700002,True
12945,647,5,0.24738573024399999,True,0.0730077155232,True,-0.0608319842583,-0.0955931335519,-0.022585418028700004,True
12946,647,6,0.144255681644,True,0.06664331771700001,True,-0.0588440638237,-0.0933117168455,-0.0266683991285,True
12947,647,7,0.037844853300300005,True,0.0648500512412,True,-0.06670020469549999,-0.100231284222,-0.0353812329811,True
12948,647,8,0.00708554725303,True,0.0616401597097,True,-0.06034811767749999,-0.0898836881375,-0.0282435284278,True
12949,647,9,0.0764839578592,True,0.0608885192294,True,-0.0545017603648,-0.08528012604110001,-0.024391606811700002,True
12950,647,10,0.09850063237880001,True,0.0593341161841,True,-0.0594746716148,-0.09062787908510002,-0.031293762901099996,True
12951,647,11,0.013070624204500001,True,0.058091417295199996,True,-0.05873404240669999,-0.0890613881152,-0.030969970819999998,True
12952,647,12,0.0007918751054019999,True,0.0578738633688,True,-0.0632191803137,-0.09332502915819998,-0.0354511657893,True
12953,647,13,0.0768132595298,True,0.0572929085366,True,-0.0638734168531,-0.0915408407692,-0.0342479322326,True
12954,647,14,5.3433095611300005e-08,True,0.0573243761422,True,-0.0702895021072,-0.09752591534810001,-0.0402015392059,True
12955,647,15,6.85493332532e-10,True,0.0579676907579,True,-0.0650296803178,-0.0947794337218,-0.036811742964,True
12956,647,16,4.84729515349e-06,True,0.05742161859,True,-0.0589833055136,-0.0877922388332,-0.0303706202432,True
12957,647,17,1.53511606304e-06,True,0.0549264417428,True,-0.07003514567489999,-0.0972201585748,-0.042293716832,True
12958,647,18,0.058127272675700004,True,0.0552922767987,True,-0.06797119040369999,-0.0948700076736,-0.0395777308748,True
12959,647,19,1.6269180200600001e-15,True,0.055184219120300006,True,-0.070386909108,-0.09827610671959999,-0.04309188759930001,True
12960,648,0,10.812056130999999,False,0.138985056703,False,-0.0554755880394,-0.125363586853,0.0136214698498,False
12961,648,1,18.7371263667,False,0.10372432693499999,False,-0.0378917230596,-0.0903178405308,0.013406486403700001,False
12962,648,2,3.9837946923,False,0.08847157621929999,False,-0.052646078415099995,-0.0944005000518,-0.005928923832479999,True
12963,648,3,7.09696004258,False,0.0813657042907,False,-0.0446236234012,-0.08242046966139999,-0.00105476537071,True
12964,648,4,1.3473344520299997,False,0.0742070388377,True,-0.052620140128100006,-0.08901880101019999,-0.0148117621725,True
12965,648,5,1.61597957221,False,0.0718976640217,True,-0.052033168428100005,-0.0896125546078,-0.0177148905861,True
12966,648,6,0.719682867398,False,0.06596164314280001,True,-0.0505187850127,-0.08313359293269999,-0.0171719497899,True
12967,648,7,1.09402568067,False,0.0638715041814,True,-0.0474440905176,-0.0788215765643,-0.0149500723829,True
12968,648,8,1.2222605418,False,0.06261412299630001,True,-0.0490797251112,-0.08097459225319999,-0.018360469257000002,True
12969,648,9,0.024160888106999998,True,0.0612208464938,True,-0.0623681181159,-0.0953093377396,-0.034088491245800004,True
12970,648,10,0.10754422316,True,0.0620644667587,True,-0.0636278031714,-0.09435720588089999,-0.0322927391222,True
12971,648,11,1.03597546158e-06,True,0.0595831171688,True,-0.0707437450814,-0.101529196329,-0.0419460791605,True
12972,648,12,5.36908010396e-10,True,0.05827277179840001,True,-0.0732936674903,-0.103266287003,-0.0449935152042,True
12973,648,13,2.79307821112e-16,True,0.0586725791055,True,-0.07690406082569999,-0.106847487417,-0.048174908311800005,True
12974,648,14,2.90450430562e-14,True,0.05838269012109999,True,-0.07819884080799999,-0.10601106067600001,-0.047628370555,True
12975,648,15,1.1911889380200001e-16,True,0.0555194125053,True,-0.0784517665304,-0.10674026159700001,-0.051220849091400004,True
12976,648,16,1.51513815801e-14,True,0.0575593109281,True,-0.0801282958159,-0.109971312431,-0.0524120015032,True
12977,648,17,2.8232988042200005e-18,True,0.056162791207099994,True,-0.0779229971264,-0.106200019838,-0.050037228630800006,True
12978,648,18,1.04886540912e-35,True,0.055684825941300004,True,-0.08623165034800001,-0.11352309370300001,-0.05783826776190001,True
12979,648,19,4.69625382796e-29,True,0.055072873011699996,True,-0.08213643294010001,-0.109640723846,-0.0545678508345,True
12980,649,0,9.15826678835,False,0.136106148386,False,-0.0594903044749,-0.129368441461,0.00673770692528,False
12981,649,1,0.9886084134440001,False,0.104315053746,False,-0.0740514587441,-0.125228467704,-0.020913413957499998,True
12982,649,2,0.698728296313,False,0.0890158379236,False,-0.0692016432014,-0.1135890385,-0.024573200576299997,True
12983,649,3,0.0005162311978230001,True,0.07892038647739999,True,-0.0908693708779,-0.13254177547499998,-0.0536213889974,True
12984,649,4,0.0030130483884600002,True,0.0722878590749,True,-0.0836593538328,-0.118990516975,-0.0467026578998,True
12985,649,5,3.1947262089499996e-07,True,0.0706076430721,True,-0.0837682739303,-0.11813721150499999,-0.047529568433,True
12986,649,6,5.4708928246499996e-11,True,0.06780676873750001,True,-0.0867916695806,-0.120597770723,-0.052791001985900005,True
12987,649,7,4.15395920705e-30,True,0.06409261865669999,True,-0.0918875895996,-0.12423704961200001,-0.0601444309555,True
12988,649,8,5.714599418359999e-24,True,0.0636358939922,True,-0.0899745369501,-0.121815298063,-0.0581794040709,True
12989,649,9,4.33681661961e-15,True,0.0613283107928,True,-0.0856968416605,-0.115312080282,-0.053983769488900005,True
12990,649,10,5.336248110319999e-23,True,0.06073179830849999,True,-0.08147625830310001,-0.11043736929600001,-0.0497055709879,True
12991,649,11,1.66449571019e-34,True,0.06026357560330001,True,-0.0883832037635,-0.119802408516,-0.059538832912300006,True
12992,649,12,4.40386221418e-26,True,0.0594848478808,True,-0.0822036248481,-0.110528149066,-0.0510433011851,True
12993,649,13,2.5992678111499998e-28,True,0.0590499658774,True,-0.08467974371419999,-0.114318194958,-0.0552682290805,True
12994,649,14,1.6032901566999997e-33,True,0.058247816514599995,True,-0.08987051008850001,-0.120500981642,-0.0622531651272,True
12995,649,15,6.077352025649999e-38,True,0.0578955851954,True,-0.0875998681863,-0.11644144975500001,-0.058545864559399995,True
12996,649,16,2.69201699196e-25,True,0.0573828813908,True,-0.0829246171639,-0.111869045472,-0.0544861640809,True
12997,649,17,3.75126489303e-45,True,0.054479910522800004,True,-0.08807313449930002,-0.113776811093,-0.0592969005699,True
12998,649,18,5.67063899886e-41,True,0.0586160264384,True,-0.08915082420949999,-0.118665907652,-0.0600498812137,True
12999,649,19,3.9538853127199994e-48,True,0.0598539569273,True,-0.0940142834373,-0.12415011391799999,-0.0642961569903,True
13000,650,0,1.3671251763499999,False,0.13858353669600001,False,-0.0916252619077,-0.161695863868,-0.0231123271721,True
13001,650,1,1.66879723511,False,0.108150152348,False,-0.07000232768730001,-0.12577585382,-0.0176257014715,True
13002,650,2,2.19722699834,False,0.08681845565929999,False,-0.0567473059613,-0.0995532932455,-0.0127348375862,True
13003,650,3,1.474044747,False,0.07873180366339999,True,-0.05650828463330001,-0.09724493661969999,-0.0185131329563,True
13004,650,4,0.17725314009100002,True,0.076020248043,True,-0.0661646436331,-0.104619323331,-0.028599075288400003,True
13005,650,5,2.09029934555,False,0.0713521100975,True,-0.04833248372909999,-0.0842587665218,-0.0129066564243,True
13006,650,6,7.03614191025,False,0.0669039304954,True,-0.037032064511300006,-0.070216035852,-0.0033121053566399997,True
13007,650,7,1.4839361744600001,False,0.0640552422099,True,-0.0453166939079,-0.07647091125580001,-0.0124156690459,True
13008,650,8,0.826478530614,False,0.06217121734040001,True,-0.048168197542,-0.0785380599042,-0.0163668425638,True
13009,650,9,0.13114917895300002,True,0.061754009844899996,True,-0.059401744221599995,-0.0898807495383,-0.028126739693400002,True
13010,650,10,7.74723981082e-09,True,0.060832046841400006,True,-0.0649152890735,-0.0935942366368,-0.0327621897954,True
13011,650,11,9.782252844469999e-07,True,0.0599290755115,True,-0.06866961621590001,-0.10067043884299999,-0.040741363331300004,True
13012,650,12,0.0676013213878,True,0.0592280148965,True,-0.06367611033699999,-0.09376012989520001,-0.03453211499869999,True
13013,650,13,2.0424704695900003e-08,True,0.0583947704585,True,-0.0655366061799,-0.0945359762595,-0.036141205801,True
13014,650,14,9.65051304843e-12,True,0.0571415067643,True,-0.06918703563789999,-0.09743272239810001,-0.040291215633699994,True
13015,650,15,2.6629356909e-09,True,0.0580297998023,True,-0.0737185207088,-0.10291241655099999,-0.044882616749,True
13016,650,16,2.71444658578e-24,True,0.055837406404800005,True,-0.0760120325267,-0.10358137689500001,-0.047743970490300006,True
13017,650,17,8.437413083010001e-16,True,0.0568146619653,True,-0.07319523822719999,-0.10153527897299999,-0.044720617007900004,True
13018,650,18,4.5635586785599996e-17,True,0.0559835519856,True,-0.0738533520413,-0.10237052604800001,-0.046386974062400006,True
13019,650,19,4.3443981814599995e-08,True,0.0560626116407,True,-0.0667396991583,-0.09557071607960001,-0.0395081044389,True
13020,651,0,34.263963896599996,False,0.139549094652,False,-0.00612741201134,-0.0778986674347,0.0616504272168,False
13021,651,1,16.5830362429,False,0.106366933055,False,-0.0387087480114,-0.0924579062559,0.013909026799000001,False
13022,651,2,10.4597440558,False,0.0864814503197,False,-0.0415570863544,-0.0845666310093,0.00191481931048,False
13023,651,3,7.97553720178,False,0.0782957618628,True,-0.041105114323,-0.08281938383410001,-0.00452362197125,True
13024,651,4,22.046111262600004,False,0.0736525014144,True,-0.029412187003000002,-0.0669487002552,0.00670380115919,False
13025,651,5,19.2488182462,False,0.06947088352910001,True,-0.028816401721,-0.062271976504300004,0.00719890702481,False
13026,651,6,13.2963711893,False,0.06532652525619999,True,-0.032195859535599995,-0.0660383029955,-0.000711777739305,True
13027,651,7,3.62081885954,False,0.0640033255519,True,-0.0429764486218,-0.07503243219939999,-0.0110291066475,True
13028,651,8,1.34071461096,False,0.0622435503465,True,-0.0447560218625,-0.0771392218397,-0.014895671493200001,True
13029,651,9,1.35731643424,False,0.0654528831541,True,-0.0479134950625,-0.0796714079237,-0.014218524769600002,True
13030,651,10,1.20918772611,False,0.0584534819947,True,-0.0466321116675,-0.074718511482,-0.0162650294873,True
13031,651,11,0.441412175034,False,0.061253712276999994,True,-0.050253609713000004,-0.08129095551530001,-0.0200372432382,True
13032,651,12,0.5582943259350001,False,0.0599866027057,True,-0.050865985469500004,-0.0822822511588,-0.022295648453099996,True
13033,651,13,0.22053153373000003,True,0.058429540893599995,True,-0.0530750550562,-0.0828504219312,-0.024420881037599998,True
13034,651,14,0.018028753751700002,True,0.0586627304829,True,-0.0564155516916,-0.08553864488780001,-0.0268759144049,True
13035,651,15,0.21887154098099998,True,0.0578209204792,True,-0.0549217867552,-0.0830885425396,-0.0252676220605,True
13036,651,16,0.09557312970160001,True,0.0573866612033,True,-0.0540615162575,-0.0820622570187,-0.0246755958155,True
13037,651,17,0.051161111572400005,True,0.0549760356879,True,-0.05296402252230001,-0.0814809881822,-0.026504952494200002,True
13038,651,18,0.019755896743700003,True,0.0554635192675,True,-0.053964266046400006,-0.08211888030780001,-0.026655361040300002,True
13039,651,19,3.42973859924e-08,True,0.0562160309709,True,-0.05841021205730001,-0.0876251445482,-0.031409113577400005,True
13040,652,0,2.3322553308900003,False,0.145422588038,False,-0.0881455601733,-0.161532434843,-0.016109846804500002,True
13041,652,1,0.15434380551,True,0.10741018191299999,False,-0.0934380034856,-0.14520749416200002,-0.037797312249199994,True
13042,652,2,0.0937283284985,True,0.0866781138968,False,-0.0833861999469,-0.12584308744,-0.03916497354330001,True
13043,652,3,1.05618918426e-10,True,0.07849822031260001,True,-0.0917391332687,-0.13308076236400002,-0.054582542051300004,True
13044,652,4,5.2644430481899996e-09,True,0.07336288720369999,True,-0.07850541079199999,-0.11442405741699999,-0.041061170213699996,True
13045,652,5,4.2374491594800004e-06,True,0.0692834705805,True,-0.08147618671310002,-0.116137565505,-0.0468540949242,True
13046,652,6,1.9504307410999999e-10,True,0.0670307330487,True,-0.07886878251889999,-0.111725317884,-0.0446945848353,True
13047,652,7,3.51856692815e-14,True,0.0620775019241,True,-0.07434967487460001,-0.103906010304,-0.0418285083797,True
13048,652,8,0.021784324742299997,True,0.0651489222775,True,-0.0697861987186,-0.10289488161,-0.037745959332800005,True
13049,652,9,8.617351284049999e-07,True,0.0623587043961,True,-0.0657732060288,-0.09637238477389999,-0.0340136803779,True
13050,652,10,9.61809533554e-05,True,0.0603652404831,True,-0.0642989879141,-0.09571261694910001,-0.035347376466,True
13051,652,11,1.54367946589e-09,True,0.059973110324999995,True,-0.06673003170030001,-0.09536683655750001,-0.0353937262325,True
13052,652,12,2.2659270612400003e-19,True,0.059301766911,True,-0.0751932054003,-0.104998327697,-0.045696560785800006,True
13053,652,13,3.9828168818300003e-22,True,0.058051812193,True,-0.0806193187965,-0.11168567931399999,-0.0536338671213,True
13054,652,14,2.7884983173000003e-08,True,0.0579002593787,True,-0.0692174447111,-0.09691177634310001,-0.0390115169644,True
13055,652,15,2.4605931817299996e-14,True,0.057727492566300005,True,-0.06830923664819999,-0.09711099977639999,-0.0393835072101,True
13056,652,16,5.86338399106e-07,True,0.059498605739199996,True,-0.0686882967082,-0.09768312385330001,-0.038184518114099994,True
13057,652,17,0.0439736041479,True,0.0557791441479,True,-0.06760282480980001,-0.0951061141546,-0.0393269700067,True
13058,652,18,4.0016478128900005e-06,True,0.056966112667399996,True,-0.062210829548500005,-0.0925165189975,-0.0355504063301,True
13059,652,19,0.057622828665899996,True,0.056344003485500005,True,-0.061436979136,-0.0882780752231,-0.031934071737599996,True
13060,653,0,30.9290631256,False,0.14147800823599999,False,-0.014924698599,-0.08961820355820001,0.051859804677800006,False
13061,653,1,28.3932618251,False,0.104409012335,False,-0.0260169515318,-0.076553077811,0.0278559345236,False
13062,653,2,5.29644082354,False,0.0897516875778,False,-0.0494124019154,-0.0958027679628,-0.00605108038501,True
13063,653,3,37.5747522162,False,0.0825710698373,False,-0.0200468768851,-0.0608018886531,0.021769181184099998,False
13064,653,4,32.5897150231,False,0.07407639942319999,True,-0.023005333614400002,-0.0611659283006,0.012910471122700001,False
13065,653,5,9.2916628891,False,0.0703195068124,True,-0.0363220523025,-0.0703781162679,-5.86094555053e-05,True
13066,653,6,5.9165450664699994,False,0.0672827915931,True,-0.0396706617711,-0.07163618356889999,-0.00435339197575,True
13067,653,7,0.956613032454,False,0.0641899807716,True,-0.047760931202099996,-0.07941091994800001,-0.015220939176399998,True
13068,653,8,1.6204579254700002,False,0.06300894502780001,True,-0.0460838027274,-0.0776798843881,-0.014670939360200001,True
13069,653,9,1.1826181690100002,False,0.0621381382943,True,-0.046352394720599994,-0.0747368640691,-0.0125987257748,True
13070,653,10,3.63928494563,False,0.062449837104799996,True,-0.040095893151800004,-0.07300502399980001,-0.010555186895,True
13071,653,11,1.84407776849,False,0.0628652237294,True,-0.0454857258656,-0.07680416743139999,-0.013938943702,True
13072,653,12,0.48322153388800004,False,0.0600609475361,True,-0.048620144461000006,-0.0789420187963,-0.0188810712602,True
13073,653,13,0.891316687631,False,0.05947950210919999,True,-0.0496705221041,-0.08197199288530001,-0.0224924907761,True
13074,653,14,0.692292607797,False,0.0589691584616,True,-0.050284607270999995,-0.082061229098,-0.0230920706364,True
13075,653,15,0.214199523217,True,0.059217461785900004,True,-0.0527537370229,-0.0833418004451,-0.024124338659200002,True
13076,653,16,0.119665209954,True,0.0581053882695,True,-0.049520502563500005,-0.0776538279462,-0.0195484396768,True
13077,653,17,0.15835675651699999,True,0.0549044841834,True,-0.0495881231862,-0.0772321844719,-0.0223277002886,True
13078,653,18,0.00492135542696,True,0.053963858433800006,True,-0.0523388769372,-0.07887709084080001,-0.024913232407,True
13079,653,19,0.048266391607999996,True,0.056982607499099995,True,-0.05795418874509999,-0.085329629089,-0.02834702159,True
13080,654,0,16.1570055425,False,0.141046928923,False,-0.0455162146568,-0.11507117327,0.0259757556531,False
13081,654,1,29.460050827199996,False,0.10110061526,False,-0.0271905425528,-0.07870481436889999,0.0223958008911,False
13082,654,2,44.0059248134,False,0.0874275405559,False,-0.0144336094734,-0.056705136231899995,0.030722404323900002,False
13083,654,3,43.506673890600005,False,0.0778036818541,True,-0.017513813881099998,-0.058684075350599996,0.0191196065035,False
13084,654,4,19.417090132200002,False,0.0738261793233,True,-0.029484290021099997,-0.06453930071309999,0.00928687861018,False
13085,654,5,32.9972383538,False,0.068352361997,True,-0.021850028574,-0.0563050402857,0.0120473217113,False
13086,654,6,24.9029103187,False,0.066117515253,True,-0.0258145704646,-0.06052425629790001,0.005593258955140001,False
13087,654,7,13.9224794002,False,0.0651374336853,True,-0.030721516132299998,-0.0652365115138,-9.90778284958e-05,True
13088,654,8,2.8498543806,False,0.061929250788199997,True,-0.042393188256999996,-0.07265767191389999,-0.010728421125600001,True
13089,654,9,0.82127230425,False,0.061430958605199995,True,-0.0475654985755,-0.0768672885622,-0.015436329957,True
13090,654,10,0.30043450674600003,True,0.0616379454227,True,-0.053209391519400004,-0.0852181112984,-0.0235801658757,True
13091,654,11,0.7077300922040001,False,0.0592753020847,True,-0.0471785656827,-0.0768271824391,-0.0175518803544,True
13092,654,12,0.31684047020399997,True,0.058688096095199996,True,-0.0531468365818,-0.08271578742110001,-0.0240276913258,True
13093,654,13,0.0529100437166,True,0.057998076848400006,True,-0.05104271378380001,-0.079312042031,-0.0213139651826,True
13094,654,14,0.888780341871,False,0.0569158708042,True,-0.0453838131334,-0.0742418930639,-0.0173260222597,True
13095,654,15,0.457879087487,False,0.058618692639,True,-0.049973439496,-0.07834273418010002,-0.019724041541,True
13096,654,16,0.8585390214740001,False,0.056774321347500004,True,-0.0472253119611,-0.07461082698680001,-0.0178365056393,True
13097,654,17,0.138610208193,True,0.0545341216425,True,-0.0532428238578,-0.0807599028007,-0.0262257811582,True
13098,654,18,0.0103888352956,True,0.056393423045300005,True,-0.0532174910398,-0.0816053240576,-0.025211901012300003,True
13099,654,19,0.127071363842,True,0.0539875354321,True,-0.0475916856008,-0.0747425868154,-0.0207550513834,True
13100,655,0,1.13381627527,False,0.137341299021,False,-0.0939384874888,-0.16511338396199998,-0.027772084941400002,True
13101,655,1,24.3678699544,False,0.105339946435,False,-0.0322718974239,-0.0844288595146,0.020911086920599998,False
13102,655,2,23.9679018948,False,0.08706808492990001,False,-0.029781764728999998,-0.0739620920498,0.013105992880200002,False
13103,655,3,4.52532860184,False,0.07987200997119999,True,-0.047356663849,-0.0881667500282,-0.00829474005702,True
13104,655,4,3.7974964787900003,False,0.0749512177753,True,-0.0466865055629,-0.0844586620081,-0.00950744423281,True
13105,655,5,1.40568156152,False,0.0677883700364,True,-0.0491117751669,-0.0830592227484,-0.015270852712100002,True
13106,655,6,1.4890676873100002,False,0.06502696601869999,True,-0.046435017259099994,-0.07877969575110001,-0.0137527297324,True
13107,655,7,0.9124161261429999,False,0.0632019516981,True,-0.0480080744996,-0.078235998168,-0.0150340464698,True
13108,655,8,0.36729238994999996,False,0.0649481982135,True,-0.056601243331,-0.09002079219310001,-0.0250725939796,True
13109,655,9,0.419062623112,False,0.0606548511235,True,-0.0554042468424,-0.0878223982198,-0.0271675470963,True
13110,655,10,0.267360021876,True,0.05974057399569999,True,-0.05029927928780001,-0.07935108467799999,-0.0196105106822,True
13111,655,11,0.110012588661,True,0.058288050214400006,True,-0.0532685436047,-0.08301619879819999,-0.0247281485838,True
13112,655,12,0.113480986479,True,0.0593864207801,True,-0.0604002012708,-0.0892548504786,-0.029868429698400003,True
13113,655,13,0.0559190326155,True,0.059933143089199996,True,-0.0660120328565,-0.09511619515419999,-0.035183052065,True
13114,655,14,2.35611164952e-05,True,0.057924595165,True,-0.0693003290952,-0.0981890730985,-0.0402644779334,True
13115,655,15,1.20361916871e-08,True,0.0588259127917,True,-0.0709115262654,-0.10194720143300001,-0.0431212886417,True
13116,655,16,1.48042821497e-07,True,0.0584839195327,True,-0.065759030536,-0.0968316983586,-0.0383477788259,True
13117,655,17,1.9506099529600002e-11,True,0.0555353809203,True,-0.0636068678185,-0.09181713584210001,-0.036281754921800004,True
13118,655,18,2.97130084961e-07,True,0.05836628229140001,True,-0.0664111108925,-0.0962658452486,-0.037899562957099994,True
13119,655,19,3.05635083096e-05,True,0.05621712082719999,True,-0.0721720331332,-0.100673965218,-0.0444568443909,True
13120,656,0,23.6658511511,False,0.143942016472,False,-0.0319546804148,-0.10853322770099999,0.035408788771000003,False
13121,656,1,26.461310792800003,False,0.10504569536399999,False,-0.0290031474583,-0.08104390153189998,0.0240017938325,False
13122,656,2,13.8561966054,False,0.0888655299486,False,-0.037421756179,-0.08067672209269999,0.00818880785597,False
13123,656,3,2.87694425198,False,0.07863511572580001,True,-0.051195859136699995,-0.092399240856,-0.013764125130200002,True
13124,656,4,3.9009215851,False,0.07512457102850001,True,-0.0492264460502,-0.08575612830110001,-0.010631557272600001,True
13125,656,5,2.24048561133,False,0.0690718714846,True,-0.0480331271245,-0.0835150906093,-0.0144432191247,True
13126,656,6,5.50654270454,False,0.0674028531706,True,-0.0409808692718,-0.073806699178,-0.006403846007399999,True
13127,656,7,3.04224038629,False,0.065762267365,True,-0.042107137817400005,-0.0785203281493,-0.0127580607843,True
13128,656,8,0.247156904223,True,0.0632665843878,True,-0.054386615002199996,-0.08488059738260001,-0.0216140129948,True
13129,656,9,0.201682804467,True,0.0621430618694,True,-0.056806914963800005,-0.0894884707721,-0.0273454089027,True
13130,656,10,0.844994845913,False,0.0596483089564,True,-0.0501730732479,-0.07828888392910001,-0.0186405749727,True
13131,656,11,0.141098435983,True,0.0589608881548,True,-0.057843886277199996,-0.0872062083875,-0.0282453202328,True
13132,656,12,6.62770089698e-05,True,0.059344784673499996,True,-0.0621438248467,-0.0908382734471,-0.0314934887737,True
13133,656,13,0.04295983350930001,True,0.0579984206704,True,-0.060892922555800005,-0.0898239393898,-0.0318255187194,True
13134,656,14,0.0036459861923800003,True,0.057187199319500004,True,-0.05985127926940001,-0.08751697371139999,-0.030329774391900002,True
13135,656,15,0.00398378055222,True,0.0572705107644,True,-0.056386431268800004,-0.08625325744550001,-0.0289827466811,True
13136,656,16,0.252160789645,True,0.055863860418,True,-0.057362536398,-0.0875757075004,-0.0317118470824,True
13137,656,17,0.260302326398,True,0.057402017243599994,True,-0.05209282928830001,-0.07920124309110001,-0.0217992258476,True
13138,656,18,0.0586735947018,True,0.0574372530636,True,-0.0514828979522,-0.0806976365765,-0.0232603835128,True
13139,656,19,0.0190641336926,True,0.056336179869400003,True,-0.056002106218999995,-0.08507450786010001,-0.028738327990599995,True
13140,657,0,2.84386758073,False,0.140937157588,False,-0.0838614327365,-0.15305075557,-0.012113597982700001,True
13141,657,1,1.19857895608,False,0.103205427508,False,-0.0730991389343,-0.124512974967,-0.0213075474587,True
13142,657,2,4.81300405964,False,0.08932158791339999,False,-0.05056791965580001,-0.09624854369869999,-0.0069269557853100005,True
13143,657,3,4.14628199265,False,0.079702852219,True,-0.049440323674300006,-0.08852652351500001,-0.00882367129603,True
13144,657,4,1.8647223208,False,0.0737128058433,True,-0.053585927668199994,-0.09151229805,-0.0177994922068,True
13145,657,5,0.0274879431977,True,0.06941049938339999,True,-0.0645597879531,-0.100458486719,-0.0310479873355,True
13146,657,6,2.22902523568e-10,True,0.0666217317722,True,-0.0746236436689,-0.107022135279,-0.0404004035073,True
13147,657,7,3.75916863995e-16,True,0.06545605658169999,True,-0.0749771089962,-0.108988198973,-0.043532142391099996,True
13148,657,8,3.27727337603e-29,True,0.0607185034046,True,-0.0923492356805,-0.12401273073699999,-0.0632942273327,True
13149,657,9,4.03964155422e-07,True,0.0643688671061,True,-0.07778650429289999,-0.111581457471,-0.0472125903648,True
13150,657,10,8.03021397309e-13,True,0.059859027680599995,True,-0.0742266822216,-0.10387094907700001,-0.0440119213963,True
13151,657,11,2.01305505958e-06,True,0.0588044456541,True,-0.064746018689,-0.0943945793871,-0.035590133733000004,True
13152,657,12,5.4353776715e-08,True,0.0581556914591,True,-0.0631940941617,-0.0922675832261,-0.0341118917671,True
13153,657,13,3.28868010706e-11,True,0.0571561687385,True,-0.0686188808242,-0.0974300684981,-0.0402738997596,True
13154,657,14,5.90194896027e-18,True,0.0575829285447,True,-0.0752485594332,-0.103467481555,-0.0458845530105,True
13155,657,15,2.2647760967800001e-07,True,0.0563316439768,True,-0.0712554349978,-0.0999779798437,-0.043646335866900005,True
13156,657,16,2.4863613104299998e-12,True,0.05803011250969999,True,-0.0705461468764,-0.09932712194860001,-0.0412970094389,True
13157,657,17,1.85141404695e-06,True,0.0568113934222,True,-0.0619440255669,-0.0914886480477,-0.0346772546255,True
13158,657,18,1.6844306064300001e-09,True,0.0561341494989,True,-0.0644618915916,-0.0936302620489,-0.037496112549900006,True
13159,657,19,3.16975233555e-09,True,0.0553976732123,True,-0.06145737887069999,-0.08893342334189999,-0.033535750129700004,True
13160,658,0,29.2857430746,False,0.14120334325300002,False,-0.0169554884787,-0.0865289868128,0.0546743564399,False
13161,658,1,38.3976172494,False,0.10001356352299999,False,-0.0143556410482,-0.064643550514,0.0353700130092,False
13162,658,2,46.9705979404,False,0.0923629590204,False,-0.008930882469499999,-0.056782451262999994,0.0355805077575,False
13163,658,3,33.5197090097,False,0.0826652423474,False,-0.0234422796647,-0.0635628622542,0.0191023800931,False
13164,658,4,36.4891069194,False,0.0767290688572,True,-0.0213156960484,-0.0598958423217,0.016833226535499998,False
13165,658,5,8.96252060264,False,0.0697050208477,True,-0.037667021615400004,-0.0729778575255,-0.00327283667783,True
13166,658,6,2.86082465269,False,0.0643500191153,True,-0.04543511247069999,-0.0777337429902,-0.0133837238748,True
13167,658,7,1.7891600142700002,False,0.0629932928233,True,-0.0431631497122,-0.0733655245157,-0.0103722316924,True
13168,658,8,3.81394407085,False,0.0602858439561,True,-0.0385938871118,-0.0678452543748,-0.00755941041878,True
13169,658,9,11.154843723399999,False,0.0599028947013,True,-0.031911603589400005,-0.0610506091842,-0.0011477144829000001,True
13170,658,10,4.9431145858,False,0.0615216253048,True,-0.037193585892300006,-0.06970243006389999,-0.00818080475906,True
13171,658,11,5.651700560169999,False,0.059265131337199996,True,-0.0350068572515,-0.065003011633,-0.00573788029585,True
13172,658,12,6.5416833849,False,0.0560699226406,True,-0.0335820620314,-0.0612355062631,-0.00516558362251,True
13173,658,13,7.746766539269999,False,0.0582659508603,True,-0.033208034221,-0.061897456361,-0.0036315055007,True
13174,658,14,6.52468775258,False,0.055610386703599995,True,-0.0337764996877,-0.06096720680480001,-0.0053568201012,True
13175,658,15,0.901578909068,False,0.0565956486148,True,-0.0450647103103,-0.0720357531633,-0.0154401045485,True
13176,658,16,0.229929918308,True,0.058887600876699996,True,-0.0540021536388,-0.0844435706047,-0.025555969728000002,True
13177,658,17,0.073797233697,True,0.0581076257385,True,-0.0507675165384,-0.0789901759037,-0.0208825501652,True
13178,658,18,0.549808685631,False,0.0553050472358,True,-0.0488280547237,-0.0755455983019,-0.0202405510661,True
13179,658,19,0.282763879236,True,0.0561484416221,True,-0.0485492076177,-0.0752719837012,-0.019123542079099998,True
13180,659,0,19.7475190122,False,0.144004943371,False,-0.0391089338191,-0.112986070286,0.031018873085500002,False
13181,659,1,0.312211361649,True,0.105342194811,False,-0.08481123909810001,-0.138570494558,-0.0332282997473,True
13182,659,2,0.23283639328800002,True,0.08954559541139999,False,-0.0826207292225,-0.128115384552,-0.038569789140400004,True
13183,659,3,0.0455368870166,True,0.0766682878608,True,-0.07513885769560001,-0.11452245658600001,-0.0378541687249,True
13184,659,4,1.12797738162,False,0.0749538104076,True,-0.05720809568369999,-0.0943342085207,-0.019380398113099998,True
13185,659,5,0.895085464235,False,0.0695366810183,True,-0.05183759683,-0.0870144428161,-0.017477761797799998,True
13186,659,6,1.36126417151,False,0.0670711547674,True,-0.04938102395959999,-0.084185738027,-0.0171145832596,True
13187,659,7,0.46118490742299995,False,0.06358562338320001,True,-0.05511853339119999,-0.0892389983629,-0.025653374979699998,True
13188,659,8,0.23501835054200002,True,0.0625381023815,True,-0.0569697067129,-0.0892854840229,-0.0267473816415,True
13189,659,9,1.39162424034e-05,True,0.0604598918617,True,-0.0638477662981,-0.0925743000209,-0.0321144081593,True
13190,659,10,4.34157658241e-09,True,0.0624315022424,True,-0.07293039844549999,-0.104594098249,-0.0421625960069,True
13191,659,11,1.34898831318e-15,True,0.0594512325972,True,-0.07160559569330001,-0.0998009914388,-0.0403497588416,True
13192,659,12,2.68454091509e-11,True,0.058490318332599996,True,-0.0692789642274,-0.0982383577715,-0.039748039438900006,True
13193,659,13,1.4738833142e-07,True,0.0591158777979,True,-0.07037068311210001,-0.10027710988500001,-0.041161232087599996,True
13194,659,14,2.1737608918500002e-14,True,0.0586771998307,True,-0.07394536759380001,-0.102731781741,-0.0440545819104,True
13195,659,15,1.88496290507e-27,True,0.057598630389999995,True,-0.0777490011907,-0.107529455329,-0.049930824939199994,True
13196,659,16,1.1949236189200002e-20,True,0.058517279824400005,True,-0.07953198112939999,-0.109235286249,-0.050718006425,True
13197,659,17,2.6127546661599998e-17,True,0.057452703070400006,True,-0.0823101100648,-0.10975556774700002,-0.0523028646764,True
13198,659,18,1.54343394649e-34,True,0.0568447183595,True,-0.0852771121703,-0.11394115886499999,-0.0570964405057,True
13199,659,19,5.04568726305e-41,True,0.0542941235204,True,-0.08395102464780001,-0.112084031853,-0.0577899083323,True
13200,660,0,6.947746620810001,False,0.139744697797,False,-0.0656739830723,-0.136121931467,0.00362276632993,False
13201,660,1,6.02223051146,False,0.10369825314600001,False,-0.055720913181999995,-0.10761342507999999,-0.00391517193393,True
13202,660,2,0.48979784611500005,False,0.0881361550309,False,-0.0698389274075,-0.112083034542,-0.0239468795114,True
13203,660,3,0.419540416533,False,0.077903158569,True,-0.0667616006158,-0.107294025844,-0.0293908672753,True
13204,660,4,0.08612673134160001,True,0.0748075612525,True,-0.0696853162478,-0.106260305483,-0.0314527442309,True
13205,660,5,0.341909997561,False,0.0686624140007,True,-0.05960166275809999,-0.09471531803510001,-0.026052904034400002,True
13206,660,6,3.1141389948699997e-07,True,0.06762655425490001,True,-0.07029528827380001,-0.10509141696900001,-0.037464862713699996,True
13207,660,7,0.045024520499800005,True,0.0613795774437,True,-0.0678107244577,-0.099082188665,-0.0377026112214,True
13208,660,8,0.245837374843,True,0.0650391913941,True,-0.0675022522984,-0.101057660623,-0.03601846922930001,True
13209,660,9,0.006130547293,True,0.06108736390030001,True,-0.0606354536372,-0.0905403871322,-0.029453023231900004,True
13210,660,10,0.0880716871317,True,0.060014384622599996,True,-0.061702742248,-0.0907640383763,-0.0307496537537,True
13211,660,11,4.50416571964e-05,True,0.0605267814458,True,-0.0638530890128,-0.09468876814239999,-0.0341619866966,True
13212,660,12,0.024564628791,True,0.0602715843129,True,-0.059759449888000006,-0.0885428197332,-0.028271235420300002,True
13213,660,13,0.00040714284946900006,True,0.058014478334599995,True,-0.0631824928385,-0.0923576451004,-0.034343166765799994,True
13214,660,14,0.00042745694693699994,True,0.058515071339,True,-0.0588034089135,-0.0892775763501,-0.030762505011,True
13215,660,15,0.0209053518224,True,0.0560391513036,True,-0.05890785080080001,-0.08440617088960001,-0.028367019586,True
13216,660,16,7.817910549169999e-06,True,0.0565578725115,True,-0.06451159591559999,-0.0925911143682,-0.036033241856699996,True
13217,660,17,1.45826703026e-06,True,0.056556882599,True,-0.0659235535372,-0.0936119062123,-0.0370550236133,True
13218,660,18,1.52258213641e-12,True,0.05788776630030001,True,-0.07145305938999999,-0.100608028408,-0.042720262107300004,True
13219,660,19,7.9663552805e-17,True,0.0551687204997,True,-0.0695229694251,-0.0989631844091,-0.04379446390930001,True
13220,661,0,30.424086281300003,False,0.140949606599,False,-0.0159107149364,-0.0857247893485,0.0552248172505,False
13221,661,1,22.181287323400003,False,0.10166311192500001,False,-0.034288352042799994,-0.0855478230727,0.0161152888523,False
13222,661,2,50.93951126140001,False,0.090241253309,False,-0.00981875093639,-0.055354660440100005,0.034886592868800005,False
13223,661,3,26.3817668512,False,0.0813197695619,False,-0.027029040441900003,-0.0680368710949,0.013282898467,False
13224,661,4,3.6391245768300005,False,0.07293526266210001,True,-0.0461557398606,-0.08381473843989999,-0.0108794757778,True
13225,661,5,4.78020257513,False,0.071339705653,True,-0.043514034471199996,-0.0802241344184,-0.008884428765459999,True
13226,661,6,1.56986699715,False,0.067988819694,True,-0.049895935264800004,-0.0821949039552,-0.0142060842612,True
13227,661,7,1.8541286626099998,False,0.06563785575780001,True,-0.046842674131399996,-0.0801442911514,-0.014506435393600001,True
13228,661,8,0.00438379015287,True,0.0619911041244,True,-0.057647521471199996,-0.0870192259935,-0.025028121869099997,True
13229,661,9,0.179859095736,True,0.0630827501757,True,-0.054375260104099994,-0.0843389837543,-0.021256233578599997,True
13230,661,10,0.116462359139,True,0.0598017993023,True,-0.0568493557142,-0.08885941887039998,-0.0290576195682,True
13231,661,11,0.0678700187097,True,0.05872243997880001,True,-0.0550428347641,-0.08467806285070001,-0.0259556228719,True
13232,661,12,0.0668508875595,True,0.05925688817480001,True,-0.062033333615600005,-0.09160202644780001,-0.0323451382729,True
13233,661,13,0.105666887693,True,0.0584567112027,True,-0.0664975201155,-0.0960493217921,-0.037592610589400006,True
13234,661,14,1.7884851225499998e-17,True,0.0583781405283,True,-0.0712304455221,-0.102030214764,-0.0436520742359,True
13235,661,15,1.3877387481e-10,True,0.0577199465445,True,-0.07098161368030001,-0.100911409135,-0.043191462590899996,True
13236,661,16,1.7027263377099998e-11,True,0.0572406339586,True,-0.070535279871,-0.100342146489,-0.043101512530399996,True
13237,661,17,1.68877129739e-07,True,0.059541090137099996,True,-0.072868211017,-0.102432452634,-0.0428913624969,True
13238,661,18,2.09477077256e-10,True,0.057372015748699996,True,-0.0757424432721,-0.103530121106,-0.046158105357599996,True
13239,661,19,1.32603432126e-21,True,0.0560918955132,True,-0.0750796545759,-0.103137042941,-0.0470451474273,True
13240,662,0,31.5122496432,False,0.140798012396,False,0.011299483078100001,-0.061132954346599995,0.0796650580496,False
13241,662,1,24.224925532199997,False,0.10020624590800001,False,-0.029189100573299997,-0.0827175987333,0.017488647175,False
13242,662,2,15.130646248699998,False,0.08965509530600001,False,-0.036270421156,-0.0850049468475,0.004650148458529999,False
13243,662,3,4.68950879621,False,0.0799426240481,True,-0.0472276948001,-0.0880144259312,-0.00807180188313,True
13244,662,4,0.640368344587,False,0.0771242500756,True,-0.058847978648199996,-0.09792599992730001,-0.0208017498517,True
13245,662,5,0.0513260671764,True,0.0691275059985,True,-0.0649722238387,-0.0993916188964,-0.030264112898,True
13246,662,6,0.13100705874399998,True,0.0680844783375,True,-0.06234593281169999,-0.0963446778082,-0.028260199470700003,True
13247,662,7,0.406293206752,False,0.067528166034,True,-0.058065357224900006,-0.09199186075310001,-0.0244636947191,True
13248,662,8,0.360335514555,False,0.060385824661300005,True,-0.049040280014,-0.0803201711516,-0.0199343464903,True
13249,662,9,0.952641833206,False,0.062978274368,True,-0.0461846300581,-0.07815865258969999,-0.0151803782216,True
13250,662,10,1.5471954031,False,0.060112844594,True,-0.0442331123695,-0.07369656833800001,-0.013583723744000001,True
13251,662,11,1.4964885275,False,0.05984950872880001,True,-0.0442220630671,-0.0735147299924,-0.013665221263600001,True
13252,662,12,0.553168651206,False,0.0557538938659,True,-0.047604915141500004,-0.0760005050802,-0.0202466112143,True
13253,662,13,0.00832879740827,True,0.0576408504169,True,-0.053820008792,-0.0817935313252,-0.0241526809083,True
13254,662,14,0.319213535655,True,0.0599447994051,True,-0.0492330129985,-0.0781306455678,-0.0181858461627,True
13255,662,15,0.306371374593,True,0.0578410372994,True,-0.052546702889400006,-0.08042134559150001,-0.0225803082922,True
13256,662,16,0.11032071196399999,True,0.059282996951699994,True,-0.0550156601057,-0.0833899159116,-0.0241069189599,True
13257,662,17,0.055809289059,True,0.0565513796038,True,-0.056928583392400006,-0.08626157768880001,-0.0297101980849,True
13258,662,18,0.0798611746057,True,0.057579906467199994,True,-0.056133640070400004,-0.08610141140349999,-0.0285215049362,True
13259,662,19,0.00010966848727700001,True,0.056841666038600004,True,-0.05545009574680001,-0.0830102616026,-0.026168595564000002,True
13260,663,0,25.685769341,False,0.13822617032,False,-0.0279419500648,-0.0981758896202,0.040050280699999996,False
13261,663,1,45.144589729799996,False,0.106742975138,False,-0.0041409608565,-0.05427968817369999,0.052463286964300006,False
13262,663,2,9.161908833370001,False,0.0890958790102,False,-0.0429628427951,-0.08771491681150001,0.0013809621987899998,False
13263,663,3,2.93529278335,False,0.0755749471541,True,-0.047599878422300006,-0.0862686476797,-0.0106937005256,True
13264,663,4,4.44419122981,False,0.07443831492889999,True,-0.0451472417828,-0.0832240508893,-0.00878573596042,True
13265,663,5,2.23741798293,False,0.0707236611446,True,-0.048983940169000005,-0.085865839155,-0.015142178010400001,True
13266,663,6,4.3329842532,False,0.0659301916912,True,-0.0405735676914,-0.07407216573599999,-0.00814197404486,True
13267,663,7,15.714937575899999,False,0.06628106975459999,True,-0.0293703287646,-0.0640891240563,0.00219194569831,False
13268,663,8,4.88655820185,False,0.0625019482726,True,-0.0375757637726,-0.0709381283673,-0.00843618009465,True
13269,663,9,3.3535134471399997,False,0.06163540547140001,True,-0.0409167889685,-0.071461811938,-0.00982640646666,True
13270,663,10,3.7989515294,False,0.0605070058084,True,-0.0398535066483,-0.07087237651650001,-0.010365370708100001,True
13271,663,11,3.97148597928,False,0.059358798740300006,True,-0.0375910447021,-0.066063290433,-0.00670449169274,True
13272,663,12,4.77932225394,False,0.0590008420592,True,-0.0361698552375,-0.0661134484956,-0.00711260643638,True
13273,663,13,12.202037121400002,False,0.058240413253899996,True,-0.0297109572022,-0.057646857779299995,0.0005935554746,False
13274,663,14,16.2508001992,False,0.0592921382537,True,-0.0283757032583,-0.0579561493657,0.00133598888802,False
13275,663,15,16.3426535698,False,0.0555603066548,True,-0.0262693592206,-0.0545912898003,0.0009690168545099999,False
13276,663,16,18.723635748299998,False,0.057077656137699995,True,-0.0256030019547,-0.053835429480999994,0.00324222665662,False
13277,663,17,12.430312748299999,False,0.055725685222800005,True,-0.0283794214899,-0.05504863249369999,0.000677052729059,False
13278,663,18,5.87114851993,False,0.054910904709199994,True,-0.0334014422636,-0.0618087188572,-0.006897814147929999,True
13279,663,19,3.15300884013,False,0.0558391394443,True,-0.0379152353034,-0.0673057021033,-0.011466562659,True
13280,664,0,29.1135087327,False,0.143203655582,False,-0.0229827272099,-0.0954565251211,0.0477471304605,False
13281,664,1,35.238658344099996,False,0.10567061031500001,False,-0.0176240751475,-0.0673543067593,0.0383163035553,False
13282,664,2,30.1867546938,False,0.08902625312439999,False,-0.024822419506,-0.06954286233939999,0.019483390785000002,False
13283,664,3,11.212957888900002,False,0.07891132463339999,True,-0.0379127118474,-0.0766952370702,0.00221608756311,False
13284,664,4,33.790106187199996,False,0.07559439430989999,True,-0.0212542644205,-0.056435276079699996,0.0191591182302,False
13285,664,5,14.335312735,False,0.0720334760221,True,-0.0335556204888,-0.0686139833777,0.00341949264445,False
13286,664,6,18.3606848792,False,0.0676743966106,True,-0.028612928719200004,-0.060682711721,0.0069916848896,False
13287,664,7,20.2911302678,False,0.06474040716479999,True,-0.027001706112,-0.05867504218880001,0.00606536497603,False
13288,664,8,1.7239703581599999,False,0.0644581770102,True,-0.04462517627669999,-0.0769386166495,-0.012480439639299998,True
13289,664,9,0.180708259249,True,0.0630889352071,True,-0.05488364879509999,-0.0864185219772,-0.023329586769999997,True
13290,664,10,0.0405453444749,True,0.0622772913741,True,-0.0611719535391,-0.0920467556164,-0.0297694642423,True
13291,664,11,0.00304128980034,True,0.0597194016995,True,-0.0650822282348,-0.09443453394310002,-0.0347151322436,True
13292,664,12,0.025034590579300003,True,0.05958805653969999,True,-0.058670082033900006,-0.0895762731662,-0.0299882166265,True
13293,664,13,0.10547771919,True,0.058023033430199995,True,-0.0557235283471,-0.08543515377739999,-0.0274121203472,True
13294,664,14,0.0838956038133,True,0.0586392798492,True,-0.0536896423872,-0.08273002105819999,-0.024090741209,True
13295,664,15,0.308056816448,True,0.0584239805253,True,-0.050098998551199994,-0.07940416714700001,-0.0209801866217,True
13296,664,16,0.00010313261125499999,True,0.0572142322141,True,-0.0596850680885,-0.0904917305714,-0.0332774983572,True
13297,664,17,6.7222005493e-06,True,0.056028054497600004,True,-0.06299995926,-0.09256216071739999,-0.0365341062198,True
13298,664,18,0.00274087219125,True,0.055788828779300005,True,-0.059303365743899994,-0.0877076329546,-0.0319188041753,True
13299,664,19,0.054066023838499996,True,0.055886168774199996,True,-0.0548672931621,-0.0833171661627,-0.027430997388499998,True
13300,665,0,0.7901219182610001,False,0.13719710003,False,-0.10066676890000001,-0.170119336529,-0.0329222364988,True
13301,665,1,0.5435068147550001,False,0.103988716795,False,-0.0767785202292,-0.12475526299699999,-0.020766546201799997,True
13302,665,2,0.188818460784,True,0.0869648631522,False,-0.07419560148860001,-0.120299216644,-0.033334353492,True
13303,665,3,0.914927719211,False,0.080044212446,False,-0.06687118706680001,-0.10631502873500001,-0.0262708162887,True
13304,665,4,0.835414039184,False,0.0741248630049,True,-0.06065004600459999,-0.0970320292015,-0.0229071661966,True
13305,665,5,0.619676862622,False,0.0724325880795,True,-0.0571576843248,-0.0934462002292,-0.0210136121497,True
13306,665,6,0.0174141761311,True,0.0667752200938,True,-0.0618199102604,-0.09604741832589998,-0.0292721982321,True
13307,665,7,0.24200102503600002,True,0.0643051442085,True,-0.0564313304839,-0.0893680382735,-0.025062894065,True
13308,665,8,1.1109063888600001,False,0.061169047972,True,-0.0489935285543,-0.0801902103708,-0.0190211623989,True
13309,665,9,0.797746755356,False,0.059942652201300003,True,-0.0468438447828,-0.07731984369419999,-0.017377191492900002,True
13310,665,10,0.973838598104,False,0.060854609354,True,-0.0502034883751,-0.08134594836539999,-0.020491339011400003,True
13311,665,11,0.7442230551960001,False,0.060073938854,True,-0.048586210157500004,-0.0774123411333,-0.0173384022792,True
13312,665,12,0.223728905677,True,0.0620120961378,True,-0.054386705590300004,-0.0856336379971,-0.023621541859300002,True
13313,665,13,0.198360687792,True,0.060485639190300006,True,-0.052265336813,-0.0815524241431,-0.0210667849528,True
13314,665,14,0.210231667968,True,0.060738729951,True,-0.0505257378969,-0.08011290531189999,-0.0193741753609,True
13315,665,15,0.067527376541,True,0.057761246003800004,True,-0.0581757576134,-0.08678339464510001,-0.0290221486413,True
13316,665,16,0.0028818500706,True,0.057799876400600005,True,-0.058630795146399996,-0.0891067274968,-0.0313068510962,True
13317,665,17,1.5120607170699998e-07,True,0.055274194954900005,True,-0.0591298732992,-0.0867756530028,-0.0315014580479,True
13318,665,18,0.279916295963,True,0.058246244643900005,True,-0.053384098256599996,-0.0830151834503,-0.024768938806500003,True
13319,665,19,1.6621996523100003e-12,True,0.054001101037300006,True,-0.0664771834318,-0.0937874855311,-0.0397863844937,True
13320,666,0,6.13594005835,False,0.141897857987,False,-0.0682369574242,-0.143051658099,-0.00115380011151,True
13321,666,1,6.49651898018,False,0.10476052929,False,-0.0547852605394,-0.10659716870100001,-0.0018366394109800002,True
13322,666,2,24.0876464316,False,0.0908837971963,False,-0.0299397292504,-0.0751283191929,0.015755478003400002,False
13323,666,3,13.0464955544,False,0.0785278920803,True,-0.036593943979300006,-0.0743310409493,0.00419685113093,False
13324,666,4,8.38592750935,False,0.0748629804203,True,-0.0395715181148,-0.0760393669619,-0.0011763865416099999,True
13325,666,5,0.941964595402,False,0.06897463097689999,True,-0.0553050852142,-0.08958980199729999,-0.0206151710203,True
13326,666,6,1.5180459004799998,False,0.0677716763375,True,-0.051091138462500005,-0.0847444220723,-0.0169727457348,True
13327,666,7,0.049356988705,True,0.063044206503,True,-0.0583740787237,-0.0910632020601,-0.0280189955571,True
13328,666,8,0.0630616650584,True,0.0632431558315,True,-0.0530094153409,-0.085589309633,-0.022346153801500002,True
13329,666,9,1.70360958225,False,0.06056347804690001,True,-0.043051060966999996,-0.0738582212236,-0.0132947431767,True
13330,666,10,4.06477943444,False,0.0609268919582,True,-0.0383259015529,-0.0686952863196,-0.00776839436136,True
13331,666,11,2.8577378245599996,False,0.0596268426894,True,-0.0396350072398,-0.0701675161945,-0.0105406735051,True
13332,666,12,1.5513910908000001,False,0.0595152556508,True,-0.0430781645991,-0.0726808860313,-0.0131656303805,True
13333,666,13,2.7905522147400004,False,0.057696581987,True,-0.0379275171615,-0.06458827305819999,-0.006891691071189999,True
13334,666,14,3.3509595137400003,False,0.05528946172450001,True,-0.0370068977331,-0.06529033669980001,-0.010000874975299999,True
13335,666,15,3.0930287887400003,False,0.0554661303194,True,-0.0374408143746,-0.0651897317077,-0.00972360138835,True
13336,666,16,0.7123416776639999,False,0.054660004885,True,-0.04511055091019999,-0.0725594901746,-0.0178994852897,True
13337,666,17,0.7546498954369999,False,0.0579348113607,True,-0.047611972373599994,-0.0747514877668,-0.0168166764061,True
13338,666,18,0.471826011014,False,0.0567639235296,True,-0.045903642823199996,-0.07284589106530001,-0.0160819675357,True
13339,666,19,1.2201425346299999,False,0.0586988361773,True,-0.0461376909665,-0.0743141520047,-0.0156153158275,True
13340,667,0,15.9740728874,False,0.139427262478,False,-0.0465798520464,-0.117277054253,0.022150208224299996,False
13341,667,1,46.1173985571,False,0.103647731042,False,-0.00597415646369,-0.060295076454800006,0.0433526545871,False
13342,667,2,44.4070283924,False,0.08925063664489999,False,-0.0144304488397,-0.0580896887153,0.0311609479296,False
13343,667,3,28.5739188124,False,0.0804323009662,False,-0.0237995134588,-0.0631942370491,0.017238063917099998,False
13344,667,4,15.2355169265,False,0.0744211602798,True,-0.0325099233177,-0.0699375676143,0.00448359266557,False
13345,667,5,15.9132944489,False,0.0681387123141,True,-0.030759424386,-0.0640081235706,0.0041305887434999996,False
13346,667,6,48.9735360656,False,0.06873246988960001,True,-0.0151387096401,-0.04734834564780001,0.0213841242419,False
13347,667,7,22.018502255100003,False,0.0648707322993,True,-0.027697790602599998,-0.0593183748864,0.0055523574129599995,False
13348,667,8,4.21542137484,False,0.0620433946294,True,-0.039558117986,-0.071737122654,-0.00969372802459,True
13349,667,9,2.4713761558700003,False,0.062062983396800005,True,-0.042789139154599996,-0.07325573697019999,-0.011192753573399999,True
13350,667,10,1.55009002933,False,0.0626396658949,True,-0.0440154015266,-0.07489129758169999,-0.0122516316868,True
13351,667,11,9.11112035579,False,0.060180743284400005,True,-0.0327680203756,-0.0613123956878,-0.00113165240343,True
13352,667,12,2.28843091137,False,0.057433189316800005,True,-0.0402748831025,-0.0679954039206,-0.010562214603799998,True
13353,667,13,2.92052932667,False,0.0570196831676,True,-0.03940041392180001,-0.067043999487,-0.0100243163194,True
13354,667,14,2.38087800414,False,0.056969133648699995,True,-0.0405533351089,-0.0678262357724,-0.010857102123799998,True
13355,667,15,0.402564642267,False,0.0529538378795,True,-0.041931416864199995,-0.06809343361890001,-0.0151395957393,True
13356,667,16,0.23451808233399998,True,0.057189198685999997,True,-0.0480424035935,-0.07511946972780001,-0.0179302710418,True
13357,667,17,0.169855480005,True,0.0567682013712,True,-0.0550384575851,-0.08263915499310001,-0.025870953621900002,True
13358,667,18,0.06097745455609999,True,0.054892909311800006,True,-0.0616581617448,-0.08740889652010002,-0.0325159872083,True
13359,667,19,8.897296062330001e-10,True,0.0582992639325,True,-0.0676070078064,-0.0968860560183,-0.0385867920858,True
13360,668,0,33.4087623057,False,0.144611748679,False,-0.0047691042078699996,-0.0788183910705,0.0657933576085,False
13361,668,1,13.5637121759,False,0.10564768191099999,False,-0.04339451360169999,-0.0936352307359,0.012012451174700001,False
13362,668,2,2.11987200743,False,0.0878255713652,False,-0.0582608167495,-0.103979555239,-0.0161539838737,True
13363,668,3,0.5535962243779999,False,0.08227909714250001,False,-0.0668021594257,-0.10922037400999998,-0.026941276867,True
13364,668,4,0.615904240396,False,0.0737368787443,True,-0.05743278272530001,-0.09257008543369999,-0.018833206689400004,True
13365,668,5,0.320989510947,True,0.07117335917739999,True,-0.060005828883999995,-0.09416470366350001,-0.022991344486099997,True
13366,668,6,0.0020865435268399997,True,0.0677888884834,True,-0.0701619666296,-0.103569994836,-0.0357811063523,True
13367,668,7,0.100889472376,True,0.0664354411627,True,-0.06622121741050001,-0.100803355021,-0.03436791385830001,True
13368,668,8,0.0670700334832,True,0.0632850403699,True,-0.0575575641663,-0.0886942815015,-0.025409241131599997,True
13369,668,9,0.0062141087711700006,True,0.0620899627879,True,-0.0601176625145,-0.0909961237262,-0.0289061609382,True
13370,668,10,0.03494059464719999,True,0.0603621587368,True,-0.0597233571679,-0.0898370643262,-0.029474905589400004,True
13371,668,11,0.171634600188,True,0.061449229733100005,True,-0.0632265750484,-0.0956372427375,-0.034188013004400004,True
13372,668,12,0.005506449938930001,True,0.057479712769,True,-0.06497729872460001,-0.0928157751533,-0.0353360623843,True
13373,668,13,0.0167224251312,True,0.0595730772289,True,-0.061020311671099996,-0.0910676162554,-0.0314945390265,True
13374,668,14,4.61095114969e-05,True,0.0576127062108,True,-0.06315692364889999,-0.09401063987950001,-0.0363979336687,True
13375,668,15,0.00230282220416,True,0.056961260439999994,True,-0.0602778557904,-0.0902607174393,-0.0332994569993,True
13376,668,16,0.08765758795169999,True,0.057956725910800005,True,-0.0583414224051,-0.08641245493180001,-0.028455729021,True
13377,668,17,0.00681577708218,True,0.0581380713176,True,-0.060999072172600005,-0.08954773625700001,-0.0314096649394,True
13378,668,18,0.0254922095151,True,0.0573881165208,True,-0.0581995924611,-0.08577360669260001,-0.0283854901718,True
13379,668,19,2.80036181694e-06,True,0.0538060307485,True,-0.0609830688784,-0.0871961646646,-0.0333901339161,True
13380,669,0,24.3961440842,False,0.139832677597,False,-0.0293010881409,-0.0988439117036,0.0409887658931,False
13381,669,1,33.6533647049,False,0.106128469429,False,-0.0215433230525,-0.0740846781905,0.0320437912387,False
13382,669,2,18.8240316686,False,0.0879137250135,False,-0.0338633884219,-0.0780294229622,0.009884302051340001,False
13383,669,3,7.41675647916,False,0.0793900719785,True,-0.041813791356,-0.0808531634343,-0.0014630914557999999,True
13384,669,4,30.872233744899997,False,0.07169035203810001,True,-0.023247007858199997,-0.0591756003271,0.012514751711,False
13385,669,5,31.6810115447,False,0.0679182724312,True,-0.0225701185381,-0.0568301559984,0.0110881164328,False
13386,669,6,21.7702581831,False,0.0680261119252,True,-0.0274546847463,-0.06276614447750001,0.0052599674477,False
13387,669,7,11.072476133399999,False,0.0658915982725,True,-0.0344191489343,-0.0674387691224,-0.0015471708498800002,True
13388,669,8,6.35285357608,False,0.0633408968172,True,-0.0365874078979,-0.0678626041044,-0.00452170728716,True
13389,669,9,12.3710312297,False,0.061713553648800004,True,-0.03171609709,-0.0626473955567,-0.0009338419079900001,True
13390,669,10,12.9521479832,False,0.0576488787699,True,-0.0295291540945,-0.057473685595000004,0.000175193174935,False
13391,669,11,27.499577469200002,False,0.059948517648300004,True,-0.02207456644,-0.049605819684800004,0.0103426979635,False
13392,669,12,18.6409366267,False,0.0583709949075,True,-0.0268271168865,-0.0546840360259,0.00368695888162,False
13393,669,13,11.6009145348,False,0.0582483322771,True,-0.030736045188199997,-0.060065362555300005,-0.00181703027825,True
13394,669,14,11.0994037525,False,0.06026372021319999,True,-0.0312160043764,-0.06201710231919999,-0.0017533821059200001,True
13395,669,15,14.9118133871,False,0.0553129031774,True,-0.0270021806123,-0.054093571351899995,0.00121933182549,False
13396,669,16,4.91776520601,False,0.05708748190809999,True,-0.0364632150432,-0.0661951833983,-0.00910770149015,True
13397,669,17,4.34596332716,False,0.056958120743500006,True,-0.0361255162109,-0.06263281063019999,-0.005674689886729999,True
13398,669,18,2.96288579922,False,0.056536930216199995,True,-0.0374762048592,-0.0651129856684,-0.00857605545211,True
13399,669,19,1.74679492058,False,0.0567910886143,True,-0.0417022634592,-0.0693119644081,-0.0125208757938,True
13400,670,0,28.8544503639,False,0.143634839383,False,0.0204698433746,-0.047396301859400004,0.0962385375235,False
13401,670,1,35.173497804499995,False,0.104277016551,False,-0.0200212469971,-0.0737518583858,0.030525158165099996,False
13402,670,2,40.594899440300004,False,0.08785252883330001,False,-0.018167802304400002,-0.0653282780343,0.022524250798999997,False
13403,670,3,12.9301219603,False,0.0797058928683,True,-0.0368297175541,-0.07786949383,0.00183639903836,False
13404,670,4,11.8302696965,False,0.0743790608523,True,-0.0354256128102,-0.073933205531,0.00044585532126999996,False
13405,670,5,3.08971340218,False,0.0713892709675,True,-0.045566028223,-0.0810890902203,-0.00969981925281,True
13406,670,6,2.00409176029,False,0.0673816639965,True,-0.0473196560377,-0.08058957088839999,-0.013207906891999998,True
13407,670,7,2.16607365995,False,0.0649238525336,True,-0.0465817107913,-0.0791000492187,-0.0141761966851,True
13408,670,8,0.014245981785799998,True,0.061550650136199994,True,-0.0637777746307,-0.0949633474653,-0.033412697329099995,True
13409,670,9,1.5299748420499998e-07,True,0.060261845470699994,True,-0.06779412475190001,-0.09896558707900001,-0.0387037416084,True
13410,670,10,7.53620114779e-05,True,0.0612436346127,True,-0.06937703158410001,-0.0986738099499,-0.0374301753372,True
13411,670,11,3.95539703609e-15,True,0.0587143917485,True,-0.0725354265838,-0.10351760975600001,-0.044803218008,True
13412,670,12,9.061360693200001e-08,True,0.0596997330659,True,-0.0734096912458,-0.10341930997300001,-0.0437195769076,True
13413,670,13,7.66740408674e-25,True,0.0560622231219,True,-0.0758829168547,-0.10525699424799999,-0.0491947711256,True
13414,670,14,4.8065521327099995e-08,True,0.059668004339699994,True,-0.07799697718069999,-0.107237392774,-0.0475693884342,True
13415,670,15,6.049231789450001e-13,True,0.05887613880419999,True,-0.0695123343795,-0.0974775291904,-0.038601390386300005,True
13416,670,16,3.45986216604e-14,True,0.056417017669500004,True,-0.07359989327580001,-0.100679992732,-0.0442629750627,True
13417,670,17,5.0179244398e-17,True,0.0573346288082,True,-0.07356104902310001,-0.102842019804,-0.0455073909956,True
13418,670,18,2.1771683252400003e-10,True,0.0565875490218,True,-0.0712458991587,-0.10030288596300001,-0.043715336941,True
13419,670,19,3.9075198829e-32,True,0.056709901924599994,True,-0.0784926487817,-0.10804095571399999,-0.051331053789099995,True
13420,671,0,27.790592575199998,False,0.14261330173800002,False,-0.0238167271075,-0.09448767339360001,0.0481256283447,False
13421,671,1,14.9962216656,False,0.10172970862,False,-0.0415661158654,-0.0937980147008,0.00793169391954,False
13422,671,2,2.53466110266,False,0.09130564495030001,False,-0.05809208651600001,-0.10333627065300001,-0.0120306257024,True
13423,671,3,3.59304018738,False,0.08003379891960001,False,-0.0495743238959,-0.09127455299889999,-0.0112407540793,True
13424,671,4,0.24042085814,True,0.0748008969575,True,-0.072090333147,-0.10841287616800001,-0.0336119792107,True
13425,671,5,0.9129763197840001,False,0.0687013931343,True,-0.0523096997815,-0.08727968524469999,-0.018578292110299998,True
13426,671,6,2.6661065874200003,False,0.0660100093453,True,-0.043923661952900005,-0.07817496527119999,-0.0121649559259,True
13427,671,7,3.77292316982,False,0.0667946454896,True,-0.043334159178,-0.0783985450785,-0.011603899588899999,True
13428,671,8,6.661292005549999,False,0.06370292666369999,True,-0.0364921743623,-0.0681320282723,-0.00442910160865,True
13429,671,9,5.62423515705,False,0.060851797968699994,True,-0.0361630747458,-0.0663296811553,-0.005477883186529999,True
13430,671,10,0.822096313799,False,0.0612940918237,True,-0.049678085740900005,-0.08070573867519999,-0.0194116468515,True
13431,671,11,3.15791233713,False,0.061094195612,True,-0.0417139170024,-0.0738389389741,-0.0127447433621,True
13432,671,12,0.30563383288400003,True,0.0582035330569,True,-0.0520550314553,-0.0806558882075,-0.022452355150599998,True
13433,671,13,0.0004492499012180001,True,0.0566528666539,True,-0.057882128982800006,-0.08621050382300001,-0.0295576371691,True
13434,671,14,0.10933362849000001,True,0.0572355926905,True,-0.0544568445291,-0.0841529866756,-0.026917393985099996,True
13435,671,15,0.071756155794,True,0.059033813420000004,True,-0.0560636440895,-0.08629789430160001,-0.027264080881699997,True
13436,671,16,0.00146294928521,True,0.057881556393599994,True,-0.0593036017307,-0.0906099905177,-0.0327284341241,True
13437,671,17,0.019542094585200002,True,0.0561742621749,True,-0.0576888591132,-0.0861549970082,-0.029980734833299997,True
13438,671,18,1.00097235139e-06,True,0.0563391579394,True,-0.0625826604508,-0.09079659476780001,-0.034457436828300006,True
13439,671,19,7.35041933209e-11,True,0.055482453268400005,True,-0.0697496779175,-0.0960864465562,-0.040603993287800004,True
13440,672,0,27.648404863099998,False,0.140390643139,False,-0.0221789177789,-0.0904187269122,0.049971916226900004,False
13441,672,1,26.4465317539,False,0.10381268204800001,False,-0.0286056225133,-0.0776024522035,0.0262102298446,False
13442,672,2,34.827079375,False,0.089002020483,False,-0.021466358151700005,-0.0642241524089,0.0247778680742,False
13443,672,3,38.0310120631,False,0.0799757264836,True,-0.0197656735915,-0.0591091629225,0.020866563561099997,False
13444,672,4,23.704452582,False,0.07326640978849999,True,-0.0281605488319,-0.0653815956181,0.00788481417043,False
13445,672,5,12.2181540296,False,0.0691261204368,True,-0.034930128602900005,-0.0690632619917,6.28584450997e-05,False
13446,672,6,45.492408732799994,False,0.0672475126701,True,-0.0154075041665,-0.0501849983468,0.0170625143233,False
13447,672,7,23.853568156399998,False,0.06357074754150001,True,-0.025782177100900004,-0.0567026486449,0.00686809889662,False
13448,672,8,20.96172636,False,0.06457229715599999,True,-0.025938378692200004,-0.0560041508694,0.00856814628657,False
13449,672,9,11.3913352819,False,0.060682349229199996,True,-0.0317409779569,-0.060638996804800005,4.33524243782e-05,False
13450,672,10,7.89012694732,False,0.0617877001719,True,-0.035032705961099996,-0.0649470078537,-0.00315930768181,True
13451,672,11,4.7683439776,False,0.060065895801599996,True,-0.03707726228219999,-0.0654036988031,-0.00533780300145,True
13452,672,12,5.16283493669,False,0.059609139889900006,True,-0.0366717834667,-0.0682869180309,-0.008677778141,True
13453,672,13,2.48464939194,False,0.057091188035900006,True,-0.0394995815861,-0.06688008799089999,-0.00978889995508,True
13454,672,14,0.620209621369,False,0.056467570385600005,True,-0.0439050380229,-0.0709913192605,-0.0145237488749,True
13455,672,15,0.8435990053910001,False,0.0583689344772,True,-0.0464092821992,-0.0759343703927,-0.0175654359155,True
13456,672,16,1.3492895249099999,False,0.05824406416180001,True,-0.0438373980121,-0.0735887974953,-0.0153447333335,True
13457,672,17,0.37692436689900005,False,0.0563633030066,True,-0.048895295449599994,-0.0770206788435,-0.020657375837,True
13458,672,18,0.180969249016,True,0.0555599343855,True,-0.0526305063634,-0.079654351442,-0.0240944170565,True
13459,672,19,0.0191554928292,True,0.055768967231099996,True,-0.0521418216931,-0.08042189019019999,-0.024652922959099998,True
13460,673,0,15.9817150035,False,0.141643601699,False,-0.0462286263683,-0.11663384815300001,0.025009753546099998,False
13461,673,1,30.412356360100002,False,0.105720296137,False,-0.027118940656599998,-0.080101070145,0.025619225992000002,False
13462,673,2,49.6788085141,False,0.0865087511982,False,-0.0122726838737,-0.0571811183832,0.029327632815,False
13463,673,3,22.9522446701,False,0.0776002419329,True,-0.0291844756952,-0.0674415339893,0.0101587079435,False
13464,673,4,20.3834953222,False,0.07361509889949999,True,-0.029017219783400005,-0.0628124712288,0.010802627670700001,False
13465,673,5,26.010504440100004,False,0.0688098593005,True,-0.0250932131368,-0.0598616999476,0.00894815935285,False
13466,673,6,6.81771734827,False,0.0661643970469,True,-0.037437430456199995,-0.0717824344752,-0.005618037428239999,True
13467,673,7,7.5372191159,False,0.0675717724837,True,-0.0369296466614,-0.0700141761688,-0.00244240368506,True
13468,673,8,8.90950914028,False,0.0638347728253,True,-0.0354572584071,-0.066497003607,-0.00266223078169,True
13469,673,9,1.53228542096,False,0.0601418175855,True,-0.043732896354900005,-0.0735889082247,-0.0134470906392,True
13470,673,10,0.631191074586,False,0.058855159708900005,True,-0.047059125536,-0.0759668134269,-0.017111653718,True
13471,673,11,0.508027990886,False,0.059810290515900005,True,-0.046479559673499996,-0.0772287340117,-0.0174184434958,True
13472,673,12,0.44143396174599997,False,0.0583327253899,True,-0.04576697260819999,-0.074155937237,-0.015823211847099998,True
13473,673,13,0.12529862436,True,0.0579223576987,True,-0.051306139753199996,-0.0794393208776,-0.0215169631789,True
13474,673,14,0.520047771753,False,0.057100045478999994,True,-0.0475279228759,-0.07613899386510001,-0.019038948386099996,True
13475,673,15,0.44277823586000004,False,0.0586177353901,True,-0.047884833898300005,-0.0786994491238,-0.0200817137337,True
13476,673,16,0.708864854417,False,0.0566028055499,True,-0.0437115029674,-0.07336580136910001,-0.0167629958192,True
13477,673,17,0.0215943889786,True,0.0573358209173,True,-0.05303442583330001,-0.08213985793999999,-0.024804037022700003,True
13478,673,18,0.391417416893,False,0.0552449101449,True,-0.055279162933,-0.0829767057019,-0.027731795556999998,True
13479,673,19,0.0820669777835,True,0.0547011122777,True,-0.0537863600994,-0.0815749739867,-0.026873861708900004,True
13480,674,0,28.208539771599998,False,0.142662648787,False,-0.0211677878585,-0.0908237428741,0.051838905912899996,False
13481,674,1,19.8267830508,False,0.10279269057700001,False,-0.035043085244,-0.08632894669010001,0.0164637438867,False
13482,674,2,21.5202747553,False,0.08562212021610001,False,-0.0316564207737,-0.0742047887058,0.011417331510299998,False
13483,674,3,23.0195248461,False,0.0766077325244,True,-0.028336638591700002,-0.0660407431367,0.010566989387700001,False
13484,674,4,23.494698,False,0.0719946187814,True,-0.0279341997921,-0.0640411314793,0.00795348730205,False
13485,674,5,26.658822143000002,False,0.0704223903565,True,-0.025432595923900004,-0.059423103402899996,0.0109992869536,False
13486,674,6,9.20893392495,False,0.065337005967,True,-0.035285823331699995,-0.0685201393571,-0.0031831333901,True
13487,674,7,5.882996315340001,False,0.06642922074850001,True,-0.039047035708499996,-0.0748942968482,-0.00846507609972,True
13488,674,8,4.79796762079,False,0.06541863101869999,True,-0.038796983821099994,-0.0708751817471,-0.00545655072846,True
13489,674,9,0.344098487097,False,0.060235124818599994,True,-0.0491755264078,-0.0793049551678,-0.0190698303492,True
13490,674,10,0.654925966629,False,0.0619479110683,True,-0.0476593001829,-0.080408667023,-0.018460755954700002,True
13491,674,11,3.66812276194,False,0.057474897357,True,-0.0375884879634,-0.06617362920099999,-0.00869873184406,True
13492,674,12,2.4773202114900004,False,0.058610544634,True,-0.041694048959,-0.0714385950116,-0.0128280503776,True
13493,674,13,0.650869853513,False,0.059592646212800006,True,-0.0460750876074,-0.07537361927910001,-0.0157809730663,True
13494,674,14,0.569922649827,False,0.0573961657116,True,-0.048205081409099994,-0.0780219539062,-0.0206257881946,True
13495,674,15,0.746709495212,False,0.056210262087,True,-0.044622256144699994,-0.0709764321465,-0.0147661700596,True
13496,674,16,0.218855407704,True,0.0553201907448,True,-0.04902765164200001,-0.07602288251910001,-0.0207026917744,True
13497,674,17,0.072179930416,True,0.0557392560154,True,-0.051963383067800004,-0.0819905469172,-0.0262512909018,True
13498,674,18,0.00561671433067,True,0.05583693672230001,True,-0.0579067323291,-0.0872834254073,-0.0314464886849,True
13499,674,19,2.0197599077e-11,True,0.05650597460390001,True,-0.06692763299980001,-0.096200715715,-0.0396947411111,True
13500,675,0,32.3066325637,False,0.144785821249,False,0.00891270879065,-0.06612162366209999,0.0786641975868,False
13501,675,1,29.2676140509,False,0.103289983199,False,-0.0254176920989,-0.0821825053909,0.021107477808,False
13502,675,2,3.7001217053800004,False,0.08995000346830001,False,-0.054235425719300005,-0.10014771357100001,-0.0101977101026,True
13503,675,3,4.1650429204699995,False,0.0808235510974,False,-0.048408699643400006,-0.0864692150884,-0.005645663991,True
13504,675,4,7.97829629964,False,0.07514664022539999,True,-0.0395258130426,-0.07760246665289999,-0.00245582642745,True
13505,675,5,5.45589836798,False,0.0681495836833,True,-0.041117316805,-0.0751489854286,-0.00699940174528,True
13506,675,6,0.7653258173019999,False,0.0661953010431,True,-0.0540189881837,-0.08729406312820001,-0.021098762085099997,True
13507,675,7,0.38881553729999996,False,0.0668413885755,True,-0.059141411735399996,-0.09071379049139999,-0.0238724019159,True
13508,675,8,0.290740905053,True,0.06329854427579999,True,-0.0525939456872,-0.0859254846552,-0.022626940379400003,True
13509,675,9,0.874941530188,False,0.06270614925819999,True,-0.0477699520562,-0.0793071713278,-0.0166010220695,True
13510,675,10,0.514610609359,False,0.061552775827299996,True,-0.0509437005135,-0.0804224946854,-0.0188697188582,True
13511,675,11,9.47785527106e-06,True,0.061056405266699997,True,-0.06540558076519999,-0.0944256850076,-0.0333692797409,True
13512,675,12,0.180628627178,True,0.0607740013009,True,-0.0580930889669,-0.0886180717568,-0.027844070455900004,True
13513,675,13,0.016230649399999998,True,0.058140034691300004,True,-0.0566635348133,-0.086930109334,-0.0287900746427,True
13514,675,14,0.07451488173239999,True,0.0598281350119,True,-0.0581701699228,-0.08727280104489998,-0.027444666033,True
13515,675,15,0.0576629819272,True,0.0587396045816,True,-0.056677152083599996,-0.0851508714913,-0.0264112669098,True
13516,675,16,0.024068877700299997,True,0.0589260573535,True,-0.05722580479119999,-0.08539533395030001,-0.0264692765969,True
13517,675,17,2.74469902456e-07,True,0.055048195857800006,True,-0.058123415230300006,-0.086077923695,-0.0310297278372,True
13518,675,18,4.9118171915199997e-08,True,0.055726355872,True,-0.0653715873515,-0.0936110519815,-0.0378846961096,True
13519,675,19,0.0784220006377,True,0.056589449712699996,True,-0.06237829380919999,-0.08905652520230001,-0.0324670754896,True
13520,676,0,28.9519438164,False,0.14201266760700001,False,-0.020668099919200003,-0.0941051259457,0.0479075416611,False
13521,676,1,30.894853569099997,False,0.10353591958999998,False,-0.0248125033616,-0.07619152808060001,0.0273443915094,False
13522,676,2,34.0193907572,False,0.08515698806369999,False,-0.0229302698284,-0.06611511532980001,0.019041872733799998,False
13523,676,3,12.0401582451,False,0.0836073000188,False,-0.037618767328,-0.07614213681780001,0.00746516320098,False
13524,676,4,17.469178913,False,0.07247430700799999,True,-0.0315093486312,-0.0681701898072,0.00430411720086,False
13525,676,5,41.9230327256,False,0.0716689971543,True,-0.0188159217517,-0.0565911704747,0.0150778266796,False
13526,676,6,25.53879253,False,0.0660807474752,True,-0.024880439318599998,-0.0581031523646,0.00797759511054,False
13527,676,7,8.77369050563,False,0.0639990420331,True,-0.0339634664403,-0.06729760920660001,-0.0032985671735500004,True
13528,676,8,6.148419812490001,False,0.0649243518366,True,-0.0371736242035,-0.0707935812971,-0.0058692294605,True
13529,676,9,6.84333952411,False,0.06157167850959999,True,-0.0358496220228,-0.0674799701258,-0.00590829161612,True
13530,676,10,1.8176262575400002,False,0.0603746247935,True,-0.041666108302,-0.0714773822794,-0.0111027574859,True
13531,676,11,1.57678283734,False,0.061765905922499996,True,-0.04240395515869999,-0.0734879312384,-0.011722025315900001,True
13532,676,12,0.568949737741,False,0.058681665703499995,True,-0.0468451076688,-0.07697121635439999,-0.018289550651,True
13533,676,13,0.504207599277,False,0.0566945034131,True,-0.0455866746368,-0.0739545201569,-0.0172600167438,True
13534,676,14,4.2023315127,False,0.0560054560816,True,-0.037128456009699995,-0.0655092979205,-0.00950384183888,True
13535,676,15,4.09194964083,False,0.05965701318580001,True,-0.0385127810643,-0.0692102665426,-0.009553253356790001,True
13536,676,16,6.196600415619999,False,0.0580915723065,True,-0.03474038048980001,-0.0621741204025,-0.004082548095969999,True
13537,676,17,0.681249165246,False,0.0577142952394,True,-0.0460896300485,-0.07543690936530001,-0.0177226141259,True
13538,676,18,0.18269723532,True,0.0559379816589,True,-0.05417979334430001,-0.08289060707019999,-0.0269526254113,True
13539,676,19,0.15938239351800002,True,0.0579127488118,True,-0.051171416755099994,-0.08073983116410001,-0.022827082352400004,True
13540,677,0,7.318385576980001,False,0.140512709279,False,-0.0669306780537,-0.134844480633,0.0056682286457900005,False
13541,677,1,0.836720840773,False,0.101983190792,False,-0.0749399470329,-0.123565527107,-0.021582336315000002,True
13542,677,2,0.250939681659,True,0.09059521503560002,False,-0.0776531530132,-0.120620276169,-0.0300250611334,True
13543,677,3,1.10975015134,False,0.08028325396939999,False,-0.0618060386429,-0.10155959983999999,-0.0212763458703,True
13544,677,4,0.458345371943,False,0.0732447834602,True,-0.0605490500947,-0.09712007276589998,-0.023875289305699997,True
13545,677,5,0.35107102261100004,False,0.0716751300189,True,-0.0612952657509,-0.0975382307322,-0.025863100713299995,True
13546,677,6,0.9155962220389999,False,0.0655888596323,True,-0.0539036655755,-0.0874146550307,-0.021825795398400002,True
13547,677,7,0.358311506515,False,0.0649528530324,True,-0.0536768111392,-0.0859065410372,-0.020953688004700002,True
13548,677,8,4.51780938108,False,0.060839848463199994,True,-0.0389040406155,-0.0698151234794,-0.00897527501623,True
13549,677,9,1.7398785972400002,False,0.0623788778785,True,-0.044606978154499995,-0.0754992921543,-0.013120414275700001,True
13550,677,10,0.0786715102291,True,0.060367905618400004,True,-0.0539487852197,-0.08429672632190001,-0.0239288207035,True
13551,677,11,0.216991265097,True,0.060099630897399996,True,-0.052265949617099995,-0.0841440423511,-0.0240444114537,True
13552,677,12,0.35220869990500003,False,0.0591530125592,True,-0.0508041692564,-0.08027908261960001,-0.021126070060299998,True
13553,677,13,0.279754467176,True,0.0571333678111,True,-0.049784020266699994,-0.0778908420954,-0.0207574742844,True
13554,677,14,0.635623485139,False,0.0576659094811,True,-0.050475440518100004,-0.07870801429289999,-0.0210421048118,True
13555,677,15,0.23901547236200002,True,0.0551313525865,True,-0.0537369445475,-0.0819027175981,-0.0267713650116,True
13556,677,16,0.0015865678734400001,True,0.0576417942664,True,-0.057662724791,-0.08478379192989999,-0.027141997663500003,True
13557,677,17,0.149282010375,True,0.057907730123,True,-0.0510278868917,-0.08006894582360001,-0.0221612157006,True
13558,677,18,1.30795091049e-11,True,0.05397362080799999,True,-0.0649274353421,-0.09203266727369999,-0.0380590464657,True
13559,677,19,3.00025244925e-11,True,0.055894852827699994,True,-0.0734928750282,-0.101418755569,-0.0455239027415,True
13560,678,0,11.25816217,False,0.139847150463,False,-0.054814928643699995,-0.124768995321,0.015078155142000001,False
13561,678,1,3.79895047323,False,0.10151385005,False,-0.0584084179214,-0.11110756411900001,-0.00959371406918,True
13562,678,2,6.41747857591,False,0.08836661851330001,False,-0.048272834004300005,-0.0907548795267,-0.00238826101348,True
13563,678,3,1.9476059413900002,False,0.078642742978,True,-0.0556631566105,-0.09537144102949999,-0.0167286980516,True
13564,678,4,0.000449138851808,True,0.0759885038746,True,-0.0747358525165,-0.11309490106100001,-0.0371063971864,True
13565,678,5,0.0724350745295,True,0.070508047621,True,-0.0780005143555,-0.114529808446,-0.0440217608251,True
13566,678,6,0.10983140760500001,True,0.0681267818436,True,-0.0621427526678,-0.09568817658949999,-0.0275613947459,True
13567,678,7,4.801504936509999e-09,True,0.0646667291541,True,-0.0706289610742,-0.10382825402200001,-0.0391615248679,True
13568,678,8,0.0146718696293,True,0.0625804959142,True,-0.0683797944217,-0.09951922561200001,-0.0369387296978,True
13569,678,9,0.000532667033008,True,0.0611390134238,True,-0.0626736912488,-0.09236413092630001,-0.031225117502599996,True
13570,678,10,1.39419488446e-08,True,0.062217908285800004,True,-0.0695996049165,-0.10120432311699999,-0.038986414831500005,True
13571,678,11,0.00348040928931,True,0.059126763318499996,True,-0.06534955580580001,-0.0949850164106,-0.035858253092,True
13572,678,12,6.89382940954e-09,True,0.0599570668497,True,-0.071319344222,-0.10194881948899999,-0.0419917526393,True
13573,678,13,2.56741251065e-11,True,0.0593250805906,True,-0.0757152433488,-0.10471027988800001,-0.045385199296900006,True
13574,678,14,1.3844616077500002e-14,True,0.059164399688999995,True,-0.0705450156457,-0.10051780533299999,-0.0413534056444,True
13575,678,15,3.9400437125300004e-07,True,0.0567042805105,True,-0.0654247842588,-0.09299100788289999,-0.036286727372400004,True
13576,678,16,3.06188328755e-15,True,0.0559544229289,True,-0.07112554067719999,-0.0980087775685,-0.04205435463959999,True
13577,678,17,7.43311691984e-07,True,0.0574240470517,True,-0.065012239311,-0.0952995183293,-0.037875471277699996,True
13578,678,18,4.07760305376e-14,True,0.0564695849754,True,-0.0697160103849,-0.100566131799,-0.0440965468234,True
13579,678,19,6.2172238739e-28,True,0.0550880409172,True,-0.07753649300649999,-0.106515602455,-0.051427561538300005,True
13580,679,0,31.7343451938,False,0.14368174625299998,False,-0.013865989141500001,-0.0866451340846,0.0570366121681,False
13581,679,1,28.4053161436,False,0.10802107408600001,False,-0.0255248402163,-0.08089601156000001,0.0271250625256,False
13582,679,2,35.6066479251,False,0.08706346769439999,False,-0.0222414924658,-0.06682499988509999,0.0202384678094,False
13583,679,3,11.0336374694,False,0.0791060800043,True,-0.0381013853077,-0.0784971496232,0.000608930381173,False
13584,679,4,12.748696447,False,0.0763448325573,True,-0.03551885686819999,-0.0713057738842,0.005039058673100001,False
13585,679,5,2.49850737393,False,0.07028301085869999,True,-0.046857146943699995,-0.08108290972139999,-0.0107998988628,True
13586,679,6,12.6080533698,False,0.0668278733425,True,-0.0321492826801,-0.0652701547317,0.0015577186108,False
13587,679,7,16.8257979782,False,0.0634381872675,True,-0.029253532267400004,-0.0608744062895,0.00256378097798,False
13588,679,8,25.4172824484,False,0.0612305535934,True,-0.025082786125500002,-0.0571019465209,0.00412860707252,False
13589,679,9,14.838364478399999,False,0.06196413102559999,True,-0.0303950070047,-0.0612060378431,0.0007580931825119999,False
13590,679,10,18.908684522999998,False,0.058707127346400004,True,-0.026467340787499998,-0.056315607937500005,0.00239151940894,False
13591,679,11,18.173211199100002,False,0.0601280120097,True,-0.027916027521700002,-0.0580184615165,0.00210955049326,False
13592,679,12,4.91145710484,False,0.0593720046416,True,-0.036845292261,-0.06527139675480001,-0.00589939211318,True
13593,679,13,5.73267723249,False,0.058904116397199995,True,-0.0354529775853,-0.0648972130903,-0.0059930966931,True
13594,679,14,6.19754766326,False,0.056577949464499996,True,-0.0342799519732,-0.0627793804178,-0.006201430953290001,True
13595,679,15,1.06432708666,False,0.05583634839169999,True,-0.0421623668238,-0.0696684590347,-0.013832110642899999,True
13596,679,16,2.3424989690999998,False,0.056846016146900005,True,-0.0387028667275,-0.06715220214499999,-0.010306185998,True
13597,679,17,0.152865446779,True,0.055631980398699994,True,-0.0472075779802,-0.0744872589773,-0.018855278578599997,True
13598,679,18,1.24693637382,False,0.057200346568499996,True,-0.04071215998,-0.0695660231044,-0.0123656765359,True
13599,679,19,1.02676869129,False,0.0540637319428,True,-0.043311354167800006,-0.0693063527042,-0.0152426207614,True
13600,680,0,32.6854096806,False,0.142638998421,False,-0.00338588065235,-0.0789429005629,0.06369609785830001,False
13601,680,1,29.1145700402,False,0.105567714167,False,-0.026436810387800002,-0.07602588598019999,0.029541828187,False
13602,680,2,48.0171966079,False,0.0892491745399,False,-0.010386686477799998,-0.057408835350099996,0.0318403391898,False
13603,680,3,43.099985706700004,False,0.0792440874213,True,-0.017045280051599998,-0.059333288953300006,0.019910798468,False
13604,680,4,10.780274198599999,False,0.0758631832856,True,-0.0374170896576,-0.0751301426998,0.000733040585783,False
13605,680,5,16.0888690046,False,0.06979370618530001,True,-0.0320171412028,-0.0653515400744,0.004442166110939999,False
13606,680,6,9.238464039610001,False,0.0678754909087,True,-0.0354741367383,-0.0693226382338,-0.0014471473251,True
13607,680,7,8.24171696384,False,0.0651357138929,True,-0.0363072837201,-0.06885623659260001,-0.00372052269963,True
13608,680,8,7.564307953280001,False,0.0656426388182,True,-0.03619393747,-0.0695092509811,-0.00386661216292,True
13609,680,9,8.98351513497,False,0.062300395758400004,True,-0.0329431810086,-0.0650718097607,-0.00277141400226,True
13610,680,10,7.403804483689999,False,0.0603730988793,True,-0.0348564270496,-0.0644468266488,-0.00407372776948,True
13611,680,11,2.49931329072,False,0.05851239907380001,True,-0.0401544558363,-0.0694794431679,-0.0109670440941,True
13612,680,12,1.97749291993,False,0.05784847059780001,True,-0.0418132198961,-0.0716733242853,-0.0138248536875,True
13613,680,13,3.38732276858,False,0.060620180721699994,True,-0.040335466233,-0.0686079572518,-0.00798777653007,True
13614,680,14,1.42063636667,False,0.058600336332800006,True,-0.0428888402002,-0.0724022059595,-0.0138018696267,True
13615,680,15,0.212968034141,True,0.057291304914300005,True,-0.05196313039059999,-0.080376988388,-0.023085683473700002,True
13616,680,16,0.00235453267713,True,0.055591275454699995,True,-0.0532617856436,-0.082387744457,-0.026796469002400004,True
13617,680,17,0.0627139320395,True,0.056046574609699994,True,-0.0536469466469,-0.0826853743754,-0.0266387997657,True
13618,680,18,0.0319711440759,True,0.0563641101366,True,-0.0552519078703,-0.0826544816669,-0.026290371530299998,True
13619,680,19,2.34434730669e-05,True,0.0554524471019,True,-0.0596366132972,-0.0866595749091,-0.031207127807200002,True
13620,681,0,23.278472404899997,False,0.139959032857,False,-0.031781019564099997,-0.09958762183900001,0.0403714110183,False
13621,681,1,44.925400144300006,False,0.10675463151100001,False,-0.00267384066643,-0.0561342487533,0.0506203827573,False
13622,681,2,53.347641071400005,False,0.0869063376942,False,-0.00230132966858,-0.0455777879885,0.0413285497058,False
13623,681,3,54.3754955892,False,0.08390172487639999,False,-0.008405026438279999,-0.050193380399900005,0.0337083444765,False
13624,681,4,44.5457300757,False,0.0750551162633,True,-0.0159973932833,-0.0516234911563,0.023431625107,False
13625,681,5,61.328899631800006,False,0.06991683628289999,True,-0.00885292407477,-0.0425021125224,0.0274147237605,False
13626,681,6,47.4492084026,False,0.0656996076827,True,-0.0156465692705,-0.048948736607800004,0.0167508710749,False
13627,681,7,45.958526854,False,0.0658555204311,True,-0.0157370289144,-0.04716421978,0.0186913006512,False
13628,681,8,21.7931470509,False,0.0640695403302,True,-0.026387303447500003,-0.0584451368018,0.00562440352839,False
13629,681,9,39.041072694499995,False,0.060198348370900004,True,-0.0186954412338,-0.0481257861103,0.0120725622606,False
13630,681,10,66.6253022465,False,0.0596993716367,True,-0.00804534432581,-0.038061865378099996,0.0216375062586,False
13631,681,11,50.387794243500004,False,0.05823019121780001,True,-0.0154529346236,-0.0445629720484,0.013667219169399999,False
13632,681,12,55.7430448338,False,0.058504990569400006,True,-0.0132684347526,-0.042332397362800006,0.0161725932067,False
13633,681,13,81.5676624925,False,0.05502697247069999,True,-0.00487048698023,-0.0327696968108,0.0222572756599,False
13634,681,14,68.9771347483,False,0.05909676508719999,True,-0.0091226820721,-0.0381968642235,0.020899900863700003,False
13635,681,15,41.5859959269,False,0.058923148503,True,-0.0174165457378,-0.0476393751061,0.0112837733968,False
13636,681,16,41.7845491898,False,0.05792580950140001,True,-0.017139564660100002,-0.0450242702471,0.0129015392542,False
13637,681,17,45.00494109939999,False,0.05560211123980001,True,-0.0165456548343,-0.043310089005199996,0.0122920222346,False
13638,681,18,28.391808301399998,False,0.0555249897976,True,-0.021218924584499997,-0.050700453899,0.004824535898520001,False
13639,681,19,25.5795064231,False,0.0567574475004,True,-0.0235003917236,-0.0522892711352,0.00446817636511,False
13640,682,0,0.642262071687,False,0.142222741263,False,-0.103311841554,-0.17316326252999997,-0.030940521266900004,True
13641,682,1,0.5497837447380001,False,0.106426497179,False,-0.0823833509685,-0.138496031269,-0.0320695340898,True
13642,682,2,1.3641144330700001,False,0.0856681602205,False,-0.0607741020283,-0.103538611271,-0.0178704510505,True
13643,682,3,0.389980797258,False,0.0807614018493,False,-0.0645736106491,-0.106748792805,-0.025987390955599998,True
13644,682,4,0.150969082039,True,0.0767710182605,True,-0.06762810946179999,-0.105909168844,-0.0291381505834,True
13645,682,5,1.2417609460899999,False,0.070286124553,True,-0.0524666938683,-0.08929509175180002,-0.0190089671988,True
13646,682,6,0.12322960322799999,True,0.0645456430236,True,-0.0647501595914,-0.09745625524939999,-0.032910612225799996,True
13647,682,7,0.0296833187923,True,0.0640123287079,True,-0.06645013489280001,-0.099811682673,-0.0357993539651,True
13648,682,8,0.102707255185,True,0.062477905402300006,True,-0.0722492955178,-0.103116345044,-0.0406384396418,True
13649,682,9,1.56515718595e-08,True,0.0634277336035,True,-0.07265007093760001,-0.106831078781,-0.0434033451774,True
13650,682,10,1.95653746304e-05,True,0.0620399254823,True,-0.0671138988345,-0.09597540427500001,-0.0339354787927,True
13651,682,11,0.08543325766610001,True,0.0605437680775,True,-0.064148588923,-0.0924021594215,-0.0318583913441,True
13652,682,12,0.14972849085999998,True,0.058572313969099996,True,-0.0597985981482,-0.0892683084488,-0.0306959944797,True
13653,682,13,0.110493574862,True,0.058681648649199995,True,-0.05799731707880001,-0.0877423322423,-0.029060683593099997,True
13654,682,14,8.85970900527e-07,True,0.056761589065899995,True,-0.0595548416756,-0.0870229467367,-0.0302613576707,True
13655,682,15,4.79079290091e-06,True,0.057311801487600005,True,-0.0607100927276,-0.0891319684503,-0.0318201669627,True
13656,682,16,0.038669354426599994,True,0.0545635692199,True,-0.061048369373599996,-0.08780158959319999,-0.033238020373299995,True
13657,682,17,5.77134753097e-07,True,0.0569393767867,True,-0.061075940874,-0.0914428200708,-0.034503443284,True
13658,682,18,0.0046793560820000005,True,0.056710182187199996,True,-0.0597245150846,-0.08818722734710001,-0.031477045159900005,True
13659,682,19,0.005480411666950001,True,0.055753632131400006,True,-0.0582045020018,-0.08649512386399999,-0.0307414917326,True
13660,683,0,8.17070134178,False,0.138972050647,False,-0.06124335068990001,-0.12900677748,0.009965273166860002,False
13661,683,1,11.8162527582,False,0.106028062052,False,-0.0444540573714,-0.0979427524168,0.008085309635199999,False
13662,683,2,17.4801548374,False,0.088226051099,False,-0.034434804828300004,-0.0773845253242,0.010841525774900001,False
13663,683,3,10.8795202018,False,0.0791776270425,True,-0.0377138458358,-0.0779257564062,0.0012518706363900001,False
13664,683,4,4.06319552536,False,0.07470533253360001,True,-0.0471286239423,-0.08435738700660002,-0.00965205447295,True
13665,683,5,0.7227953016609999,False,0.07033866988969999,True,-0.0572016066845,-0.0933534802757,-0.023014810386,True
13666,683,6,1.22312584605,False,0.06633208938889999,True,-0.0491791408745,-0.0817965973399,-0.015464507951,True
13667,683,7,1.6329497581299999,False,0.0639135750871,True,-0.04696790671540001,-0.0773240627453,-0.0134104876582,True
13668,683,8,0.163317116792,True,0.0630799125861,True,-0.0581629948125,-0.0902191128263,-0.027139200240199998,True
13669,683,9,0.0419665484288,True,0.0621680150157,True,-0.060868549395000006,-0.09083648306,-0.0286684680444,True
13670,683,10,6.19090032494e-08,True,0.059445594447200004,True,-0.06539275300099999,-0.0950596743289,-0.0356140798817,True
13671,683,11,1.26560772396e-07,True,0.058573437280900004,True,-0.0699923275845,-0.100877826197,-0.0423043889164,True
13672,683,12,6.60237868049e-11,True,0.0580293637196,True,-0.0701946859492,-0.0997705232611,-0.041741159541500004,True
13673,683,13,7.156150626089999e-13,True,0.059456870633500004,True,-0.07549972037760001,-0.10412230604,-0.0446654354061,True
13674,683,14,3.31269775784e-09,True,0.0567838051004,True,-0.0673761427928,-0.09679210853360001,-0.04000830343319999,True
13675,683,15,3.04314893912e-08,True,0.057775294021,True,-0.067953125142,-0.0962466692395,-0.0384713752185,True
13676,683,16,8.826179288430001e-07,True,0.0581916869745,True,-0.0683383277943,-0.09750099244539999,-0.0393093054709,True
13677,683,17,5.03764809572e-09,True,0.0558898747822,True,-0.0639337992059,-0.0906603680655,-0.0347704932832,True
13678,683,18,0.0008739190027270001,True,0.053553241713100004,True,-0.0632395323836,-0.0897275029956,-0.0361742612825,True
13679,683,19,0.000876932889396,True,0.0569778914204,True,-0.0634327182029,-0.0932937186366,-0.0363158272162,True
13680,684,0,11.1466938105,False,0.13697525652599998,False,-0.0564144361909,-0.126149903925,0.010825352601299998,False
13681,684,1,34.0968978178,False,0.105634844475,False,-0.0211340705254,-0.0768193934144,0.028815451060900003,False
13682,684,2,35.089049329,False,0.086701891549,False,-0.0221233822595,-0.0647250195519,0.0219768719971,False
13683,684,3,21.3083383968,False,0.0817656142758,False,-0.029788843204600002,-0.07046920719619999,0.0112964070796,False
13684,684,4,22.9843860768,False,0.0725507462973,True,-0.027482980673599996,-0.0650992763645,0.00745146993273,False
13685,684,5,11.9705017465,False,0.071951863602,True,-0.0343872157954,-0.07104627704130001,0.000905586560653,False
13686,684,6,1.50238996877,False,0.06495398222519999,True,-0.046489286688199995,-0.0781719828889,-0.013218000663700002,True
13687,684,7,2.6643146510099998,False,0.0643843789649,True,-0.043088665942599996,-0.07423323055060001,-0.00984885158565,True
13688,684,8,14.324490618199999,False,0.06422265771430001,True,-0.0311367042419,-0.0653289649813,-0.00110630726693,True
13689,684,9,19.9727090911,False,0.060277508355199995,True,-0.0269121311474,-0.056390008394400004,0.00388749996076,False
13690,684,10,35.5006921309,False,0.0591682783419,True,-0.019317795677900002,-0.046840822722800005,0.012327455619000002,False
13691,684,11,33.8865395938,False,0.0594253812505,True,-0.020901899402299997,-0.0519658988423,0.00745948240821,False
13692,684,12,38.1363552784,False,0.05996767737000001,True,-0.0181935225536,-0.0480408263684,0.011926851001600002,False
13693,684,13,42.7521286546,False,0.058713508563,True,-0.0173275808823,-0.0448864294116,0.0138270791514,False
13694,684,14,39.3941434093,False,0.057811001575499996,True,-0.0182827136415,-0.0475460346354,0.010264966940100002,False
13695,684,15,25.0365975411,False,0.0555366692052,True,-0.022989566225400004,-0.049454108517199995,0.00608256068794,False
13696,684,16,11.180941750999999,False,0.057240165142,True,-0.0301329828195,-0.059056442010399994,-0.0018162768683800002,True
13697,684,17,4.76617920879,False,0.0563237241766,True,-0.035870572029,-0.063738229853,-0.007414505676420001,True
13698,684,18,4.0610505513,False,0.0574080015068,True,-0.0361069926116,-0.06463657286709999,-0.007228571360319999,True
13699,684,19,5.08128867511,False,0.055474586718800005,True,-0.034467357739400004,-0.0617196772755,-0.006245090556720001,True
13700,685,0,32.4201189069,False,0.137258255741,False,0.0021707564524800003,-0.06583682891890001,0.0714214268222,False
13701,685,1,45.4588606142,False,0.10460958615299999,False,-0.00512936963585,-0.058492813396300004,0.0461167727565,False
13702,685,2,49.8956219238,False,0.0882312653842,False,-0.0101815612668,-0.055658335091199995,0.032572930293,False
13703,685,3,50.517998374399994,False,0.0769317112102,True,-0.012620709230799998,-0.0514511122232,0.025480598987,False
13704,685,4,25.815896047,False,0.075273984019,True,-0.026757968070799998,-0.06373580205780001,0.0115381819612,False
13705,685,5,38.0018077883,False,0.0692033249533,True,-0.0190662687188,-0.051001420400099994,0.0182019045532,False
13706,685,6,25.379539630500002,False,0.0679161473693,True,-0.024630343538099998,-0.0570596418178,0.010856505551499999,False
13707,685,7,24.5135650748,False,0.0645042948077,True,-0.0247029774547,-0.0545533215289,0.00995097327887,False
13708,685,8,12.541692120799999,False,0.061949064171900006,True,-0.0303667956974,-0.0611889671981,0.000760096973768,False
13709,685,9,6.401152381930001,False,0.0622489643649,True,-0.0370372870648,-0.0678924199502,-0.00564345558529,True
13710,685,10,5.551636143400001,False,0.062486379657800004,True,-0.0370666675815,-0.070862517073,-0.00837613741521,True
13711,685,11,1.72809615282,False,0.0558700067186,True,-0.041516180265300004,-0.0680558160499,-0.012185809331200002,True
13712,685,12,0.47119821731600003,False,0.05669737301,True,-0.0489369928871,-0.0774457462083,-0.0207483731983,True
13713,685,13,1.60925818841,False,0.0584451587476,True,-0.043965019404899996,-0.07501744019539999,-0.0165722814477,True
13714,685,14,1.5456366668500001,False,0.05918060455659999,True,-0.043748070154499996,-0.0719582612933,-0.0127776567368,True
13715,685,15,0.19612405160500002,True,0.056750750578600004,True,-0.0476407556231,-0.0759597365742,-0.019208985995599996,True
13716,685,16,0.0040396819926399995,True,0.0561404105215,True,-0.05371401653419999,-0.081817215609,-0.0256768050875,True
13717,685,17,0.052309921699400005,True,0.0570076566964,True,-0.0561173564015,-0.0851296359025,-0.028121979205999997,True
13718,685,18,0.16895787168200002,True,0.0550229611654,True,-0.056898732078300006,-0.0846074523983,-0.0295844912329,True
13719,685,19,3.42127076819e-06,True,0.0536519464168,True,-0.057542224309199995,-0.0848534240148,-0.031201477597900002,True
13720,686,0,36.4021246236,False,0.141167607576,False,0.000391195160198,-0.0720366433398,0.0691309642359,False
13721,686,1,39.5522496068,False,0.105894541884,False,-0.0158128945969,-0.0664198382833,0.0394747036006,False
13722,686,2,32.3955174433,False,0.09035716443660001,False,-0.0239528093128,-0.07059440024960001,0.019762764187,False
13723,686,3,11.6311026697,False,0.08210037817539999,False,-0.0367948289233,-0.0798173291608,0.00228304901468,False
13724,686,4,2.6163999923,False,0.0746755547751,True,-0.0494629780206,-0.0867702776144,-0.0120947228393,True
13725,686,5,1.7491013433200002,False,0.0714734102755,True,-0.048177383140199995,-0.0857194761104,-0.014246065834899999,True
13726,686,6,0.300452593938,True,0.0688841392984,True,-0.0643300052568,-0.098655804073,-0.0297716647746,True
13727,686,7,0.262961183238,True,0.0653339138025,True,-0.054745606733300006,-0.08740786678689999,-0.0220739529843,True
13728,686,8,0.764017825625,False,0.0637454252571,True,-0.0508647302533,-0.08184424575910001,-0.018098820501900002,True
13729,686,9,2.99239014823,False,0.062721617557,True,-0.0430061219118,-0.075243608092,-0.012521990534899998,True
13730,686,10,2.10066414125,False,0.0609771640653,True,-0.046235128017600005,-0.0750931263554,-0.01411596229,True
13731,686,11,0.204449995155,True,0.0598682425249,True,-0.0514089052427,-0.0803943691727,-0.0205261266479,True
13732,686,12,0.9335679059559999,False,0.058275681811,True,-0.0423565202695,-0.0717598777815,-0.0134841959706,True
13733,686,13,0.467588727087,False,0.0581669399962,True,-0.048790052382300005,-0.0782096911924,-0.0200427511962,True
13734,686,14,0.169307139717,True,0.059341061057,True,-0.0544115711376,-0.0847382543313,-0.0253971932743,True
13735,686,15,9.51879288793e-08,True,0.057362875622300004,True,-0.062142483651599995,-0.0898549798809,-0.032492104258599996,True
13736,686,16,3.41246563129e-05,True,0.0554155868779,True,-0.0596603447559,-0.0873777211697,-0.0319621342919,True
13737,686,17,0.0311182704843,True,0.0577947937634,True,-0.0592539353897,-0.08854775691649999,-0.0307529631531,True
13738,686,18,7.75375513204e-05,True,0.0560242470355,True,-0.0621149834931,-0.09233074009770001,-0.0363064930623,True
13739,686,19,6.1403736397e-07,True,0.0576306147239,True,-0.05820556308040001,-0.087262447761,-0.029631833037099996,True
13740,687,0,6.9245615033500005,False,0.14427874897,False,-0.0667566869553,-0.134947966843,0.00933078212684,False
13741,687,1,7.218742010439999,False,0.105421972218,False,-0.054172366740699994,-0.106345988899,-0.000924016680754,True
13742,687,2,10.9998037683,False,0.09122673243589999,False,-0.0415421947804,-0.0902824220344,0.00094431040142,False
13743,687,3,8.098980991880001,False,0.0765229648532,True,-0.0410481089203,-0.07882749839049999,-0.0023045335373,True
13744,687,4,0.47209697915700005,False,0.07268021276160001,True,-0.0578215703048,-0.0924185099133,-0.019738297151699998,True
13745,687,5,1.6973589307199999,False,0.0716968767646,True,-0.0492769459074,-0.0831952417905,-0.0114983650258,True
13746,687,6,1.56959056009,False,0.069109960908,True,-0.0506284790917,-0.0852234858866,-0.0161135249785,True
13747,687,7,2.3140361279,False,0.0676406471451,True,-0.04508446344790001,-0.0764421248678,-0.00880147772267,True
13748,687,8,0.788808609412,False,0.0643821267805,True,-0.0489962917268,-0.0796185374053,-0.015236410624799999,True
13749,687,9,0.650028035872,False,0.0610516568289,True,-0.052707254574999994,-0.0837422803177,-0.0226906234888,True
13750,687,10,0.375664595863,False,0.060538840990399995,True,-0.051852742922400004,-0.0826148535727,-0.0220760125823,True
13751,687,11,0.018197513555,True,0.0603991194757,True,-0.0556169879165,-0.0852766060331,-0.024877486557400002,True
13752,687,12,0.00859822095589,True,0.0601716330454,True,-0.0605100785532,-0.0919101482089,-0.0317385151635,True
13753,687,13,0.002199248855,True,0.0566021289011,True,-0.0571303665357,-0.086335742614,-0.029733613712900002,True
13754,687,14,0.0909103422437,True,0.05442403159630001,True,-0.06107504164,-0.08801476191810001,-0.0335907303218,True
13755,687,15,0.0058834210781399995,True,0.0562098008197,True,-0.0644078388025,-0.0936658733273,-0.0374560725076,True
13756,687,16,0.058086796935999996,True,0.0582529730322,True,-0.0612796194255,-0.090878546534,-0.0326255735019,True
13757,687,17,0.135290064439,True,0.056592187813300006,True,-0.0589755413445,-0.0875498232795,-0.030957635466200003,True
13758,687,18,0.717982830255,False,0.0589519683959,True,-0.05219726771700001,-0.081423371305,-0.022471402909099998,True
13759,687,19,0.381782964668,False,0.0564774042095,True,-0.0481984773779,-0.0739257238888,-0.017448319679400002,True
13760,688,0,34.1591873648,False,0.141002729443,False,0.00195379327796,-0.0680735237658,0.0729292056775,False
13761,688,1,33.9008021963,False,0.10019327707699999,False,-0.024235635882099996,-0.07721768422989998,0.0229755928475,False
13762,688,2,14.8951740821,False,0.0845096195195,False,-0.0358573797582,-0.07717565728789999,0.007333962231600001,False
13763,688,3,23.7392391692,False,0.0789715364407,True,-0.027768093184000003,-0.0666458334554,0.0123257029853,False
13764,688,4,10.3475004234,False,0.07119523529539999,True,-0.0361958613291,-0.07132144138230001,-0.00012620608685500002,True
13765,688,5,5.03278268305,False,0.06933433289919999,True,-0.040909054775900004,-0.0755991066844,-0.0062647737852,True
13766,688,6,5.22757330794,False,0.0657857207477,True,-0.0403700139647,-0.0732406375296,-0.00745491678184,True
13767,688,7,2.1503749369599996,False,0.0646693374359,True,-0.045413468367,-0.0769356298196,-0.0122662923836,True
13768,688,8,1.13804403868,False,0.0615914649156,True,-0.0465594331994,-0.0781284231445,-0.016536958229,True
13769,688,9,0.240745318675,True,0.0603010317935,True,-0.0513751302871,-0.08230447685930001,-0.022003445065799997,True
13770,688,10,0.822039812853,False,0.0619955530465,True,-0.04738765875519999,-0.07707134366769999,-0.015075790621200002,True
13771,688,11,2.7110247276700004,False,0.0607005703929,True,-0.0425610765534,-0.07160147569019999,-0.010900905297299998,True
13772,688,12,1.5642183734900001,False,0.0588217358852,True,-0.043519866234599996,-0.07461988432239999,-0.0157981484372,True
13773,688,13,0.30513675643000004,True,0.0590215326833,True,-0.051372345770300004,-0.08061165565280001,-0.021590122969499997,True
13774,688,14,0.532384030662,False,0.057957199781300005,True,-0.050320208264899996,-0.0790751982533,-0.021117998472,True
13775,688,15,0.0974242902168,True,0.058451265693899995,True,-0.055193206038300004,-0.08288844133489999,-0.0244371756409,True
13776,688,16,0.00404352814691,True,0.0560278853966,True,-0.0602526038871,-0.08630902158199999,-0.030281136185499997,True
13777,688,17,3.62516483662e-09,True,0.0555819152996,True,-0.0667897597754,-0.09488039335550001,-0.0392984780558,True
13778,688,18,1.61582935982e-11,True,0.0567798469631,True,-0.07171612218510001,-0.09944517958080001,-0.042665332617699996,True
13779,688,19,2.48768295648e-08,True,0.0550956576215,True,-0.0714492964789,-0.09810777925650001,-0.043012121635,True
13780,689,0,26.368706306,False,0.138551357726,False,-0.027050801981000003,-0.09826707994030001,0.040284277786,False
13781,689,1,6.245406977819999,False,0.104104205378,False,-0.053770728613300005,-0.10634102229,-0.00223681691162,True
13782,689,2,2.83294818875,False,0.08890312573180001,False,-0.056900310742800005,-0.103755041403,-0.014851915671299998,True
13783,689,3,2.9188547087199996,False,0.0805096799127,False,-0.0527187376865,-0.0914221538847,-0.010912473972,True
13784,689,4,0.627702039221,False,0.0741124665037,True,-0.058816302071000005,-0.09517482555819999,-0.0210623590545,True
13785,689,5,1.00682297385,False,0.0716031207967,True,-0.0569418315776,-0.09171575194739999,-0.0201126311507,True
13786,689,6,0.153995938746,True,0.0684340056981,True,-0.0597420059249,-0.0950452873518,-0.0266112816537,True
13787,689,7,0.247793447044,True,0.0645929622147,True,-0.055037653416999996,-0.0880384808722,-0.0234455186574,True
13788,689,8,0.201269856164,True,0.06650308420789999,True,-0.0647002173302,-0.100413563217,-0.0339104790088,True
13789,689,9,0.0013325428307400002,True,0.0625279217526,True,-0.0633333004904,-0.0947243890626,-0.032196467310000004,True
13790,689,10,0.00181138655237,True,0.0630266083704,True,-0.0685012038624,-0.099584450382,-0.0365578420116,True
13791,689,11,0.0699462035108,True,0.0613460200596,True,-0.0550384572033,-0.0855765443505,-0.024230524290900002,True
13792,689,12,0.280483251627,True,0.0595759577246,True,-0.05468486642130001,-0.0845364646785,-0.0249605069539,True
13793,689,13,0.32458886959100003,True,0.0600811360741,True,-0.0538882032876,-0.0834307696487,-0.0233496335747,True
13794,689,14,0.505307174552,False,0.058729509004300004,True,-0.0512825315873,-0.08132834004089999,-0.0225988310366,True
13795,689,15,2.8468274586999998e-05,True,0.05761690260430001,True,-0.058298993454099994,-0.0855928901636,-0.0279759875593,True
13796,689,16,0.12284136839000001,True,0.0585324688829,True,-0.0600220729477,-0.0881248949653,-0.029592426082299998,True
13797,689,17,2.12389566792e-06,True,0.058282148555199996,True,-0.059376360824199996,-0.0882525995947,-0.0299704510395,True
13798,689,18,6.99689518483e-06,True,0.0568683419013,True,-0.0649144408561,-0.0931149672426,-0.03624662534130001,True
13799,689,19,3.19140159208e-08,True,0.0558701918716,True,-0.0648470171911,-0.092497034034,-0.0366268421624,True
13800,690,0,13.4447338558,False,0.140340537636,False,0.0510910406398,-0.0202924361677,0.120048101469,False
13801,690,1,43.805285796899994,False,0.104652860964,False,0.007657484163140001,-0.045594648720699994,0.05905821224359999,False
13802,690,2,43.8312085597,False,0.08849911218260001,False,-0.014886956971499998,-0.060961836150900006,0.0275372760317,False
13803,690,3,40.8891738246,False,0.080765675285,False,-0.0183188474622,-0.0590912151005,0.021674460184499998,False
13804,690,4,40.7524253498,False,0.07267630515489999,True,-0.019370695584499997,-0.0551050896229,0.017571215532,False
13805,690,5,37.5192861274,False,0.0687392378035,True,-0.0206189051626,-0.055364083411800005,0.0133751543917,False
13806,690,6,24.3017225515,False,0.06954823637860001,True,-0.025174202735,-0.0617872447471,0.0077609916314799994,False
13807,690,7,4.1806825314300005,False,0.0670015975092,True,-0.04220307481359999,-0.077233484228,-0.0102318867189,True
13808,690,8,7.59610016104,False,0.062109451548199995,True,-0.036248426106,-0.0663469213474,-0.004237469799199999,True
13809,690,9,1.23152456706,False,0.063114865264,True,-0.0459068270174,-0.0784026871287,-0.015287821864700001,True
13810,690,10,4.34957108077,False,0.0598567923274,True,-0.035968338203900004,-0.0659015967251,-0.006044804397689999,True
13811,690,11,4.09394509075,False,0.0593852441371,True,-0.0378200988913,-0.06751638249940001,-0.00813113836227,True
13812,690,12,1.43774441179,False,0.059294294943900004,True,-0.0446730788171,-0.07411878812239998,-0.0148244931785,True
13813,690,13,1.7402692169099998,False,0.058708219028900006,True,-0.0431848768223,-0.0734133354408,-0.0147051164119,True
13814,690,14,0.37511495925300004,False,0.057664181084,True,-0.0459939830112,-0.074592147289,-0.016927966205,True
13815,690,15,2.03342630528,False,0.058967606430299996,True,-0.0439392955959,-0.0744762555937,-0.0155086491634,True
13816,690,16,0.17302824857700003,True,0.0578008673629,True,-0.0523716233809,-0.0808351859807,-0.0230343186178,True
13817,690,17,0.1675950474,True,0.0579993070273,True,-0.0574838520137,-0.08516132247199999,-0.0271620154447,True
13818,690,18,0.00394087414292,True,0.056288170681800004,True,-0.0603879467161,-0.08664322786810001,-0.0303550571863,True
13819,690,19,8.741188156169999e-08,True,0.05740723332230001,True,-0.0633853016308,-0.0924177890471,-0.035010555724800003,True
13820,691,0,0.178291592733,True,0.13795514701099998,False,-0.123432926316,-0.193430787163,-0.0554756401518,True
13821,691,1,0.0900340131239,True,0.110780746394,False,-0.09325618713230001,-0.14651294321,-0.0357321968156,True
13822,691,2,0.24267014736499998,True,0.0895919224048,False,-0.0782769252766,-0.125066869112,-0.0354749467075,True
13823,691,3,0.522899463,False,0.0803131504099,False,-0.0668269868522,-0.108208859484,-0.027895709073700002,True
13824,691,4,2.7825984479900003,False,0.0769176860732,True,-0.0498604149989,-0.0893115619987,-0.0123938759255,True
13825,691,5,1.22318644358,False,0.0702253341763,True,-0.0521315082486,-0.0859605586643,-0.015735224488,True
13826,691,6,0.0956164008784,True,0.0675461017384,True,-0.0632512966449,-0.096680159946,-0.0291340582076,True
13827,691,7,1.77478932059,False,0.0641789636629,True,-0.04649106269230001,-0.07621404682180001,-0.0120350831588,True
13828,691,8,3.9908997096699994,False,0.0630802726726,True,-0.0395273343106,-0.07168443896089999,-0.00860416628832,True
13829,691,9,1.14422027249,False,0.061884724793300004,True,-0.0448322844211,-0.07748965685880001,-0.0156049320654,True
13830,691,10,1.13930332785,False,0.0602628845848,True,-0.0457985897683,-0.0762450636657,-0.0159821790809,True
13831,691,11,2.853532449,False,0.060166271410499995,True,-0.0420528384954,-0.0722044669769,-0.0120381955665,True
13832,691,12,2.63483453742,False,0.05841167455080001,True,-0.0404760795786,-0.0710898773257,-0.012678202775000001,True
13833,691,13,2.13610323075,False,0.0576479598216,True,-0.042156374644999994,-0.07243654390530001,-0.0147885840837,True
13834,691,14,3.1248001053600003,False,0.0570779676611,True,-0.0375891885074,-0.0679650909361,-0.010887123274999999,True
13835,691,15,2.94379701204,False,0.0569753205007,True,-0.0401745741703,-0.0672728973868,-0.0102975768862,True
13836,691,16,3.01350848087,False,0.058663546386,True,-0.039258834947800005,-0.06622071287690001,-0.007557166490859999,True
13837,691,17,2.2176439709299998,False,0.0574958192376,True,-0.0407725978574,-0.0693447353151,-0.0118489160775,True
13838,691,18,0.624700379715,False,0.056831706556099995,True,-0.04341872144949999,-0.071785570961,-0.0149538644049,True
13839,691,19,0.388256012546,False,0.0541332292187,True,-0.0481400693338,-0.0742339968867,-0.020100767668,True
13840,692,0,5.53020922267,False,0.13698483342,False,-0.07027394603360002,-0.139589267237,-0.00260443381791,True
13841,692,1,6.61491184079,False,0.104184225701,False,-0.0539450964466,-0.104209909586,-2.56838852877e-05,True
13842,692,2,1.36603398664,False,0.08982594113959999,False,-0.0624012155585,-0.10652203626199999,-0.0166960951221,True
13843,692,3,2.24337132539,False,0.0806070248635,False,-0.0555621647745,-0.0943164955985,-0.013709470735,True
13844,692,4,0.271298672517,True,0.0735436701569,True,-0.061301531850699996,-0.09932866248019999,-0.0257849923233,True
13845,692,5,1.56436377942,False,0.0699181852362,True,-0.0514391389394,-0.0858929302656,-0.015974745029400002,True
13846,692,6,3.57253247927,False,0.0678162518896,True,-0.0419779386602,-0.07459891270810001,-0.00678266081847,True
13847,692,7,2.633517389,False,0.0661938090824,True,-0.0461836124541,-0.0801188543056,-0.0139250452232,True
13848,692,8,2.61659831873,False,0.0653237148644,True,-0.044786700091800004,-0.0771831398063,-0.0118594249418,True
13849,692,9,2.02467676911,False,0.0634569700897,True,-0.0444959390225,-0.0758827026332,-0.0124257325435,True
13850,692,10,0.5074709209539999,False,0.060612916495,True,-0.0512101643245,-0.0823605614405,-0.021747644945499998,True
13851,692,11,4.05880014373,False,0.0601473656453,True,-0.0397351391041,-0.0703268599524,-0.010179494307,True
13852,692,12,3.0353483799000003,False,0.0587024636162,True,-0.0385564210997,-0.069164575241,-0.0104621116248,True
13853,692,13,2.80892180995,False,0.0572787310597,True,-0.0396045929044,-0.06880802524969999,-0.0115292941901,True
13854,692,14,1.73963197838,False,0.057779279138599995,True,-0.044055279121400004,-0.07346110769730001,-0.0156818285586,True
13855,692,15,0.6847419727099999,False,0.0568260330718,True,-0.0424947187761,-0.0702544093213,-0.013428376249500001,True
13856,692,16,0.8370332774950001,False,0.056365959907,True,-0.044690852787199996,-0.0728889000231,-0.0165229401161,True
13857,692,17,3.27538784486,False,0.0559200887124,True,-0.037112490650999995,-0.0645159244343,-0.00859583572187,True
13858,692,18,0.41421901716399995,False,0.057624323541299996,True,-0.0442569977979,-0.0733773046985,-0.015752981157200002,True
13859,692,19,0.940489369692,False,0.0576949150608,True,-0.0457177166158,-0.0758091645051,-0.018114249444400002,True
13860,693,0,7.73418181361,False,0.140766052614,False,-0.06590067277980001,-0.13225159103599998,0.00851446157776,False
13861,693,1,2.07023404342,False,0.10093359536299999,False,-0.0664406413866,-0.114969221163,-0.0140356258002,True
13862,693,2,2.95759990395,False,0.093721663878,False,-0.0600681932732,-0.107047437724,-0.013325773846400001,True
13863,693,3,5.00729481255,False,0.0814983346852,False,-0.0456936766869,-0.08831539576400001,-0.0068170610788000005,True
13864,693,4,3.38641582264,False,0.07313436677969999,True,-0.046773004447499995,-0.0826971763362,-0.00956280955652,True
13865,693,5,12.1205641542,False,0.07027313037999999,True,-0.0346917570891,-0.0696022234379,0.000670906942116,False
13866,693,6,3.7138976789099996,False,0.06686848248169999,True,-0.0419028592749,-0.0735457480694,-0.00667726558772,True
13867,693,7,1.4190228045200002,False,0.0646295581062,True,-0.0478326744412,-0.07907233269510001,-0.014442774588899998,True
13868,693,8,0.976233835886,False,0.062686149218,True,-0.04756767689330001,-0.07868030382619999,-0.0159941546082,True
13869,693,9,0.000131798308048,True,0.061293397809800004,True,-0.060251974607800005,-0.09136825316069999,-0.030074855350900005,True
13870,693,10,0.226836625773,True,0.0642760879194,True,-0.0618090577911,-0.0937913014353,-0.029515213516,True
13871,693,11,0.00034985335726599995,True,0.0584580025481,True,-0.0649239649673,-0.092930101341,-0.0344720987929,True
13872,693,12,5.46510745251e-05,True,0.0577671994269,True,-0.0642504082895,-0.09135880940749999,-0.0335916099805,True
13873,693,13,1.3634668515999999e-05,True,0.056274880932,True,-0.0661014779727,-0.0926045009629,-0.036329620030900005,True
13874,693,14,3.05464173992e-09,True,0.0585518432749,True,-0.06587334579160001,-0.0945629257112,-0.0360110824363,True
13875,693,15,0.00101286952311,True,0.057833418802699994,True,-0.05876793490590001,-0.0867629141103,-0.0289294953077,True
13876,693,16,0.0761544130235,True,0.0565193591367,True,-0.059031267912599994,-0.0864285042413,-0.0299091451046,True
13877,693,17,0.188982313916,True,0.058346629589800005,True,-0.056149554962800004,-0.0834766981647,-0.025130068574900005,True
13878,693,18,0.000143418999167,True,0.057762420527300004,True,-0.0582259856581,-0.0877145260149,-0.029952105487500002,True
13879,693,19,0.00259488408775,True,0.055757110180299996,True,-0.058819560364399996,-0.0874957023662,-0.031738592185999996,True
13880,694,0,10.6141946316,False,0.13841600114,False,-0.0570945447959,-0.126418282469,0.0119977186711,False
13881,694,1,15.1251437312,False,0.10631506128399999,False,-0.042259123266900005,-0.0964147906051,0.00990027067853,False
13882,694,2,4.12631014098,False,0.0895213156206,False,-0.0523948854417,-0.0963520822703,-0.006830766649699999,True
13883,694,3,0.00450851312025,True,0.0807992029513,False,-0.080829071057,-0.121362713803,-0.0405635108519,True
13884,694,4,4.00585804416e-07,True,0.0740406757074,True,-0.0849911851385,-0.12066981775800001,-0.046629142050199995,True
13885,694,5,0.0085173944534,True,0.07281956510910001,True,-0.08126928148019999,-0.11763608883099999,-0.044816523722400005,True
13886,694,6,7.98501215883e-07,True,0.0675076759791,True,-0.082484140489,-0.116063167559,-0.048555491579499996,True
13887,694,7,4.11307993489e-27,True,0.0626828799626,True,-0.0870710221332,-0.119867684608,-0.0571848046451,True
13888,694,8,2.5587894911399998e-11,True,0.0640758968775,True,-0.0800962911768,-0.111590781882,-0.047514885004900004,True
13889,694,9,1.0153548320700001e-15,True,0.0607365114241,True,-0.0806631505584,-0.11032317415899999,-0.0495866627345,True
13890,694,10,1.18291747977e-11,True,0.06064620558330001,True,-0.070875568192,-0.09994745319060001,-0.0393012476073,True
13891,694,11,2.90385032822e-06,True,0.057666608448099996,True,-0.0676063654867,-0.0962633860671,-0.0385967776189,True
13892,694,12,0.000411251751016,True,0.0581277234965,True,-0.060987385494,-0.08995658886880001,-0.0318288653723,True
13893,694,13,0.0355155049229,True,0.0590003640735,True,-0.05723882090869999,-0.087117947791,-0.028117583717600002,True
13894,694,14,0.149625578685,True,0.0586201201495,True,-0.0553574939236,-0.0840617267937,-0.025441606644200004,True
13895,694,15,0.095428285189,True,0.056652416561300004,True,-0.0575179711634,-0.0872645884174,-0.0306121718561,True
13896,694,16,6.76691582141e-06,True,0.057232317340000005,True,-0.0597294162414,-0.08836650953960001,-0.031134192199599998,True
13897,694,17,0.10812400400599999,True,0.056795463104300004,True,-0.0558890819592,-0.08456599931520001,-0.0277705362109,True
13898,694,18,0.19713974189,True,0.0574604850681,True,-0.0561971724898,-0.0860169358635,-0.028556450795400003,True
13899,694,19,0.00467035056929,True,0.0560467894032,True,-0.058224141719699994,-0.0866271894427,-0.030580400039499998,True
13900,695,0,34.2037607625,False,0.139648053612,False,0.00204761007313,-0.0706890875717,0.06895896604,False
13901,695,1,44.7424090941,False,0.103863516494,False,-0.00325653409566,-0.0543114710011,0.049552045492699995,False
13902,695,2,34.281640169,False,0.08688192644300001,False,-0.022377557028,-0.06478920229719999,0.0220927241458,False
13903,695,3,59.3822105022,False,0.07892470710810001,True,-0.00494012206531,-0.0456040578904,0.0333206492177,False
13904,695,4,66.0339959878,False,0.0713757385417,True,-0.00191810186183,-0.0381799410111,0.0331957975306,False
13905,695,5,53.167309691199996,False,0.0700872496151,True,-0.013853617197399998,-0.0496931248078,0.0203941248073,False
13906,695,6,28.3344979514,False,0.0683181965383,True,-0.023842064381499998,-0.0575397354578,0.010778461080499999,False
13907,695,7,23.9628210319,False,0.0647537159323,True,-0.02467790875,-0.054821240244500004,0.00993247568784,False
13908,695,8,29.6761599102,False,0.06482801214650001,True,-0.0226923377611,-0.0546020393512,0.0102259727953,False
13909,695,9,19.7123103404,False,0.062482376808,True,-0.027665729292599996,-0.0569471530567,0.00553522375139,False
13910,695,10,9.35355034616,False,0.061486571659000004,True,-0.0337908675207,-0.063041453067,-0.00155488140802,True
13911,695,11,10.4117048571,False,0.0605549982923,True,-0.0320267585445,-0.0626851841088,-0.0021301858164700003,True
13912,695,12,11.2697485826,False,0.05961994191880001,True,-0.0303516968017,-0.06119659083790001,-0.00157664891908,True
13913,695,13,14.0971092915,False,0.05787906569950001,True,-0.028017642532900004,-0.05736250357000001,0.000516562129512,False
13914,695,14,6.69224388004,False,0.05656716251069999,True,-0.0331344810802,-0.061930570363300005,-0.0053634078526199995,True
13915,695,15,1.5799283767299999,False,0.0573510872409,True,-0.0405564492316,-0.06942826120310001,-0.0120771739622,True
13916,695,16,0.797562546267,False,0.0565620851518,True,-0.0439410279523,-0.0734032844307,-0.016841199278799998,True
13917,695,17,0.18142550458099999,True,0.0569903076965,True,-0.048478071034500005,-0.0754620850669,-0.0184717773704,True
13918,695,18,0.0128378182578,True,0.055286836435,True,-0.054739369323000005,-0.0826765812986,-0.0273897448636,True
13919,695,19,0.0028849634717100004,True,0.056536652346099996,True,-0.0545133057288,-0.0822398009925,-0.025703148646299998,True
13920,696,0,15.7676294188,False,0.138492558952,False,-0.0470375952417,-0.117040891433,0.021451667518700004,False
13921,696,1,2.61051273928,False,0.10299309299699999,False,-0.06535322897319999,-0.116366368468,-0.0133732754714,True
13922,696,2,1.4488567504899998,False,0.08864888050889999,False,-0.06175398932440001,-0.10854133263599999,-0.0198924521274,True
13923,696,3,1.63728684613,False,0.07920913818799999,True,-0.0542400843183,-0.0923661794006,-0.0131570412127,True
13924,696,4,0.690281758008,False,0.07353617185,True,-0.05543342497269999,-0.09381241463460001,-0.0202762427847,True
13925,696,5,4.114830885290001,False,0.0702184824526,True,-0.0430336040758,-0.0772491163776,-0.007030633924979999,True
13926,696,6,5.55444507076,False,0.0660485717451,True,-0.0398421157005,-0.0731836680525,-0.00713509630736,True
13927,696,7,1.81709089315,False,0.0635660342899,True,-0.0459636765766,-0.0773645939596,-0.013798559669700002,True
13928,696,8,0.136102599593,True,0.0621423396555,True,-0.0548908377155,-0.08629504330019999,-0.0241527036447,True
13929,696,9,0.148649695429,True,0.0620114124173,True,-0.054296332582,-0.0842024853919,-0.0221910729746,True
13930,696,10,0.204969530022,True,0.059893693064999996,True,-0.0533373112703,-0.0832512182429,-0.0233575251779,True
13931,696,11,0.274440058976,True,0.0605816222952,True,-0.0539632534797,-0.0839045367002,-0.023322914405099995,True
13932,696,12,0.565945792314,False,0.058585812682099996,True,-0.0461560043788,-0.0748819813566,-0.0162961686745,True
13933,696,13,2.05499568335,False,0.0592344192332,True,-0.0427460924355,-0.0743801473238,-0.0151457280906,True
13934,696,14,0.213193609372,True,0.058357560904599995,True,-0.0495221034874,-0.0781964534046,-0.0198388925,True
13935,696,15,0.09809994995539999,True,0.057792116545199994,True,-0.0556696032731,-0.0839457822414,-0.026153665696200003,True
13936,696,16,0.0119236094575,True,0.059914779435900005,True,-0.060421763846199995,-0.08854135321789998,-0.028626573782000002,True
13937,696,17,1.00199833222e-11,True,0.05568334188730001,True,-0.0656605171726,-0.09428569160910001,-0.0386023497218,True
13938,696,18,4.86259975324e-13,True,0.055115445928100006,True,-0.067764638039,-0.0957651648463,-0.0406497189182,True
13939,696,19,3.5344664232600003e-07,True,0.05422567916619999,True,-0.07005000332,-0.0960789992901,-0.0418533201239,True
13940,697,0,27.689684374099997,False,0.14433254395099998,False,-0.0226590837247,-0.09954906166380001,0.04478348228759999,False
13941,697,1,11.2631943841,False,0.10072616341299999,False,-0.0454842591259,-0.0961138373578,0.004612326054949999,False
13942,697,2,1.40460790713,False,0.08719258204230002,False,-0.059151400576,-0.101097207461,-0.013904625418499999,True
13943,697,3,1.27623520358,False,0.0802706880305,False,-0.058763820514799996,-0.099314067103,-0.019043379072499998,True
13944,697,4,0.525908235137,False,0.07604872036589999,True,-0.0575058886275,-0.09471110356489999,-0.018662383199,True
13945,697,5,0.766455087789,False,0.0686334387729,True,-0.0529351477657,-0.0869708094165,-0.0183373706435,True
13946,697,6,1.09466146631,False,0.06822745810769999,True,-0.0509032377123,-0.0863515090228,-0.018124050915000002,True
13947,697,7,1.3357172770399999,False,0.06365898443080001,True,-0.0465683681304,-0.0780484058352,-0.014389421404399999,True
13948,697,8,0.135766087323,True,0.061282404984,True,-0.0608803265062,-0.09196485506589999,-0.0306824500819,True
13949,697,9,0.127853354958,True,0.0607221502274,True,-0.058512422562999995,-0.08715162850330001,-0.026429478276,True
13950,697,10,4.70643577858e-11,True,0.0593656521238,True,-0.07030200183839999,-0.0996903747985,-0.0403247226747,True
13951,697,11,0.011128506908100001,True,0.0597578168776,True,-0.0671239300066,-0.0959012671492,-0.036143450271699996,True
13952,697,12,1.94971140899e-18,True,0.0591352519768,True,-0.0750912437831,-0.10273801379599999,-0.0436027618193,True
13953,697,13,2.5013414854299998e-34,True,0.058405371523199995,True,-0.08402254457689999,-0.113515203334,-0.0551098318109,True
13954,697,14,9.17597771784e-47,True,0.057798132299100004,True,-0.0877178256086,-0.115972231069,-0.0581740987698,True
13955,697,15,3.96320768645e-35,True,0.057506722998099995,True,-0.0919624739192,-0.118910856686,-0.061404133687800004,True
13956,697,16,4.30851866498e-20,True,0.057317207806400004,True,-0.0858419650087,-0.11415283303899999,-0.056835625232199996,True
13957,697,17,7.59542890949e-40,True,0.05660619097709999,True,-0.0906808121167,-0.11854898630999999,-0.061942795333400004,True
13958,697,18,9.293003008759998e-63,True,0.0562093670981,True,-0.09279851832779999,-0.12029419280999999,-0.06408482571169999,True
13959,697,19,4.4232651605899995e-36,True,0.055800408839099994,True,-0.0918519292378,-0.118753614563,-0.0629532057241,True
13960,698,0,3.5534535823,False,0.139096318524,False,-0.07799270475049999,-0.151198729803,-0.012102411278899999,True
13961,698,1,0.847993497393,False,0.10647073391100001,False,-0.0748797503526,-0.126350052889,-0.019879318978,True
13962,698,2,0.147502682365,True,0.08707034521880001,False,-0.0762953433055,-0.11689004271,-0.029819697491099997,True
13963,698,3,0.00011919894159799999,True,0.07894869005800001,True,-0.0800423597431,-0.121470473541,-0.042521783482599995,True
13964,698,4,0.00021397797294699997,True,0.0748195676268,True,-0.070680746607,-0.108475964222,-0.0336563965947,True
13965,698,5,0.0394365752852,True,0.0716738326804,True,-0.06777518656050001,-0.102089590841,-0.0304157581603,True
13966,698,6,0.0960144318791,True,0.0663409107671,True,-0.0655128018817,-0.09749225959660002,-0.0311513488295,True
13967,698,7,3.25883041907e-06,True,0.06575781713859999,True,-0.0642086811282,-0.0957797896322,-0.0300219724936,True
13968,698,8,0.016818020915000002,True,0.0600253537177,True,-0.0580306383804,-0.0883096893042,-0.0282843355865,True
13969,698,9,0.281501049389,True,0.0641350855752,True,-0.0616323291297,-0.0950680459967,-0.0309329604215,True
13970,698,10,6.94337465992e-05,True,0.0595619506587,True,-0.061087912044099996,-0.09090477442,-0.031342823761200005,True
13971,698,11,0.135211907788,True,0.0568893328768,True,-0.0547558688186,-0.082423806872,-0.0255344739952,True
13972,698,12,0.16308532157800001,True,0.059643473785800004,True,-0.052145084661600005,-0.0819361566931,-0.0222926829073,True
13973,698,13,0.0347727149764,True,0.0564883508045,True,-0.0541760544501,-0.08300689503,-0.0265185442255,True
13974,698,14,1.0649539584999999,False,0.05702989539369999,True,-0.04843092008,-0.0778646765882,-0.0208347811945,True
13975,698,15,0.113052884716,True,0.0570327890731,True,-0.053445584885,-0.0817587843507,-0.0247259952776,True
13976,698,16,0.24006236096099998,True,0.05506436826219999,True,-0.047047182477599994,-0.07352300678319999,-0.018458638520900003,True
13977,698,17,1.01969087209,False,0.05690604594359999,True,-0.043983423012499995,-0.07172204427960001,-0.014815998336,True
13978,698,18,0.243718350671,True,0.055006742376,True,-0.0491000289874,-0.0768349783482,-0.0218282359722,True
13979,698,19,0.010310251209399999,True,0.055969591279199996,True,-0.054334413437900006,-0.0827269079659,-0.026757316686800002,True
13980,699,0,32.5178235296,False,0.140243229957,False,0.00811096709409,-0.06683342707140001,0.0734098028855,False
13981,699,1,44.088758589099996,False,0.10443502574300001,False,-0.00415351530654,-0.05921195423330001,0.0452230715093,False
13982,699,2,51.0107548265,False,0.08825105137089999,False,-0.0047785648400200005,-0.049598830899900005,0.038652220471000004,False
13983,699,3,34.6173716001,False,0.0807541782465,False,-0.021727538889200003,-0.0634473827623,0.0173067954843,False
13984,699,4,27.7137634041,False,0.0721374921931,True,-0.0262009998642,-0.061789058359000004,0.0103484338341,False
13985,699,5,12.216203543399999,False,0.0671352578157,True,-0.0335685651147,-0.0674584426531,-0.00032318483743299997,True
13986,699,6,4.06165932632,False,0.0671075907393,True,-0.0430767361206,-0.0767686142285,-0.00966102348918,True
13987,699,7,1.98922120629,False,0.0650038717803,True,-0.0469768782644,-0.07977942033039999,-0.0147755485501,True
13988,699,8,0.07707942860280001,True,0.06243304850269999,True,-0.0576602261489,-0.0885413150249,-0.0261082665222,True
13989,699,9,0.0662118853867,True,0.0614812027233,True,-0.0631437917563,-0.09394641509189999,-0.0324652123686,True
13990,699,10,7.46850282646e-05,True,0.0612240526704,True,-0.068164113568,-0.09937407113050001,-0.038150018460000004,True
13991,699,11,1.92638531605e-12,True,0.05975399252119999,True,-0.0715221681582,-0.100962957292,-0.0412089647705,True
13992,699,12,2.47355630647e-14,True,0.0557573612027,True,-0.0698646873835,-0.0962922982549,-0.0405349370522,True
13993,699,13,7.70476567574e-07,True,0.0580543901338,True,-0.0741404363946,-0.10257143298699999,-0.04451704285330001,True
13994,699,14,2.89235203959e-16,True,0.0575779617143,True,-0.07879800427019999,-0.108555989774,-0.0509780280599,True
13995,699,15,1.1526360608700002e-26,True,0.0579149621093,True,-0.0776526556848,-0.106808821259,-0.0488938591498,True
13996,699,16,1.1863341253299998e-12,True,0.0566829448185,True,-0.0746520127148,-0.102738603628,-0.0460556588096,True
13997,699,17,5.748813458689999e-19,True,0.05697451777419999,True,-0.07179337802180001,-0.100161455321,-0.043186937546399996,True
13998,699,18,2.80430204778e-23,True,0.0579553070043,True,-0.08006623711210001,-0.109401275478,-0.0514459684737,True
13999,699,19,4.52514448458e-06,True,0.0561956050435,True,-0.0733731334719,-0.101315007848,-0.045119402805,True
14000,700,0,19.4609126085,False,0.144563404563,False,-0.0401894276813,-0.112351413864,0.032211990699299996,False
14001,700,1,9.44092346155,False,0.104572946841,False,-0.048706416398599996,-0.0989903763961,0.0055825704452,False
14002,700,2,18.7704403555,False,0.0869410934657,False,-0.033766711240599996,-0.0802350817149,0.0067060117508100005,False
14003,700,3,0.9386175424779999,False,0.08240818325939998,False,-0.0602700518782,-0.103541528828,-0.021133345568200002,True
14004,700,4,1.7270007266,False,0.07210764093369999,True,-0.05178561522,-0.08783992451780001,-0.0157322835841,True
14005,700,5,3.7825801719,False,0.06737826219880001,True,-0.0428734527308,-0.0770866681883,-0.009708405989469999,True
14006,700,6,6.79684945539,False,0.06719391397999999,True,-0.0379367987791,-0.0706522642766,-0.0034583502966100002,True
14007,700,7,6.7969365992199995,False,0.0646940871622,True,-0.0379998899851,-0.0699268324324,-0.005232745270229999,True
14008,700,8,2.6354272291,False,0.06349076367409999,True,-0.042020127888000004,-0.0764337939602,-0.0129430302861,True
14009,700,9,0.142786691612,True,0.062068282559500004,True,-0.055035767101,-0.0833083721464,-0.021240089586999997,True
14010,700,10,0.0024190436290400003,True,0.0589898308771,True,-0.059300765024100005,-0.0891383074044,-0.030148476527299996,True
14011,700,11,2.27353454023e-05,True,0.060983435281,True,-0.06715734417380001,-0.0960678494978,-0.0350844142169,True
14012,700,12,0.0244662275259,True,0.0573166623144,True,-0.0623819776475,-0.09111944103489998,-0.0338027787206,True
14013,700,13,0.0006445576578159999,True,0.056804579931899996,True,-0.0611614235141,-0.09099737364669999,-0.0341927937149,True
14014,700,14,0.11078282556800001,True,0.0570943175535,True,-0.06681159099999999,-0.09400446798239999,-0.0369101504288,True
14015,700,15,0.117605646849,True,0.0583032657578,True,-0.0627578399397,-0.0914475859187,-0.0331443201609,True
14016,700,16,0.18386919436500002,True,0.0548764399381,True,-0.0606519658694,-0.089426305656,-0.0345498657179,True
14017,700,17,0.7971635036489999,False,0.0569997112136,True,-0.0481508916218,-0.0759942946864,-0.0189945834728,True
14018,700,18,0.11239684542600001,True,0.055664342172999995,True,-0.0545159140063,-0.08216492890869999,-0.026500586735799997,True
14019,700,19,0.146934599375,True,0.05526082572819999,True,-0.0538036296304,-0.07970077437680001,-0.024439948648599996,True
14020,701,0,16.6682361402,False,0.139944312697,False,-0.0432316686699,-0.11600372420600001,0.023940588491500003,False
14021,701,1,8.91556890409,False,0.10357083256300001,False,-0.049213043715500004,-0.10070032369899999,0.0028705088647299998,False
14022,701,2,16.8943126309,False,0.0896291633296,False,-0.0358759518502,-0.07917077066110001,0.010458392668399999,False
14023,701,3,5.688575569169999,False,0.0774295754557,True,-0.044318911355999996,-0.0831273851933,-0.005697809737560001,True
14024,701,4,2.1123916461200003,False,0.07284175449519999,True,-0.050647915055099996,-0.0871526007031,-0.0143108462078,True
14025,701,5,3.9177421533800008,False,0.0684935935633,True,-0.044115872040599996,-0.0787102684012,-0.010216674838000001,True
14026,701,6,0.650889303077,False,0.0674372733818,True,-0.0533104532307,-0.08681961307219999,-0.0193823396904,True
14027,701,7,0.544682184741,False,0.064030776139,True,-0.05327491492,-0.0852989563006,-0.021268180161599995,True
14028,701,8,0.038124098469,True,0.0629010267162,True,-0.06261938166310001,-0.0949944350841,-0.0320934083678,True
14029,701,9,0.596020577619,False,0.0608776023293,True,-0.0514107871955,-0.0831754488677,-0.022297846538299998,True
14030,701,10,0.16756745569599998,True,0.0617819472427,True,-0.0565217571677,-0.08628407669369999,-0.0245021294509,True
14031,701,11,0.0951764858695,True,0.0604251928663,True,-0.06427772115830001,-0.09351044487889999,-0.0330852520126,True
14032,701,12,0.0394313306585,True,0.0596350778393,True,-0.0579549848796,-0.0891945150736,-0.029559437234299997,True
14033,701,13,1.36328578955e-06,True,0.058181106702399996,True,-0.0632513265296,-0.0911642222198,-0.0329831155173,True
14034,701,14,1.64783067147e-05,True,0.05749141415780001,True,-0.0634079559342,-0.0916414751444,-0.0341500609866,True
14035,701,15,0.00379052735321,True,0.0562261557207,True,-0.0588063127996,-0.08613006120279999,-0.029903905482099997,True
14036,701,16,1.68924596636e-06,True,0.055353677348300004,True,-0.062006607211800006,-0.09003680455039999,-0.034683127202,True
14037,701,17,0.0637694342863,True,0.05714200536090001,True,-0.0585771534416,-0.08666752458259999,-0.029525519221700002,True
14038,701,18,0.16936028016,True,0.056502579533199995,True,-0.0526656264948,-0.08058046929410001,-0.0240778897609,True
14039,701,19,0.000693851386628,True,0.0538546827496,True,-0.058048388929399994,-0.084000505858,-0.0301458231084,True
14040,702,0,30.6303459111,False,0.146401988455,False,-0.017319880182599997,-0.0879355938978,0.0584663945574,False
14041,702,1,13.6984178185,False,0.10440833320599999,False,-0.0414222638586,-0.0919943081579,0.0124140250485,False
14042,702,2,4.3284969586,False,0.088900702829,False,-0.0527022414145,-0.09795802522040001,-0.00905732239146,True
14043,702,3,0.623477769457,False,0.08068292042,False,-0.0613593183098,-0.102133201385,-0.021450280965499998,True
14044,702,4,0.472955458218,False,0.0735108112678,True,-0.06038927240119999,-0.0965115703822,-0.0230007591144,True
14045,702,5,0.6861628795839999,False,0.0701565474405,True,-0.0539263744711,-0.0896885953093,-0.0195320478688,True
14046,702,6,0.0641695880477,True,0.06611401132190001,True,-0.0564936799369,-0.0902063005835,-0.024092289261599998,True
14047,702,7,1.27074738824,False,0.0616941738134,True,-0.045763098790499994,-0.0748268075932,-0.013132633779799998,True
14048,702,8,4.94990678802,False,0.06210167265319999,True,-0.039219911641800005,-0.07208439443010001,-0.00998272177685,True
14049,702,9,1.08869671473,False,0.0624995669203,True,-0.047064221253000006,-0.0769063459485,-0.014406779028300001,True
14050,702,10,0.573342817882,False,0.0598792784236,True,-0.046974009449500004,-0.07610009831610001,-0.016220819892500002,True
14051,702,11,7.97305234989,False,0.0607416093159,True,-0.034122845419299996,-0.0631770924534,-0.00243548313747,True
14052,702,12,3.7117590724300005,False,0.0581002477816,True,-0.0376965179675,-0.0661675697063,-0.0080673219248,True
14053,702,13,6.06244159013,False,0.0577707572049,True,-0.0353414203959,-0.0656468765745,-0.00787611936961,True
14054,702,14,2.23005990037,False,0.056018988518199996,True,-0.040346856890800004,-0.0684509647681,-0.01243197625,True
14055,702,15,3.6830083222800005,False,0.057259400261300004,True,-0.0370902071505,-0.0660293960241,-0.00876999576277,True
14056,702,16,2.6668384273099996,False,0.0564731866488,True,-0.039349715804699995,-0.0666947876418,-0.010221600993,True
14057,702,17,6.04730691788,False,0.0565573692138,True,-0.0347920910857,-0.0634497065784,-0.006892337364590001,True
14058,702,18,3.3833007114099996,False,0.05619491980380001,True,-0.0357082212861,-0.066390407221,-0.0101954874172,True
14059,702,19,2.1856597586099995,False,0.0543233637378,True,-0.0393072628274,-0.06571693255239999,-0.0113935688146,True
14060,703,0,3.7879915177999997,False,0.14251992451,False,0.07920567142280001,0.0097694678522,0.15228939236199998,True
14061,703,1,24.037059014,False,0.103321561976,False,0.0313928812515,-0.0196098763438,0.0837116856322,False
14062,703,2,53.89281100979999,False,0.0885120531044,False,0.00231637946966,-0.042129509406099996,0.046382543698199996,False
14063,703,3,52.3890354958,False,0.0789213642072,True,-0.011865760798799998,-0.0514314698425,0.0274898943647,False
14064,703,4,45.334365946700004,False,0.0731948932453,True,-0.0139252621561,-0.05042506809569999,0.0227698251496,False
14065,703,5,28.0095645141,False,0.0694747536231,True,-0.0238706342197,-0.0595585094226,0.00991624420051,False
14066,703,6,11.1871784486,False,0.067677193706,True,-0.0334296100345,-0.0681481572679,-0.0004709635618530001,True
14067,703,7,6.25679423043,False,0.0664191884435,True,-0.0389705428666,-0.0710074268227,-0.00458823837917,True
14068,703,8,3.592133653380001,False,0.060866385249399996,True,-0.0397319970153,-0.0716485988948,-0.0107822136454,True
14069,703,9,4.58360438387,False,0.0611504159494,True,-0.0378718309369,-0.06953059368810001,-0.00838017773865,True
14070,703,10,0.955258102557,False,0.0613698403993,True,-0.045780927649099995,-0.0761944623572,-0.014824621957799999,True
14071,703,11,4.04551891008,False,0.0595115244876,True,-0.0374469510769,-0.0673967676482,-0.0078852431606,True
14072,703,12,10.7773360999,False,0.0581754021124,True,-0.0309285953743,-0.058990778531300005,-0.000815376418906,True
14073,703,13,5.455533583359999,False,0.0582154935179,True,-0.0349390461163,-0.0627575707681,-0.0045420772502100006,True
14074,703,14,3.23825003135,False,0.05766743679280001,True,-0.0386214959596,-0.0668418813616,-0.00917444456877,True
14075,703,15,1.28330718037,False,0.055738500931599995,True,-0.043169468433800005,-0.0722322257507,-0.0164937248191,True
14076,703,16,2.5301523763,False,0.0556946629254,True,-0.0394194002591,-0.0673732931245,-0.011678630199,True
14077,703,17,1.20966185195,False,0.05386825525550001,True,-0.041809140646,-0.0678771064017,-0.014008851146200001,True
14078,703,18,0.7370282965,False,0.055327779742900006,True,-0.0445289532642,-0.07131213591369999,-0.0159843561709,True
14079,703,19,1.66622032808,False,0.056592532501,True,-0.0408563768773,-0.06779487176889999,-0.0112023392679,True
14080,704,0,1.02480578237,False,0.14663948507000002,False,-0.10034769043899999,-0.175728352622,-0.029088867551599996,True
14081,704,1,0.11093487785900001,True,0.107186288476,False,-0.09137444287489999,-0.146520008308,-0.039333719832,True
14082,704,2,0.0760383029653,True,0.08813670323219999,False,-0.0811021295472,-0.122428806225,-0.0342921029926,True
14083,704,3,0.17635302963100002,True,0.0812695629588,False,-0.07071540609730001,-0.11091465964299999,-0.0296450966838,True
14084,704,4,0.10234142026599999,True,0.077261572511,True,-0.07262359033389999,-0.11197364261,-0.034712070099,True
14085,704,5,0.132357976314,True,0.07046523858369999,True,-0.0679986291245,-0.101992814916,-0.0315275763318,True
14086,704,6,4.4128949511000005e-09,True,0.0720628012802,True,-0.0775216043124,-0.11459428976700001,-0.0425314884872,True
14087,704,7,2.54226816528e-19,True,0.0648282624308,True,-0.0804138571737,-0.11270536218900001,-0.0478770997583,True
14088,704,8,7.903091742160001e-16,True,0.0621529910103,True,-0.0829629212155,-0.11445517091299999,-0.0523021799023,True
14089,704,9,2.67973818203e-12,True,0.0647986237957,True,-0.082345166954,-0.113631231607,-0.0488326078109,True
14090,704,10,2.05318100847e-33,True,0.0586701097935,True,-0.0823565888938,-0.111747578169,-0.05307746837590001,True
14091,704,11,2.97493114674e-25,True,0.060111722045999995,True,-0.0834471162097,-0.11571729040300001,-0.055605568356900004,True
14092,704,12,1.2710348651799998e-32,True,0.057977576406100004,True,-0.0827091517577,-0.11084138525000001,-0.0528638088435,True
14093,704,13,2.3355317295699995e-66,True,0.0556135456723,True,-0.0866037504744,-0.114143417492,-0.058529871820199995,True
14094,704,14,6.15377567291e-42,True,0.0557120244956,True,-0.0858496019991,-0.11361834948100001,-0.057906324985100004,True
14095,704,15,8.513225012749998e-40,True,0.057515630721199994,True,-0.09272941964789999,-0.12222504548699999,-0.0647094147655,True
14096,704,16,7.246489873779999e-78,True,0.0550891751047,True,-0.09226145913480001,-0.119593941604,-0.0645047664995,True
14097,704,17,2.0886606831599999e-75,True,0.0563796993096,True,-0.09670349672049999,-0.12473609601800001,-0.0683563967088,True
14098,704,18,2.4429438468699997e-73,True,0.0553378651786,True,-0.0963852928252,-0.12253734432499999,-0.0671994791463,True
14099,704,19,9.750071002309999e-53,True,0.0566380351884,True,-0.0913403528977,-0.12037158491599999,-0.0637335497273,True
14100,705,0,8.237017193689999,False,0.140051634376,False,-0.0620073387441,-0.132139994976,0.00791163940034,False
14101,705,1,24.9980880429,False,0.100824054452,False,-0.0300344698788,-0.078008797292,0.0228152571602,False
14102,705,2,7.040984486689999,False,0.08883520946739999,False,-0.04572273491719999,-0.09212192231550001,-0.0032867128480500002,True
14103,705,3,1.62472167433,False,0.0770612942453,True,-0.0546922579067,-0.094216138764,-0.0171548445187,True
14104,705,4,2.3981293854,False,0.0727683955664,True,-0.0481808259161,-0.0862141482412,-0.013445752674799999,True
14105,705,5,0.437353223674,False,0.0719407193432,True,-0.05648851494030001,-0.09192979709069998,-0.0199890777475,True
14106,705,6,0.0423643052664,True,0.0649845534894,True,-0.0598323457808,-0.09036999923939999,-0.025385445750000003,True
14107,705,7,1.02917774569,False,0.0632090905243,True,-0.0494075393535,-0.0797592002652,-0.016550109740899998,True
14108,705,8,0.786214659747,False,0.0636827552965,True,-0.0501106978991,-0.0815148771978,-0.0178321219013,True
14109,705,9,1.54926987674,False,0.06268496789580001,True,-0.0453423811936,-0.0762839767447,-0.013599008848899998,True
14110,705,10,0.9129501930789999,False,0.0608562476482,True,-0.045784222272,-0.0762511048338,-0.0153948571856,True
14111,705,11,1.80463609305,False,0.0610056540331,True,-0.0432835620485,-0.07205681223939998,-0.0110511582063,True
14112,705,12,1.9634578990599998,False,0.058712766289999996,True,-0.041991091059300004,-0.0718631262797,-0.013150359989700001,True
14113,705,13,1.7361662406099998,False,0.0575886724102,True,-0.042076090102500005,-0.0705823561593,-0.0129936837491,True
14114,705,14,2.27044439661,False,0.056150875430399996,True,-0.0396352851871,-0.0679677224627,-0.011816847032299998,True
14115,705,15,3.5492769897199996,False,0.05906824961109999,True,-0.0395733994735,-0.07088815756969999,-0.011819907958599999,True
14116,705,16,0.261525581289,True,0.05858804604830001,True,-0.050646838411099994,-0.0815129154292,-0.022924869380900003,True
14117,705,17,0.35517872883900004,False,0.0553997259135,True,-0.0465408543829,-0.0745784060403,-0.019178680126799998,True
14118,705,18,0.9553299438330001,False,0.0554453424969,True,-0.046890017649,-0.07443498756910001,-0.0189896450722,True
14119,705,19,0.0541739595165,True,0.056191523922,True,-0.054695914100299996,-0.08241766651660001,-0.0262261425947,True
14120,706,0,26.350661389099997,False,0.140172164783,False,0.0271544461258,-0.0397603407935,0.10041182399,False
14121,706,1,39.0151608692,False,0.103787512547,False,-0.015583270949699999,-0.0668861549533,0.0369013575942,False
14122,706,2,3.26919025714,False,0.09190761189480001,False,-0.0557621698795,-0.100912165501,-0.00900455360653,True
14123,706,3,3.98746123936,False,0.0791754329418,True,-0.0485842067885,-0.0884660029263,-0.00929056998448,True
14124,706,4,7.95495644437,False,0.0726074689596,True,-0.0373553105904,-0.0751771562307,-0.0025696872710900005,True
14125,706,5,15.645830626199999,False,0.06870087188230001,True,-0.031329385888700004,-0.0650458483826,0.00365502349976,False
14126,706,6,20.5843073668,False,0.0665434676466,True,-0.026653321274700003,-0.0593711336775,0.00717233396907,False
14127,706,7,14.4012189386,False,0.066447250207,True,-0.0304534779032,-0.0645358825331,0.0019113676739000002,False
14128,706,8,13.560263255,False,0.0629750802714,True,-0.0321782149028,-0.0640024330333,-0.0010273527619600001,True
14129,706,9,7.30534939984,False,0.062107595336100004,True,-0.0362998170859,-0.0670950033495,-0.00498740801331,True
14130,706,10,8.45599324472,False,0.060656075988099994,True,-0.0335345438552,-0.0653624333479,-0.00470635735978,True
14131,706,11,1.56811623023,False,0.0599689617864,True,-0.0480229156704,-0.07757133251939999,-0.017602370733,True
14132,706,12,0.5258309672529999,False,0.0601073384535,True,-0.050757032151800004,-0.08210093722350001,-0.0219935987701,True
14133,706,13,0.268555555945,True,0.058960968841,True,-0.0479951986313,-0.0784038424524,-0.0194428736113,True
14134,706,14,0.1360742337,True,0.057517307437500005,True,-0.0479682244555,-0.0757210463952,-0.0182037389577,True
14135,706,15,0.275384338219,True,0.057113495584500004,True,-0.04645092226,-0.0738727648983,-0.0167592693138,True
14136,706,16,0.62692749626,False,0.0578158623455,True,-0.0486283335983,-0.07643033177610001,-0.018614469430599998,True
14137,706,17,1.25851998274,False,0.056089334131899996,True,-0.043875988993800005,-0.0726603798155,-0.016571045683600003,True
14138,706,18,0.289490586339,True,0.05593133954940001,True,-0.0504887089849,-0.07739486592400001,-0.0214635263746,True
14139,706,19,0.383829160811,False,0.0550737099854,True,-0.0477755794109,-0.07499358529460001,-0.0199198753092,True
14140,707,0,5.75479363844,False,0.140828727131,False,-0.0686468419754,-0.140876466821,-4.77396895114e-05,True
14141,707,1,2.2458254446900003,False,0.10678185394999999,False,-0.0706729096414,-0.126343551061,-0.0195616971107,True
14142,707,2,0.269527144871,True,0.0885740927036,False,-0.0768635292738,-0.118481806741,-0.0299077140375,True
14143,707,3,0.6150292113120001,False,0.08419880811069999,False,-0.0610806722482,-0.100777710581,-0.0165789024705,True
14144,707,4,7.534686155669999,False,0.0764923438827,True,-0.040821848280599995,-0.0835231435821,-0.00703079969943,True
14145,707,5,4.12623475523,False,0.0692278080835,True,-0.04291419080580001,-0.0750871460683,-0.005859337984859999,True
14146,707,6,1.37443430127,False,0.0672562776353,True,-0.0487585657701,-0.0816620860229,-0.0144058083876,True
14147,707,7,4.287049619619999,False,0.0641835986424,True,-0.038902667116199996,-0.07091706375989999,-0.0067334651175399995,True
14148,707,8,1.6020148916699999,False,0.0651718891653,True,-0.045727673526,-0.07799701618689998,-0.012825127021600002,True
14149,707,9,6.43389176885,False,0.0625661968433,True,-0.0374476222965,-0.0666491471093,-0.00408295026605,True
14150,707,10,1.12312103012,False,0.061438006873399995,True,-0.048267874438699995,-0.0789876326408,-0.0175496257674,True
14151,707,11,0.13821524556,True,0.0592302847389,True,-0.062452900856,-0.09200036827050001,-0.0327700835316,True
14152,707,12,1.0921578911e-06,True,0.0587349695706,True,-0.0620956896856,-0.08955147919839998,-0.0308165096279,True
14153,707,13,5.8891496616900005e-08,True,0.05853649159799999,True,-0.0596195378168,-0.0890668751712,-0.0305303835732,True
14154,707,14,0.040996147082,True,0.0586708971787,True,-0.0582255249615,-0.0882861343586,-0.029615237179900004,True
14155,707,15,0.200261367029,True,0.05747162690169999,True,-0.0569091712313,-0.0847049965705,-0.0272333696688,True
14156,707,16,0.18351766751600002,True,0.056949954073099995,True,-0.0571171807543,-0.08464984153489999,-0.027699887461900004,True
14157,707,17,0.0014918548111600002,True,0.05465049647919999,True,-0.0622352874048,-0.0887989711396,-0.034148474660400004,True
14158,707,18,8.48745727982e-15,True,0.056925844926300005,True,-0.0643741396685,-0.09378412017819998,-0.0368582752519,True
14159,707,19,4.4184315304e-05,True,0.0566733490752,True,-0.06260926649899999,-0.09010812511489999,-0.0334347760396,True
14160,708,0,26.4731632342,False,0.142042331813,False,-0.023885610814799996,-0.0950931498198,0.0469491819929,False
14161,708,1,43.6603036259,False,0.10300605078299999,False,-0.00842045156092,-0.0619477184405,0.041058332342,False
14162,708,2,53.941744121999996,False,0.0861233683238,False,-0.00174586493537,-0.0460923841468,0.040030984177000004,False
14163,708,3,55.5710981819,False,0.0782531656068,True,-0.00944934506225,-0.0484365932735,0.029816572333299998,False
14164,708,4,53.405115690900004,False,0.0719019016565,True,-0.0135785638218,-0.0498413407059,0.022060560950599998,False
14165,708,5,54.26394696,False,0.0696891947119,True,-0.0123149410418,-0.0465559769585,0.023133217753400003,False
14166,708,6,36.7403296951,False,0.0651354020634,True,-0.021034456217,-0.0519724553833,0.0131629466801,False
14167,708,7,20.4816574055,False,0.063030162391,True,-0.027382784800400004,-0.058499252090300005,0.00453091030069,False
14168,708,8,9.02011404386,False,0.0615832588987,True,-0.0324433613731,-0.0638616213899,-0.0022783624912500002,True
14169,708,9,4.09199843105,False,0.06105879352999999,True,-0.039509138009300004,-0.0702691041301,-0.0092103106001,True
14170,708,10,0.71996770365,False,0.060066000307300006,True,-0.0496729857941,-0.0796139233072,-0.019547923000000002,True
14171,708,11,0.33389131230700003,False,0.0581286289439,True,-0.050108865874699995,-0.0775887574282,-0.0194601284843,True
14172,708,12,0.13911527890900002,True,0.05710019946219999,True,-0.0536308073335,-0.0823082253182,-0.025208025856,True
14173,708,13,0.0389654275102,True,0.0577148899826,True,-0.056154353691099994,-0.0856365919282,-0.027921701945599998,True
14174,708,14,0.0357762166854,True,0.0574137964351,True,-0.0581002907305,-0.08711209271939999,-0.0296982962843,True
14175,708,15,0.09210510537580001,True,0.0592082903677,True,-0.0554887267592,-0.083669883919,-0.0244615935513,True
14176,708,16,0.0529295270214,True,0.0574875409627,True,-0.0569324386396,-0.0863975636908,-0.0289100227281,True
14177,708,17,0.041070610129400005,True,0.0575867978116,True,-0.054531025589,-0.08358975912380001,-0.0260029613123,True
14178,708,18,0.0233183351848,True,0.0570853239432,True,-0.058772386154500006,-0.0875995729999,-0.030514249056700003,True
14179,708,19,0.00547178297249,True,0.05390954711299999,True,-0.0594039715434,-0.0848544326302,-0.0309448855172,True
14180,709,0,9.1388439492,False,0.137850626682,False,-0.0596270460757,-0.128584858519,0.00926576816239,False
14181,709,1,0.621659608175,False,0.103503662579,False,-0.0770571092434,-0.128471013451,-0.024967350871900003,True
14182,709,2,1.07839523053,False,0.0861054379807,False,-0.062034037875199996,-0.104093707129,-0.017988269148200002,True
14183,709,3,0.839106548872,False,0.080835343014,False,-0.059555968751099995,-0.10127810803500001,-0.0204427650205,True
14184,709,4,0.61271778522,False,0.07498108960830001,True,-0.0610901281791,-0.0969435269181,-0.0219624373098,True
14185,709,5,1.0817243739799998,False,0.0689415452982,True,-0.0536509721392,-0.0887508919165,-0.0198093466183,True
14186,709,6,2.5480101951400003,False,0.0667212853321,True,-0.0427613065305,-0.07439522441060001,-0.007673939078499999,True
14187,709,7,1.4470904596599998,False,0.0648802177393,True,-0.0483809414893,-0.0811366912737,-0.0162564735343,True
14188,709,8,0.13847308549,True,0.06180179492380001,True,-0.057783849177,-0.0872945893046,-0.0254927943808,True
14189,709,9,0.226315377492,True,0.0627011184633,True,-0.05528359102999999,-0.0860006169002,-0.0232994984369,True
14190,709,10,0.73826279674,False,0.061019195289,True,-0.05131293489969999,-0.0814794144025,-0.0204602191135,True
14191,709,11,0.0025747911725799997,True,0.0613655617662,True,-0.059451343007500004,-0.08877049134050001,-0.027404929574299998,True
14192,709,12,0.000330569987664,True,0.059470672140800006,True,-0.06301297380149999,-0.091552630658,-0.0320819585172,True
14193,709,13,0.00658250469487,True,0.0574721898965,True,-0.0590431190259,-0.08800142673419999,-0.0305292368377,True
14194,709,14,0.00017172478658,True,0.0571606111653,True,-0.059345300901899996,-0.088856849861,-0.0316962386957,True
14195,709,15,0.00018842345976499998,True,0.05703492833869999,True,-0.059103266608699995,-0.0879635128245,-0.0309285844858,True
14196,709,16,0.00011931174075599999,True,0.056057911255,True,-0.05757534059140001,-0.0845095180944,-0.028451606839400005,True
14197,709,17,0.09836750179439999,True,0.056656949544,True,-0.062201017292,-0.0899079818076,-0.0332510322635,True
14198,709,18,0.111114108626,True,0.056810255027300006,True,-0.0594833783994,-0.08745153388489998,-0.0306412788577,True
14199,709,19,9.74103478832e-07,True,0.0555003580167,True,-0.059839521008199996,-0.0878835397058,-0.0323831816891,True
14200,710,0,32.4447483083,False,0.138958729357,False,-0.00663227510584,-0.07693017701060001,0.0620285523461,False
14201,710,1,34.8831523552,False,0.10651719411699999,False,-0.022123499248200004,-0.07570187589810001,0.030815318218799997,False
14202,710,2,36.2799713419,False,0.0865288186442,False,-0.0208770215772,-0.0669162196978,0.019612598946400002,False
14203,710,3,19.6082592743,False,0.07990896990789999,True,-0.0316921514706,-0.0711489928205,0.00875997708734,False
14204,710,4,7.42888104546,False,0.0750221808166,True,-0.041525417455000005,-0.07957620860169999,-0.00455402778509,True
14205,710,5,2.00783140101,False,0.0692891951022,True,-0.0498057946827,-0.0847943072885,-0.0155051121863,True
14206,710,6,0.8078247635879999,False,0.06687120544649999,True,-0.0520059986542,-0.08553369467430001,-0.0186624892278,True
14207,710,7,0.9675729219879999,False,0.0634628304421,True,-0.0500958610636,-0.08073259256839999,-0.0172697621264,True
14208,710,8,1.63890869609,False,0.0614027759942,True,-0.0434886691526,-0.0749570879791,-0.013554311984899998,True
14209,710,9,1.38921025037,False,0.061750386125699996,True,-0.0441356682218,-0.0739256331368,-0.0121752470111,True
14210,710,10,1.93931971407,False,0.059530662390900005,True,-0.041535299646300004,-0.0726685781654,-0.0131379157745,True
14211,710,11,2.25471435134,False,0.0592999752125,True,-0.0393984302203,-0.0677377596565,-0.008437784444,True
14212,710,12,2.99208964513,False,0.0593674320027,True,-0.041913912187,-0.07046333396000001,-0.0110959019573,True
14213,710,13,0.511283581294,False,0.058472257120900005,True,-0.045988634754900004,-0.0745580014221,-0.0160857443012,True
14214,710,14,0.760683868268,False,0.0581936592685,True,-0.0469820498333,-0.0766359504193,-0.0184422911509,True
14215,710,15,0.588162081673,False,0.0561536626717,True,-0.0451147572442,-0.07313932217239999,-0.0169856595007,True
14216,710,16,0.150240984716,True,0.05849781677569999,True,-0.051703120071,-0.078888336085,-0.0203905193093,True
14217,710,17,0.127122878971,True,0.057594281564199996,True,-0.0554382149574,-0.0842561935354,-0.0266619119711,True
14218,710,18,0.008666049300879998,True,0.057346982055,True,-0.0536227809342,-0.0835690765252,-0.0262220944702,True
14219,710,19,0.00392991328757,True,0.0565326087839,True,-0.054823140666,-0.0824348158035,-0.0259022070196,True
14220,711,0,21.517747883200002,False,0.142885224497,False,-0.0337115407333,-0.102910327052,0.039974897445099994,False
14221,711,1,3.61179185116,False,0.101999731235,False,-0.060523715267000004,-0.113889802826,-0.011890071590499998,True
14222,711,2,0.378880138294,False,0.08758568607850001,False,-0.07203174845589999,-0.117590508232,-0.030004822154,True
14223,711,3,0.37701556861599994,False,0.08096513512739999,False,-0.0631401310465,-0.104816196187,-0.023851061059699998,True
14224,711,4,1.3941879396899999,False,0.07281988279360001,True,-0.0553351296158,-0.0917394176901,-0.018919534896499998,True
14225,711,5,0.00194019416476,True,0.069679905035,True,-0.074279383729,-0.109481423535,-0.0398015185004,True
14226,711,6,0.04001702465569999,True,0.067566504967,True,-0.0670091020438,-0.10250570714500001,-0.0349392021784,True
14227,711,7,0.262966181119,True,0.0657961740278,True,-0.056841304905199994,-0.09040652132179999,-0.024610347294099996,True
14228,711,8,0.0220617346134,True,0.0617142709024,True,-0.058189182946,-0.08942544559730001,-0.0277111746949,True
14229,711,9,0.134778764827,True,0.0584043749686,True,-0.0552526746643,-0.08289254143130001,-0.0244881664626,True
14230,711,10,0.535651871153,False,0.0619159482758,True,-0.05166269131580001,-0.0805417909713,-0.0186258426954,True
14231,711,11,1.26810225761,False,0.060734605801800005,True,-0.046442626846699996,-0.07680182554010001,-0.0160672197383,True
14232,711,12,2.35909151596,False,0.058389581109800005,True,-0.041470232716800004,-0.0703722980574,-0.011982716947600001,True
14233,711,13,3.57779041937,False,0.0575279007515,True,-0.0375049917139,-0.0667924639602,-0.009264563208690001,True
14234,711,14,1.30981087614,False,0.058727903320399996,True,-0.0451549276288,-0.0755941775255,-0.0168662742051,True
14235,711,15,0.814814357498,False,0.0570030490186,True,-0.044699974298300006,-0.0749232622194,-0.0179202132008,True
14236,711,16,0.129833482883,True,0.0574930113423,True,-0.0512673332075,-0.0791059688364,-0.021612957494099996,True
14237,711,17,0.152643935307,True,0.0571499010086,True,-0.0505354964626,-0.07569455668210001,-0.0185446556735,True
14238,711,18,0.252302354055,True,0.054534275396,True,-0.0529969232284,-0.08166503101719999,-0.0271307556212,True
14239,711,19,0.24461905722199997,True,0.0574864934864,True,-0.0514655646071,-0.0791263181281,-0.0216398246418,True
14240,712,0,2.66339793807,False,0.141694378388,False,-0.0835794036409,-0.15318689682,-0.011492518432,True
14241,712,1,11.769175600399999,False,0.10782021681199999,False,-0.04528710572869999,-0.10049210192600001,0.007328114886020001,False
14242,712,2,13.4770867233,False,0.08724665845789999,False,-0.038592474462599995,-0.0826421595175,0.00460449894037,False
14243,712,3,13.960758533900002,False,0.0789790344431,True,-0.035225647824400005,-0.07441773425189999,0.004561300191220001,False
14244,712,4,37.3730580232,False,0.07357507265160002,True,-0.020138613348900002,-0.056626690846499995,0.016948381805100003,False
14245,712,5,31.566232930100004,False,0.0688909445136,True,-0.0233754937988,-0.0577590092122,0.0111319353014,False
14246,712,6,19.3038819344,False,0.0685586448595,True,-0.0270632744012,-0.0603974159935,0.008161228865979999,False
14247,712,7,10.902645843299998,False,0.0644998692249,True,-0.0330298335438,-0.0667614196965,-0.00226155047159,True
14248,712,8,14.6708665448,False,0.06505796520519999,True,-0.030437630324900003,-0.06468645809899999,0.00037150710625,False
14249,712,9,11.251116339100001,False,0.060846635236,True,-0.032253219160099995,-0.0631553283127,-0.00230869307669,True
14250,712,10,9.40015105817,False,0.0591662057207,True,-0.0321352816983,-0.06152318819540001,-0.00235698247479,True
14251,712,11,4.04669430211,False,0.0573967398034,True,-0.0362537913555,-0.06520556607530001,-0.007808826271930001,True
14252,712,12,5.59639527727,False,0.0604075972987,True,-0.037332555475300004,-0.0670103346554,-0.00660273735679,True
14253,712,13,1.7718908830200002,False,0.05964942317969999,True,-0.0461538071926,-0.07340894650100001,-0.0137595233213,True
14254,712,14,0.9019511633700001,False,0.0570175040515,True,-0.0461008312271,-0.07645467673289999,-0.019437172681299998,True
14255,712,15,0.801476237022,False,0.057278361544000005,True,-0.048445049323699994,-0.0766299802194,-0.0193516186754,True
14256,712,16,1.4498991041999998,False,0.0589671215056,True,-0.043354252604400005,-0.0719183722847,-0.0129512507792,True
14257,712,17,0.24021640257399998,True,0.056521317679999995,True,-0.049489175615499995,-0.07764357480060001,-0.021122257120599997,True
14258,712,18,0.5011825930839999,False,0.054403049445400004,True,-0.043048637187299996,-0.0694665695456,-0.015063520100200001,True
14259,712,19,2.04288873305,False,0.057371820280099996,True,-0.0415304931416,-0.0689561860465,-0.011584365766399998,True
14260,713,0,18.3887060008,False,0.139741469984,False,-0.0399327278464,-0.110485998224,0.029255471759700002,False
14261,713,1,4.97918604696,False,0.104977492691,False,-0.0593025106819,-0.112539483448,-0.00756199075683,True
14262,713,2,1.0624153337,False,0.08818916563330001,False,-0.062483922108199995,-0.10497806567700001,-0.0167889000441,True
14263,713,3,0.549173187312,False,0.080315616681,False,-0.0625323156456,-0.10153507113500002,-0.0212194544538,True
14264,713,4,0.507783177274,False,0.074339789878,True,-0.0604071988081,-0.09731072502730001,-0.0229709351493,True
14265,713,5,0.245564984927,True,0.0691697352677,True,-0.0618080122735,-0.0967628115447,-0.027593076277,True
14266,713,6,0.0551819266256,True,0.0666112745125,True,-0.06332480114109999,-0.09560102134050001,-0.028989746828000002,True
14267,713,7,0.053474478895500006,True,0.0652277029756,True,-0.0652910712264,-0.09691509766100001,-0.0316873946855,True
14268,713,8,7.86507508706e-06,True,0.0640822609306,True,-0.0686505977335,-0.10237854673699999,-0.038296285806,True
14269,713,9,5.08222971268e-06,True,0.0583975798886,True,-0.0658817759626,-0.09557379189210001,-0.0371762120035,True
14270,713,10,1.75388418772e-06,True,0.05922482732369999,True,-0.0697900427848,-0.09931034981480001,-0.040085522491,True
14271,713,11,5.79090056343e-21,True,0.0578772601798,True,-0.0772993411829,-0.107225591798,-0.0493483316184,True
14272,713,12,0.0363767981883,True,0.0579023920706,True,-0.0722984955995,-0.100007766867,-0.042105374796,True
14273,713,13,1.79196011761e-06,True,0.057371811105500006,True,-0.0700370839152,-0.0990404085179,-0.041668597412400005,True
14274,713,14,1.08943669691e-12,True,0.059482938406199996,True,-0.0703980862853,-0.100343243168,-0.0408603047619,True
14275,713,15,1.7903603627799999e-07,True,0.0588827927331,True,-0.0687985964356,-0.096750761433,-0.0378679686999,True
14276,713,16,1.9450765122799998e-10,True,0.0570399531178,True,-0.0659869496661,-0.0933159112926,-0.036275958174800005,True
14277,713,17,2.9660617524400005e-16,True,0.05686232437680001,True,-0.0672590826894,-0.0963516976852,-0.0394893733084,True
14278,713,18,1.3015281575e-07,True,0.0560862064657,True,-0.06600232893880001,-0.09323005166919998,-0.0371438452034,True
14279,713,19,3.11995507808e-06,True,0.0571782467356,True,-0.0658854456246,-0.09431082510330001,-0.037132578367800005,True
14280,714,0,34.5975307699,False,0.13999045548,False,0.00229610861595,-0.0638184705381,0.0761719849422,False
14281,714,1,17.491248527,False,0.10633847433,False,-0.0395724784023,-0.0925304460108,0.0138080283189,False
14282,714,2,48.303651405699995,False,0.09047229044789999,False,-0.0131689935969,-0.05868684015719999,0.031785450290599995,False
14283,714,3,37.9618165779,False,0.080814466048,False,-0.0190426059291,-0.0577693517743,0.023045114273700002,False
14284,714,4,44.0729529657,False,0.074626241344,True,-0.0170238492003,-0.0532952259173,0.0213310154267,False
14285,714,5,39.257839394,False,0.0674675746313,True,-0.019389678040900003,-0.0553055763489,0.0121619982824,False
14286,714,6,46.0815355457,False,0.06538784762540001,True,-0.017290812011799998,-0.0488964806491,0.0164913669762,False
14287,714,7,43.5648295685,False,0.0653290396438,True,-0.017539861041000002,-0.0510326097982,0.0142964298457,False
14288,714,8,30.6521880477,False,0.0642073466344,True,-0.0231120944484,-0.055065327068499995,0.009142019565940001,False
14289,714,9,47.9783064961,False,0.0630719386372,True,-0.0168190593052,-0.0491323919041,0.0139395467331,False
14290,714,10,25.2385371199,False,0.0593547417808,True,-0.0236338154478,-0.0523456817366,0.00700906004419,False
14291,714,11,21.452525346199998,False,0.0599030225965,True,-0.025728997551899998,-0.05707414491880001,0.00282887767769,False
14292,714,12,14.795570431600002,False,0.057881731414099996,True,-0.0288176242906,-0.0575178608256,0.00036387058846199996,False
14293,714,13,18.387497598299998,False,0.0568821613179,True,-0.025130173548599997,-0.054446948530900006,0.00243521278706,False
14294,714,14,21.1957546947,False,0.060356613519,True,-0.025693924533099998,-0.056417627776499994,0.00393898574254,False
14295,714,15,13.386804482899999,False,0.0590424348783,True,-0.029235888539599998,-0.058825452384099995,0.000216982494281,False
14296,714,16,7.499914778939999,False,0.0575796223699,True,-0.0325331611632,-0.0626168405501,-0.00503721818028,True
14297,714,17,4.38190997196,False,0.0567548886008,True,-0.0349519626473,-0.0633211079668,-0.00656621936601,True
14298,714,18,1.8519163353599999,False,0.056579735252300006,True,-0.0417548700479,-0.0694878769569,-0.0129081417046,True
14299,714,19,1.99216023158,False,0.0592831674773,True,-0.04314496367790001,-0.0728850385577,-0.013601871080499999,True
14300,715,0,29.9720039585,False,0.142880465869,False,0.0160968568535,-0.0562466751586,0.0866337907108,False
14301,715,1,40.5642948719,False,0.10360081984099999,False,0.015185149733,-0.0386882913025,0.06491252853849999,False
14302,715,2,45.173439496099995,False,0.08672555173460002,False,-0.0134981795319,-0.0549287515293,0.0317968002054,False
14303,715,3,25.4082420568,False,0.0813786527552,False,-0.0271886874421,-0.06987675330160001,0.0115018994537,False
14304,715,4,35.5547489194,False,0.0757490479017,True,-0.021981144456700002,-0.059657267693400004,0.0160917802083,False
14305,715,5,25.5437286281,False,0.0707907527961,True,-0.0245874516623,-0.058486135745,0.0123046170511,False
14306,715,6,30.5943911429,False,0.0673836916948,True,-0.0215296084986,-0.054466763514599996,0.012916928180200002,False
14307,715,7,34.656383559,False,0.0641733998493,True,-0.0209240951351,-0.05479221325130001,0.00938118659798,False
14308,715,8,27.334965279200002,False,0.06322698806350001,True,-0.023194510833299996,-0.0542656076402,0.00896138042331,False
14309,715,9,22.1280777643,False,0.059731490285199994,True,-0.0240459738242,-0.0543597939029,0.00537169638233,False
14310,715,10,18.437297249100002,False,0.0586942459789,True,-0.0256378598015,-0.0556132505989,0.00308099538004,False
14311,715,11,11.6275828142,False,0.06130689694730001,True,-0.0314835185295,-0.0630390821748,-0.00173218522747,True
14312,715,12,2.52008355437,False,0.0592124884745,True,-0.0402383038838,-0.0691706077939,-0.00995811931938,True
14313,715,13,4.6571463702800004,False,0.0585409499134,True,-0.0370357780455,-0.0673297367379,-0.008788786824530001,True
14314,715,14,4.38954880253,False,0.0590993181497,True,-0.0384415923666,-0.0693472803192,-0.0102479621695,True
14315,715,15,3.3466908377499998,False,0.058407044572199994,True,-0.0375497830144,-0.0669341258733,-0.00852708130114,True
14316,715,16,8.45193308639,False,0.0592673623606,True,-0.032750743911900006,-0.0619918893905,-0.0027245270299200005,True
14317,715,17,5.05873876593,False,0.0574239316082,True,-0.0363990961831,-0.06687857951080001,-0.00945464790261,True
14318,715,18,3.4948683603699995,False,0.0550942616323,True,-0.0370999514536,-0.0637982936997,-0.008704032067459998,True
14319,715,19,1.0903240452399998,False,0.054866019561099995,True,-0.0425123085611,-0.07078700177160001,-0.0159209822105,True
14320,716,0,0.328793632628,True,0.149167100681,False,-0.11621858441999999,-0.19680953429099998,-0.0476424336103,True
14321,716,1,0.282021311846,True,0.10697823815400001,False,-0.0829475216147,-0.13553172969399999,-0.0285534915397,True
14322,716,2,0.43820262336000004,False,0.090167059755,False,-0.0738050568215,-0.11897753084000001,-0.028810471084599998,True
14323,716,3,0.9082207687289999,False,0.0782012639508,True,-0.0589834150614,-0.09605085092289999,-0.0178495869721,True
14324,716,4,0.43077074933,False,0.0728019813925,True,-0.06425585697580001,-0.101201554826,-0.0283995734339,True
14325,716,5,1.67436061039,False,0.0690701636042,True,-0.0524266233004,-0.0874305290656,-0.0183603654614,True
14326,716,6,0.4312267969,False,0.06901880622510001,True,-0.056639455813600005,-0.0908403051443,-0.0218214989192,True
14327,716,7,0.352168505436,False,0.0639294959914,True,-0.0569935003338,-0.08853266651200001,-0.024603170520599998,True
14328,716,8,0.412363893847,False,0.0629036026284,True,-0.051858336612999996,-0.0825933471428,-0.0196897445145,True
14329,716,9,0.8550846581,False,0.0625728870312,True,-0.0545226499919,-0.0854731050451,-0.022900218013900003,True
14330,716,10,0.11068908082999998,True,0.0595405411541,True,-0.0568712314114,-0.08500986504000001,-0.0254693238859,True
14331,716,11,2.33864899636e-05,True,0.059889255965800005,True,-0.065264004015,-0.0943829126234,-0.0344936566576,True
14332,716,12,3.1101476924e-16,True,0.0586303015804,True,-0.07145795919369999,-0.10295305446799999,-0.044322752887199994,True
14333,716,13,9.476835671810001e-14,True,0.056748338132,True,-0.0691899277152,-0.0988285662126,-0.0420802280805,True
14334,716,14,0.00022514661135299998,True,0.059147877588,True,-0.0663192214016,-0.0971883717909,-0.0380404942029,True
14335,716,15,1.14493274558e-16,True,0.05809800526000001,True,-0.07258093962569999,-0.100826736595,-0.0427287313354,True
14336,716,16,1.51859808739e-10,True,0.056811785794199994,True,-0.0732468922309,-0.103009770141,-0.046197984346599996,True
14337,716,17,1.20072701535e-16,True,0.0571737093619,True,-0.0758618430333,-0.105428685482,-0.048254976119900005,True
14338,716,18,6.59869440782e-06,True,0.0579605317801,True,-0.0743260485679,-0.10344111344000001,-0.045480581660000005,True
14339,716,19,7.20212455736e-19,True,0.0559036258133,True,-0.07802719828929999,-0.107307566606,-0.051403940792500005,True
14340,717,0,24.2317984337,False,0.14269245386,False,-0.0306435560665,-0.102475018127,0.0402174357329,False
14341,717,1,23.069937504400002,False,0.103906654168,False,-0.0328636009084,-0.08510584017589999,0.0188008139922,False
14342,717,2,2.38276058625,False,0.09173105402750001,False,-0.0574938614963,-0.104322672522,-0.0125916184949,True
14343,717,3,0.193396312974,True,0.0811665421269,False,-0.06509329510890001,-0.105490427016,-0.024323884888900003,True
14344,717,4,0.276879666556,True,0.07589630649410001,True,-0.0652290305177,-0.10638328513499999,-0.0304869786406,True
14345,717,5,0.21620698178199999,True,0.0735987178832,True,-0.06394819476819999,-0.09885882744010001,-0.0252601095568,True
14346,717,6,0.00129203466398,True,0.0662045372114,True,-0.0654990767155,-0.09739418515349998,-0.0311896479421,True
14347,717,7,0.09209832776480001,True,0.06399092680049999,True,-0.06177242605719999,-0.0951324616801,-0.0311415348796,True
14348,717,8,0.00019226500945099996,True,0.0634085877734,True,-0.0676831871013,-0.0996638030696,-0.036255215296199995,True
14349,717,9,6.80848680574e-05,True,0.060408502970400006,True,-0.0692148855818,-0.0994888505669,-0.0390803475964,True
14350,717,10,2.99026721722e-05,True,0.0589593360344,True,-0.0616428184208,-0.09028873019929999,-0.031329394164999996,True
14351,717,11,0.0354114031117,True,0.057335010221100005,True,-0.0535221263997,-0.0806307462233,-0.023295736002199998,True
14352,717,12,0.382804946752,False,0.0573806316756,True,-0.050216815471199994,-0.0784653919063,-0.021084760230700002,True
14353,717,13,0.223231979672,True,0.05972639346440001,True,-0.0524784815706,-0.0830894856124,-0.023363092148000003,True
14354,717,14,0.0575208459426,True,0.056079006133300004,True,-0.0525120321655,-0.08088866188260001,-0.0248096557492,True
14355,717,15,0.076584787602,True,0.057909339688599994,True,-0.05601257552069999,-0.0837704449967,-0.0258611053081,True
14356,717,16,0.109822670197,True,0.0563741844414,True,-0.055044463544899995,-0.0840362033873,-0.0276620189459,True
14357,717,17,6.47672101293e-06,True,0.056886503048800004,True,-0.0645981382581,-0.09150244897710001,-0.0346159459282,True
14358,717,18,5.5783306037300006e-12,True,0.057657205482,True,-0.0676647225129,-0.095386453191,-0.0377292477091,True
14359,717,19,5.3093346201499995e-12,True,0.0546280138227,True,-0.06239596262069999,-0.08913466832,-0.034506654497300004,True
14360,718,0,7.52125855258,False,0.142333802676,False,-0.06588649355380001,-0.137346789277,0.00498701339961,False
14361,718,1,8.72860579767,False,0.104222470583,False,-0.048952253964400005,-0.101653436374,0.00256903420864,False
14362,718,2,0.830789006722,False,0.0852175812425,False,-0.0665148406881,-0.108932053489,-0.023714472246199998,True
14363,718,3,0.795368275302,False,0.0803745601017,False,-0.063669264783,-0.10573346057600001,-0.025358900474099996,True
14364,718,4,3.3824941565900004,False,0.0749782826161,True,-0.0497870253419,-0.08886782015830001,-0.0138895375422,True
14365,718,5,3.7337153028900003,False,0.07130478707539999,True,-0.046660914547800005,-0.0842999404086,-0.0129951533332,True
14366,718,6,0.831843822331,False,0.0674909846116,True,-0.0545799513428,-0.08719172756060001,-0.019700742949,True
14367,718,7,1.8845603243,False,0.0646282019801,True,-0.04701528633930001,-0.08028741782589999,-0.0156592158458,True
14368,718,8,1.44746169339,False,0.0634468544534,True,-0.04649620021380001,-0.0767046679317,-0.013257813478299999,True
14369,718,9,0.499976202943,False,0.0610708480902,True,-0.0510859409662,-0.0814142296737,-0.0203433815836,True
14370,718,10,0.0171939061199,True,0.0605290435535,True,-0.0565360325664,-0.0858574568907,-0.0253284133372,True
14371,718,11,0.140286657975,True,0.0583119308127,True,-0.050892616755900004,-0.0811238715805,-0.022811940767799996,True
14372,718,12,0.00709644465531,True,0.05961387543669999,True,-0.055261469283499995,-0.08380048907030001,-0.024186613633599998,True
14373,718,13,0.00628687228318,True,0.0577391707148,True,-0.0594299536822,-0.0867614041989,-0.029022233484099998,True
14374,718,14,1.56627977661e-07,True,0.057067196647300006,True,-0.0646562626527,-0.0942267328974,-0.0371595362501,True
14375,718,15,8.09940449684e-19,True,0.0569621091794,True,-0.07449923074310001,-0.10323745469000001,-0.04627534551080001,True
14376,718,16,7.256043167819999e-31,True,0.055487218654800004,True,-0.08429960328069999,-0.1127574577,-0.0572702390448,True
14377,718,17,1.6782203758000002e-19,True,0.056518613268099996,True,-0.07831720214150001,-0.107516946651,-0.0509983333829,True
14378,718,18,6.908256482019999e-25,True,0.0572411163086,True,-0.08013129649919999,-0.109181577311,-0.051940461002400004,True
14379,718,19,4.60287435451e-25,True,0.056261007442100004,True,-0.0795141196078,-0.106784585443,-0.0505235780011,True
14380,719,0,31.023519181399998,False,0.144372270014,False,0.0163596013355,-0.0539605279566,0.0904117420576,False
14381,719,1,18.438180377200002,False,0.10151379532400001,False,-0.036778866294699994,-0.0893581307876,0.012155664536,False
14382,719,2,0.101871265818,True,0.0881226169774,False,-0.0826517041488,-0.12722628437,-0.0391036673925,True
14383,719,3,0.312176865292,True,0.0812844449528,False,-0.0744268254402,-0.116945243753,-0.035660798800599997,True
14384,719,4,0.450306450228,False,0.07649772071960001,True,-0.0636197083383,-0.0988838892662,-0.022386168546599996,True
14385,719,5,0.167487241658,True,0.0699591570319,True,-0.0688871757714,-0.10413458398499999,-0.0341754269534,True
14386,719,6,1.34820398045e-06,True,0.067546683148,True,-0.07394544354669999,-0.10742399784600001,-0.039877314698,True
14387,719,7,0.00243976647562,True,0.0648604188344,True,-0.0650460946671,-0.0985556014174,-0.033695182583,True
14388,719,8,8.77108130632e-14,True,0.0631677819707,True,-0.0768780291181,-0.10659796711200001,-0.0434301851408,True
14389,719,9,3.875982831999999e-06,True,0.0601814415289,True,-0.0684085413792,-0.0994172295328,-0.0392357880039,True
14390,719,10,7.3117757853199995e-06,True,0.0617668435684,True,-0.0607325701487,-0.08906022443600001,-0.027293380867599998,True
14391,719,11,0.022734134023700003,True,0.0605502447695,True,-0.0575088518545,-0.08933390810820001,-0.028783663338700003,True
14392,719,12,0.00337072687696,True,0.0574283776342,True,-0.0616216831509,-0.0915461996596,-0.0341178220254,True
14393,719,13,0.00334151418875,True,0.05796701291669999,True,-0.0540701792941,-0.0826542732578,-0.024687260340999998,True
14394,719,14,0.35310292225,False,0.058283017677400004,True,-0.0527512130955,-0.08198600168600001,-0.0237029840086,True
14395,719,15,0.0922146278482,True,0.0572137096655,True,-0.052196697939599995,-0.08005120844430001,-0.0228374987788,True
14396,719,16,0.471740359002,False,0.056182125970300006,True,-0.0486710218085,-0.07510524302410002,-0.0189231170538,True
14397,719,17,0.368759222143,False,0.056185967166300005,True,-0.0515918993434,-0.0786918872569,-0.022505920090600002,True
14398,719,18,0.00515402312493,True,0.0560175337114,True,-0.0532195958105,-0.082015885974,-0.0259983522626,True
14399,719,19,0.028002235828999997,True,0.05534890629269999,True,-0.057023267609,-0.0842239764551,-0.028875070162299996,True
14400,720,0,27.081952805700002,False,0.144614088025,False,-0.0263953064186,-0.102468681494,0.042145406531,False
14401,720,1,15.996680378199999,False,0.101912418869,False,-0.0394680931341,-0.0903338916822,0.0115785271872,False
14402,720,2,17.429745017200002,False,0.09059543304829999,False,-0.035908728354000004,-0.0833395717868,0.00725586126148,False
14403,720,3,12.892350021099999,False,0.079370435679,True,-0.036069811755800006,-0.07463546453929999,0.00473497113975,False
14404,720,4,19.2412556679,False,0.0738841136451,True,-0.0291922522554,-0.06468690460580001,0.00919720903928,False
14405,720,5,10.1337809986,False,0.0695736105622,True,-0.0365003292482,-0.0717398113131,-0.0021662007509200003,True
14406,720,6,3.6473538846599998,False,0.06697818723849999,True,-0.043216061656999996,-0.0770715309134,-0.0100933436749,True
14407,720,7,1.39889646478,False,0.064049333308,True,-0.04730877080799999,-0.0802427988612,-0.0161934655532,True
14408,720,8,0.603161576142,False,0.0638990917356,True,-0.0516137488987,-0.08475852419189998,-0.020859432456200002,True
14409,720,9,0.220913362943,True,0.06302052913459999,True,-0.0533068283232,-0.0846479092327,-0.0216273800981,True
14410,720,10,0.298969537728,True,0.0602913829978,True,-0.0496903661866,-0.0788082556312,-0.0185168726334,True
14411,720,11,3.44087306708,False,0.0607739765256,True,-0.040294913440199996,-0.07146299460810002,-0.0106890180825,True
14412,720,12,2.00881580055,False,0.0605662731944,True,-0.042984842433,-0.0728616307087,-0.0122953575143,True
14413,720,13,0.65301755585,False,0.0590624498414,True,-0.0487926298048,-0.0769128386629,-0.017850388821499998,True
14414,720,14,0.114203218875,True,0.057518602464899996,True,-0.0499862633176,-0.0798440635463,-0.022325461081400003,True
14415,720,15,1.91242739145,False,0.0607413783092,True,-0.043370868200599995,-0.0745051585531,-0.013763780243899999,True
14416,720,16,0.45420979751100005,False,0.057672543393800006,True,-0.0474736775562,-0.0766232081648,-0.0189506647711,True
14417,720,17,0.659936207903,False,0.0571422586569,True,-0.0447375538764,-0.0737515332247,-0.016609274567700002,True
14418,720,18,1.00451916879,False,0.060163655760000004,True,-0.04767841057469999,-0.0768141874476,-0.0166505316875,True
14419,720,19,0.00297029013417,True,0.0566243018286,True,-0.055115605319499994,-0.08245211650169999,-0.025827814673099997,True
14420,721,0,12.4904388199,False,0.141045593601,False,-0.0516972698098,-0.11801426288599999,0.0230313307153,False
14421,721,1,11.268460967000001,False,0.10289146781300001,False,-0.045416553442000004,-0.09583037571589999,0.007061092096789999,False
14422,721,2,31.7871711154,False,0.0874336684063,False,-0.024271671198900002,-0.0674811164332,0.0199525519731,False
14423,721,3,19.4138136942,False,0.0779157469602,True,-0.031070862155,-0.06963803860889999,0.00827770835126,False
14424,721,4,11.9441532568,False,0.0708022278436,True,-0.0352410912331,-0.0709487513295,-0.000146523485889,True
14425,721,5,3.27847522048,False,0.06906965266210001,True,-0.045297243594399995,-0.0804842552309,-0.0114146025688,True
14426,721,6,4.2655727388699995,False,0.06804354794890001,True,-0.041611056510300004,-0.0753851351387,-0.00734158718982,True
14427,721,7,0.7838104034819999,False,0.06517902799940001,True,-0.0512536989078,-0.08562085370349999,-0.0204418257041,True
14428,721,8,0.38643541703,False,0.0626137199365,True,-0.051990527595300005,-0.0843751935073,-0.0217614735708,True
14429,721,9,0.0011223726043,True,0.0635069831977,True,-0.0677087755386,-0.10053885164,-0.037031868442,True
14430,721,10,1.41109930401e-20,True,0.060256240292199996,True,-0.0734327348725,-0.103282052368,-0.043025812075500006,True
14431,721,11,1.6178162733599998e-07,True,0.0595543271467,True,-0.0665677116802,-0.0950749125433,-0.035520585396599996,True
14432,721,12,0.0005878047798180001,True,0.05918517495469999,True,-0.0708686298363,-0.100190850511,-0.041005675556,True
14433,721,13,3.8288761912299997e-17,True,0.058054138134000004,True,-0.07296017346530001,-0.103074031196,-0.0450198930617,True
14434,721,14,1.85433756812e-20,True,0.05646394293819999,True,-0.0738451318949,-0.101838253247,-0.045374310309100004,True
14435,721,15,8.48077856039e-09,True,0.05522898506019999,True,-0.07140867188910001,-0.10002765159499999,-0.0447986665345,True
14436,721,16,0.0005528003350290001,True,0.057748111349499996,True,-0.061680436689300004,-0.0897159450715,-0.031967833722,True
14437,721,17,0.00048462659240199995,True,0.0571329605449,True,-0.05730083320180001,-0.0857106349759,-0.028577674430999997,True
14438,721,18,0.00271730497066,True,0.0564591481195,True,-0.061821141780400005,-0.09019863424699999,-0.033739486127499996,True
14439,721,19,9.74668526133e-09,True,0.0562770672564,True,-0.0618694640125,-0.0911114777722,-0.0348344105158,True
14440,722,0,15.4738797521,False,0.140826211207,False,-0.046236982274699995,-0.117805026419,0.0230211847882,False
14441,722,1,23.0809256077,False,0.10116017089,False,-0.031043675905499998,-0.0803330388958,0.0208271319941,False
14442,722,2,8.13975497055,False,0.08322124896930001,False,-0.043868204325,-0.08365451638339999,-0.000433267414083,True
14443,722,3,1.16579716655,False,0.0782816884386,True,-0.057913050466300006,-0.098878545914,-0.0205968574755,True
14444,722,4,0.2365157523,True,0.0717328380588,True,-0.062432954865899996,-0.0999451371049,-0.028212299046099995,True
14445,722,5,0.07779382130819999,True,0.071375911281,True,-0.0616554314999,-0.09450134305510001,-0.0231254317741,True
14446,722,6,0.2505871041,True,0.0693958810405,True,-0.0583747734395,-0.0950462209953,-0.0256503399548,True
14447,722,7,0.339334476206,False,0.0663674431782,True,-0.054808837698099994,-0.09060522890349999,-0.0242377857253,True
14448,722,8,0.464569979623,False,0.063185563276,True,-0.0516471670397,-0.0825322233561,-0.019346660080099998,True
14449,722,9,0.27906245273200003,True,0.058589742606899996,True,-0.056076586584,-0.0844616919237,-0.025871949316699998,True
14450,722,10,0.0527098913426,True,0.0597687931057,True,-0.055413250967,-0.0852055931713,-0.025436800065599997,True
14451,722,11,0.389592540596,False,0.059073938906399996,True,-0.053931476891300005,-0.0825309695974,-0.023457030691,True
14452,722,12,0.0007584480853180001,True,0.0568877008199,True,-0.058233138392699994,-0.0866021176733,-0.029714416853299997,True
14453,722,13,0.000200340522332,True,0.057036350449599996,True,-0.0608110665033,-0.0890548214844,-0.0320184710348,True
14454,722,14,0.011529428168299998,True,0.056214284227099995,True,-0.058985183493400005,-0.08658994880789998,-0.0303756645808,True
14455,722,15,0.142044576433,True,0.058495237559000005,True,-0.0546674083311,-0.08419988495370001,-0.0257046473946,True
14456,722,16,0.0065467045669999994,True,0.0560480253411,True,-0.05594153208430001,-0.08264842654,-0.026600401198900003,True
14457,722,17,0.0614246744686,True,0.054975426567199996,True,-0.0592336164733,-0.0876372121335,-0.0326617855664,True
14458,722,18,0.000904311375428,True,0.056423849854300004,True,-0.05677403271940001,-0.0853764764564,-0.0289526266022,True
14459,722,19,8.57395520787e-06,True,0.0562088477482,True,-0.0605060506937,-0.090325153483,-0.0341163057348,True
14460,723,0,25.2481168833,False,0.143454375531,False,-0.027172324081900002,-0.103407785167,0.040046590363800004,False
14461,723,1,16.2433755468,False,0.104420746832,False,-0.0398210585387,-0.0907325106968,0.0136882361351,False
14462,723,2,8.00123230168,False,0.0879368984748,False,-0.045417708042599994,-0.0882608294625,-0.00032393098769300003,True
14463,723,3,16.448429054200002,False,0.08111191026589999,False,-0.03330644677090001,-0.0736699972253,0.00744191304059,False
14464,723,4,18.406613543,False,0.0727111694275,True,-0.0306382115496,-0.0662432586718,0.006467910755770001,False
14465,723,5,27.187026298499998,False,0.0704815591451,True,-0.0247173191271,-0.0613616604683,0.00911989867681,False
14466,723,6,13.401508025899998,False,0.06574635584800001,True,-0.0318349172453,-0.0646742580891,0.00107209775893,False
14467,723,7,8.907679074610002,False,0.0638105425497,True,-0.0351844455198,-0.0670434872841,-0.00323294473435,True
14468,723,8,7.27826835995,False,0.0628331687831,True,-0.035596955652,-0.0664021168485,-0.0035689480654000003,True
14469,723,9,13.95070537,False,0.06312622664090001,True,-0.029384478906700002,-0.0607374107414,0.0023888158994699996,False
14470,723,10,4.59265563899,False,0.0586489366129,True,-0.0365203540454,-0.0668491160945,-0.00820017948159,True
14471,723,11,3.2449914772099997,False,0.05925884071959999,True,-0.040044185155,-0.07073615184010001,-0.011477311120500001,True
14472,723,12,7.7266710507,False,0.0604941468623,True,-0.035590884897,-0.06554709491209999,-0.00505294804983,True
14473,723,13,1.9994403231400002,False,0.05908972163980001,True,-0.0421885010121,-0.0718869588263,-0.012797237186499999,True
14474,723,14,1.32230398649,False,0.058173321582399996,True,-0.0448118206547,-0.0732225656503,-0.0150492440679,True
14475,723,15,2.41980432083,False,0.0581985653587,True,-0.0406691361784,-0.06879973951160001,-0.010601174153,True
14476,723,16,2.50239947041,False,0.0574900337265,True,-0.0397850669681,-0.0694378074762,-0.0119477737497,True
14477,723,17,6.7974281548,False,0.0556551868827,True,-0.033895349584,-0.0624620845209,-0.00680689763813,True
14478,723,18,6.7743132177600005,False,0.0557322464717,True,-0.0323273282987,-0.059424404097,-0.00369215762528,True
14479,723,19,8.55745497964,False,0.0570618923819,True,-0.0320426632394,-0.06211908826069999,-0.00505719587885,True
14480,724,0,32.0850905016,False,0.141207797415,False,-0.017157748714000002,-0.08820808671060001,0.0529997107041,False
14481,724,1,11.9700585804,False,0.103794046768,False,-0.045364484234199996,-0.0961250152922,0.007669031476170001,False
14482,724,2,24.9276532413,False,0.09064679233110001,False,-0.029259239004700004,-0.0765593422859,0.014087450045200001,False
14483,724,3,25.8811717621,False,0.08037919768349999,False,-0.027638749385199998,-0.06958244976410001,0.0107967479194,False
14484,724,4,19.9046625584,False,0.0720394352925,True,-0.0297244427078,-0.0651984706297,0.0068409646627099994,False
14485,724,5,12.9351851983,False,0.0699015144515,True,-0.033418875205000004,-0.06775848593230001,0.0021430285191700003,False
14486,724,6,4.82365174371,False,0.0681265311716,True,-0.0416607699985,-0.07626410266,-0.008137571488399999,True
14487,724,7,1.17090233381,False,0.0643209051891,True,-0.0464233456279,-0.07833113197380001,-0.014010226784700002,True
14488,724,8,1.4471398793799999,False,0.0649565743633,True,-0.048693957028,-0.0798469198206,-0.014890345457200001,True
14489,724,9,1.9814301728900001,False,0.0627058931913,True,-0.044425657099199996,-0.0766903588902,-0.0139844656989,True
14490,724,10,0.8190242283499999,False,0.060298024178900005,True,-0.0454282720426,-0.0751483204332,-0.0148502962543,True
14491,724,11,0.318275115317,True,0.0584203690795,True,-0.0498302766428,-0.0789401199525,-0.020519750873,True
14492,724,12,0.466243375891,False,0.06071230033919999,True,-0.0494107500161,-0.07934190526019999,-0.018629604921,True
14493,724,13,0.286257790741,True,0.0579950155198,True,-0.0528548023261,-0.08206902017260001,-0.0240740046528,True
14494,724,14,0.172078316999,True,0.058918258791300006,True,-0.0560675846172,-0.0850780662043,-0.026159807412900003,True
14495,724,15,0.09083343818710002,True,0.0579281274304,True,-0.057155192456599994,-0.0847621645166,-0.026834037086299996,True
14496,724,16,0.09335098496,True,0.0562287411,True,-0.0590928887292,-0.0858871142345,-0.029658373134499996,True
14497,724,17,0.042255577716800004,True,0.056717942974,True,-0.059176370983499996,-0.088317264317,-0.031599321343,True
14498,724,18,7.86556082945e-12,True,0.0567294710268,True,-0.062391953380500006,-0.09070278436000001,-0.0339733133333,True
14499,724,19,6.1148121219e-05,True,0.055972589843,True,-0.0615146134497,-0.0877508806747,-0.0317782908317,True
14500,725,0,12.703442151500001,False,0.139793835095,False,-0.05111852751680001,-0.118090244443,0.0217035906515,False
14501,725,1,26.3840377073,False,0.108479937756,False,-0.0282046428668,-0.0813396697427,0.0271402680137,False
14502,725,2,10.893469885999998,False,0.09199532365499999,False,-0.042414498313100006,-0.0887279386741,0.0032673849809099994,False
14503,725,3,14.3662413623,False,0.0812757020729,False,-0.0345832627325,-0.0759613505001,0.00531435157281,False
14504,725,4,11.6504897234,False,0.07491489306210002,True,-0.0350023234189,-0.070703005669,0.00421188739309,False
14505,725,5,29.608514681,False,0.0716774159524,True,-0.023777126913299997,-0.058252540074699995,0.0134248758777,False
14506,725,6,18.7315070109,False,0.0657040840679,True,-0.029163676767599997,-0.062081434864,0.00362264920387,False
14507,725,7,1.73837660445,False,0.0648243485249,True,-0.046969113307300005,-0.0798572448025,-0.015032896277499999,True
14508,725,8,0.623323544542,False,0.06251510288369999,True,-0.0512469863197,-0.0823757112035,-0.0198606083198,True
14509,725,9,0.243269909087,True,0.0621309446739,True,-0.052388889404100004,-0.08215056625610001,-0.020019621582099998,True
14510,725,10,0.048042337071199995,True,0.061200488119599994,True,-0.057574445061099995,-0.08845022717869999,-0.027249739059099998,True
14511,725,11,0.103054928135,True,0.06031782511869999,True,-0.0605933516843,-0.09207913784560001,-0.0317613127269,True
14512,725,12,0.00158802878557,True,0.059077075885500006,True,-0.0666933467736,-0.09517427542960001,-0.0360971995441,True
14513,725,13,3.023356085e-09,True,0.060233574822199994,True,-0.0703782412669,-0.100181409384,-0.039947834561800004,True
14514,725,14,2.03857488283e-09,True,0.0573658972358,True,-0.0709125056017,-0.10155249780200001,-0.0441866005666,True
14515,725,15,1.0504896522899998e-10,True,0.05709945656169999,True,-0.0726103227169,-0.10218099159600001,-0.0450815350344,True
14516,725,16,2.17755397836e-18,True,0.0563812923477,True,-0.07502777200069999,-0.103574314341,-0.047193021993500006,True
14517,725,17,7.726973008109999e-23,True,0.057145814532199996,True,-0.07730131792600001,-0.104621822876,-0.047476008344,True
14518,725,18,1.13647725477e-24,True,0.055750427169099996,True,-0.076762847374,-0.10499721665100001,-0.049246789482199994,True
14519,725,19,5.91346096911e-37,True,0.056426173287,True,-0.08403779227399999,-0.111827763301,-0.055401590014500006,True
14520,726,0,11.378821575999998,False,0.142099459179,False,-0.054749771777900004,-0.124502923146,0.0175965360329,False
14521,726,1,47.572120050900004,False,0.105292766598,False,-0.005434219649670001,-0.0578581312033,0.0474346353951,False
14522,726,2,38.6759915787,False,0.0888250476895,False,-0.0183838920736,-0.0605374754467,0.028287572242900003,False
14523,726,3,18.9828261511,False,0.08081238996889999,False,-0.0321635944342,-0.07351567988260001,0.007296710086290001,False
14524,726,4,14.164278511600001,False,0.073930169771,True,-0.0339736262962,-0.0702917747039,0.0036383950670900002,False
14525,726,5,4.24552262084,False,0.0707467109414,True,-0.0450353191653,-0.0800015765806,-0.00925486563919,True
14526,726,6,19.3920401551,False,0.0676821737274,True,-0.0287829066577,-0.0640078646562,0.0036743090712800003,False
14527,726,7,19.718639359,False,0.0638149901359,True,-0.0271459623245,-0.0610225563576,0.00279243377829,False
14528,726,8,18.8527250525,False,0.0621717646084,True,-0.0282056027475,-0.0593910329944,0.00278073161391,False
14529,726,9,4.39847422195,False,0.061905638690800006,True,-0.0383608408388,-0.0689690658499,-0.00706342715906,True
14530,726,10,4.10612296825,False,0.0613021543288,True,-0.0392493286859,-0.0702141063192,-0.008911951990450001,True
14531,726,11,2.23942643505,False,0.057442655302,True,-0.0417132764358,-0.0715336176838,-0.014090962381799998,True
14532,726,12,1.08737819673,False,0.0596255662301,True,-0.0444037689251,-0.07579325146039999,-0.0161676852304,True
14533,726,13,0.452992299504,False,0.0584174411156,True,-0.0460499611233,-0.07534839755089999,-0.0169309564354,True
14534,726,14,4.33612130143,False,0.0594829399961,True,-0.037525274599800006,-0.0683486818334,-0.008865741837309999,True
14535,726,15,1.27645071509,False,0.056501810007999996,True,-0.042319097014199995,-0.0696380641989,-0.0131362541909,True
14536,726,16,1.8164961446799999,False,0.058959752513300004,True,-0.0416960743529,-0.071521852552,-0.012562100038700001,True
14537,726,17,0.18536958415899998,True,0.0560307935147,True,-0.051604963706,-0.08166647855050001,-0.025635685035799997,True
14538,726,18,0.000151813531705,True,0.055263101881999996,True,-0.056181074214399995,-0.08267150331989999,-0.0274084014379,True
14539,726,19,0.00528751562455,True,0.057116609542899995,True,-0.0535722924323,-0.0820433169553,-0.024926707412400002,True
14540,727,0,2.14750648077,False,0.14418273224199998,False,-0.0890324295349,-0.159751557748,-0.015568825505899999,True
14541,727,1,0.30944962536,True,0.10447148306500001,False,-0.0854842827989,-0.135947017776,-0.031475534711,True
14542,727,2,0.629676950633,False,0.08801295063619999,False,-0.0695627615583,-0.110557096686,-0.0225441460502,True
14543,727,3,4.2010041640599995,False,0.0787767136615,True,-0.0464239807661,-0.08514079705839998,-0.00636408339686,True
14544,727,4,2.7509941256599997,False,0.0725668451755,True,-0.0474235406481,-0.0815137059485,-0.00894686077303,True
14545,727,5,1.03444815579,False,0.0695063692398,True,-0.056154739951300006,-0.09021903304300001,-0.0207126638033,True
14546,727,6,1.44393975937,False,0.06656816399519999,True,-0.0473632436703,-0.0797876928679,-0.013219528872799998,True
14547,727,7,0.8961348886149999,False,0.06443214622169999,True,-0.051444303780699994,-0.0844007470205,-0.019968600798799998,True
14548,727,8,2.19931308831,False,0.06288842479949999,True,-0.0445077433923,-0.0780084650967,-0.0151200402972,True
14549,727,9,1.3814211066799997,False,0.0603925931174,True,-0.0454989906391,-0.07590292587019999,-0.0155103327528,True
14550,727,10,2.10794521976,False,0.0599771450371,True,-0.0414127600364,-0.0698277978966,-0.00985065285952,True
14551,727,11,1.07729360725,False,0.0596034684459,True,-0.04546973169969999,-0.0764288799519,-0.016825411506,True
14552,727,12,2.6897576618700003,False,0.058540463388,True,-0.038259471868199994,-0.06623668186430001,-0.00769621847632,True
14553,727,13,3.0394385381,False,0.06002496182630001,True,-0.0404717376142,-0.07112286174150001,-0.011097899915200002,True
14554,727,14,3.28693280514,False,0.05896925206880001,True,-0.039619528274400004,-0.0682362774602,-0.00926702539134,True
14555,727,15,5.26601086671,False,0.05705420565140001,True,-0.0356490182395,-0.06381102520269999,-0.0067568195513,True
14556,727,16,2.61689245284,False,0.0572375676149,True,-0.0395642544214,-0.0686759802424,-0.0114384126275,True
14557,727,17,1.4875648849899998,False,0.0568532228646,True,-0.041006031868599996,-0.0696773318983,-0.012824109033600001,True
14558,727,18,1.40959201038,False,0.0553930981107,True,-0.0419398929296,-0.0690909068736,-0.0136978087629,True
14559,727,19,0.338327037116,False,0.0562122919838,True,-0.0485167520512,-0.07775848259530001,-0.0215461906115,True
14560,728,0,12.877307867699999,False,0.142676069904,False,-0.0526239433349,-0.124799075879,0.017876994024200003,False
14561,728,1,43.8044280451,False,0.106706364682,False,-0.00724022558816,-0.0632108622438,0.043495502438,False
14562,728,2,41.3402272842,False,0.09078695151489999,False,-0.0168964545648,-0.0603882564628,0.030398695052099998,False
14563,728,3,25.308809057199998,False,0.07814089372930001,True,-0.0272173239764,-0.0661932468664,0.011947646862899999,False
14564,728,4,13.966647164200001,False,0.0734321323769,True,-0.0337841948545,-0.06968461598180001,0.0037475163951700002,False
14565,728,5,13.636873887,False,0.07010319570239999,True,-0.0338850501779,-0.06715276805819999,0.00295042764414,False
14566,728,6,13.1091874491,False,0.06813910548690001,True,-0.0325411082513,-0.0669371985223,0.00120190696451,False
14567,728,7,13.4047698755,False,0.0638289985315,True,-0.0309689538004,-0.0618380683933,0.00199093013824,False
14568,728,8,22.2516324063,False,0.0619643269173,True,-0.025572287304099998,-0.056665152294199994,0.005299174623029999,False
14569,728,9,13.3252946182,False,0.0619202456484,True,-0.0298129321081,-0.0621713346696,-0.000251089021129,True
14570,728,10,17.142074881,False,0.06396716314539999,True,-0.0273743059519,-0.056841763668099995,0.00712539947729,False
14571,728,11,12.3810137102,False,0.058441895369800004,True,-0.028959399407900002,-0.05815810609,0.000283789279774,False
14572,728,12,15.725030981,False,0.059111649215400006,True,-0.0275152476162,-0.058493205127800006,0.000618444087566,False
14573,728,13,13.8270075201,False,0.05848748866740001,True,-0.0282629283764,-0.0564737166986,0.00201377196885,False
14574,728,14,5.78826770516,False,0.0591252633625,True,-0.035924543513800006,-0.0646334149041,-0.005508151541520001,True
14575,728,15,0.884180253123,False,0.0560169048318,True,-0.0433918341812,-0.0722265265554,-0.0162096217236,True
14576,728,16,0.6713973780050001,False,0.0563827268408,True,-0.0473922160592,-0.0742791970348,-0.017896470194,True
14577,728,17,0.023217398122,True,0.0567624944532,True,-0.0527226587638,-0.0795133516717,-0.0227508572185,True
14578,728,18,0.00208765015076,True,0.055726374917699995,True,-0.059641975887,-0.08721413420610001,-0.0314877592884,True
14579,728,19,2.37360536744e-07,True,0.058288691554500005,True,-0.0662483772661,-0.09445456956350001,-0.036165878009,True
14580,729,0,2.1257624478599997,False,0.136577139427,False,-0.0873778105133,-0.15472371368899998,-0.018146574261599997,True
14581,729,1,11.6873729076,False,0.108328959423,False,-0.0448960105596,-0.09911363478700001,0.00921532463626,False
14582,729,2,27.1479546739,False,0.08589678656850001,False,-0.026819809887099998,-0.0701017318135,0.015795054755,False
14583,729,3,30.2000292355,False,0.08165440840160001,False,-0.0228889210908,-0.0643421004964,0.0173123079051,False
14584,729,4,11.115074571800001,False,0.07415100683180001,True,-0.0360221250459,-0.0739064585805,0.000244548251305,False
14585,729,5,6.9339278570000005,False,0.0689363727078,True,-0.038612277968800006,-0.0739654333813,-0.005029060673479999,True
14586,729,6,10.3263427424,False,0.0642896320271,True,-0.0342868602541,-0.0646168613496,-0.000327229322478,True
14587,729,7,1.85077324782,False,0.064767400031,True,-0.0448489146775,-0.0783930284259,-0.013625628394899999,True
14588,729,8,2.6223483206,False,0.0622187667288,True,-0.0427026377169,-0.07323384490349999,-0.0110150781746,True
14589,729,9,1.25776992659,False,0.06215418178590001,True,-0.0470381920871,-0.0781807669466,-0.0160265851607,True
14590,729,10,0.431874455541,False,0.061917304898699996,True,-0.04885024432019999,-0.0803810439492,-0.018463739050599996,True
14591,729,11,0.946544143727,False,0.06102894338690001,True,-0.0488805918676,-0.0782839303903,-0.017254987003400002,True
14592,729,12,1.2683629684200002,False,0.0581016963841,True,-0.0435439721765,-0.0741945560952,-0.0160928597111,True
14593,729,13,0.266869221552,True,0.058087676499699994,True,-0.0528165379483,-0.08204747569029999,-0.023959799190599998,True
14594,729,14,0.332511696315,True,0.0581099266873,True,-0.052873157981699996,-0.08191456010139998,-0.023804633414,True
14595,729,15,0.415946462578,False,0.0555009246408,True,-0.0459204043905,-0.0732499951943,-0.0177490705535,True
14596,729,16,0.0907517137745,True,0.056979256731199995,True,-0.0492177436991,-0.079696109033,-0.0227168523018,True
14597,729,17,0.09070824044669999,True,0.056521697171700004,True,-0.0524316650586,-0.079369486867,-0.0228477896953,True
14598,729,18,0.346874559771,False,0.0566026244288,True,-0.051650082729,-0.0781037758946,-0.0215011514658,True
14599,729,19,0.0177907655344,True,0.05530670830849999,True,-0.0540062961711,-0.0823561416973,-0.027049433388799997,True
14600,730,0,15.287567145999999,False,0.143350843544,False,-0.0462171852925,-0.112669157226,0.0306816863185,False
14601,730,1,35.8821948207,False,0.10375832861300001,False,-0.0181329553511,-0.0682395749811,0.0355187536318,False
14602,730,2,4.762855124700001,False,0.0881773623675,False,-0.048841810697,-0.09294707323349999,-0.00476971086605,True
14603,730,3,13.914268718499999,False,0.0806721517835,False,-0.0362370514093,-0.0755364480448,0.005135703738689999,False
14604,730,4,16.1070578008,False,0.0747411326919,True,-0.0316786492468,-0.06935903133860001,0.00538210135331,False
14605,730,5,23.433063180300003,False,0.06795552541109999,True,-0.027030865235200003,-0.0622640383897,0.005691487021399999,False
14606,730,6,29.7866229923,False,0.0645591729038,True,-0.022530933569200003,-0.0538549939152,0.010704178988700002,False
14607,730,7,39.7591073022,False,0.06329885411319999,True,-0.019115262735500002,-0.050212059984999995,0.0130867941282,False
14608,730,8,50.7792294579,False,0.0633249546598,True,-0.0145154990406,-0.0446218883261,0.0187030663336,False
14609,730,9,46.897808848100006,False,0.059178059026699995,True,-0.0171161270193,-0.046292572839800004,0.012885486186799999,False
14610,730,10,55.592515311199996,False,0.0605517226146,True,-0.0140574427806,-0.0447295282365,0.015822194378,False
14611,730,11,31.137413862,False,0.060391480030699995,True,-0.021985905122099997,-0.05170033979119999,0.008691140239459999,False
14612,730,12,11.1508204141,False,0.060603162414199996,True,-0.030751468391900003,-0.061947189884400004,-0.0013440274702400002,True
14613,730,13,17.8998220094,False,0.0582467965032,True,-0.0264249425073,-0.053939869243599996,0.004306927259529999,False
14614,730,14,25.338516551399998,False,0.0601921529555,True,-0.0232940251613,-0.054921871168099996,0.00527028178742,False
14615,730,15,12.407507730599999,False,0.054523086606,True,-0.0287123882577,-0.0551212583144,-0.000598171708348,True
14616,730,16,12.3795179971,False,0.055656844463999995,True,-0.0284638558505,-0.057313274660300007,-0.00165643019634,True
14617,730,17,10.8829503372,False,0.056242371982,True,-0.028933995987200003,-0.0572193154198,-0.000976943437846,True
14618,730,18,8.74248644038,False,0.0566173271034,True,-0.030135842929700004,-0.059833528267,-0.00321620116361,True
14619,730,19,20.2854124781,False,0.0543378762559,True,-0.0245626315838,-0.051900597662500006,0.00243727859345,False
14620,731,0,4.9134980346,False,0.139774471791,False,-0.0714541875016,-0.141585200177,-0.00181072838651,True
14621,731,1,12.5694918232,False,0.105390510136,False,-0.0438874106358,-0.09808736300899999,0.0073031471272,False
14622,731,2,7.745870956749999,False,0.0891785751678,False,-0.04607504404419999,-0.08997509745559999,-0.0007965222877580001,True
14623,731,3,21.0166553205,False,0.0792910995591,True,-0.0299635241836,-0.0721506713287,0.00714042823037,False
14624,731,4,32.0112706854,False,0.0716789425225,True,-0.022018879772200003,-0.0581216659889,0.013557276533700003,False
14625,731,5,9.34885210202,False,0.072134026496,True,-0.037043702301699996,-0.0728530646358,-0.0007190381397639999,True
14626,731,6,2.7100971254500004,False,0.0630780930918,True,-0.0422054124905,-0.073297455648,-0.0102193625562,True
14627,731,7,2.02582023004,False,0.0630746508355,True,-0.0436786854055,-0.075469076718,-0.0123944258825,True
14628,731,8,4.464618634880001,False,0.0656922704782,True,-0.039649656327900004,-0.0731089845456,-0.00741671406736,True
14629,731,9,2.1300003033099997,False,0.0614427304084,True,-0.0423509983074,-0.0731547775936,-0.011712047185200001,True
14630,731,10,0.742366427748,False,0.0603302785059,True,-0.0478223140437,-0.07638879108789999,-0.016058512582,True
14631,731,11,0.688031734265,False,0.0593942577095,True,-0.0475975129039,-0.0771243844029,-0.017730126693400003,True
14632,731,12,0.445388300979,False,0.058797669871800004,True,-0.0487180179218,-0.078405939684,-0.019608269812200003,True
14633,731,13,0.064305242498,True,0.0582355683714,True,-0.057407655713599993,-0.0853984195569,-0.027162851185400003,True
14634,731,14,0.025063954276099996,True,0.05766818033369999,True,-0.0546463188402,-0.084452480773,-0.0267843004392,True
14635,731,15,0.287385585242,True,0.0591840997699,True,-0.0544427657524,-0.08372777125030001,-0.0245436714805,True
14636,731,16,0.11280326374800001,True,0.055455617848300005,True,-0.059099467971800004,-0.08594406699610001,-0.030488449147900002,True
14637,731,17,0.00577612178034,True,0.0583841076162,True,-0.0583111506681,-0.0886186279482,-0.030234520331999998,True
14638,731,18,0.015902006780299998,True,0.0557020350533,True,-0.05581929231319999,-0.0834790651095,-0.0277770300562,True
14639,731,19,0.140255381754,True,0.0565553726179,True,-0.0559799613822,-0.0837044929607,-0.0271491203428,True
14640,732,0,4.322989505430001,False,0.145843972401,False,-0.07603256709310001,-0.14861768426,-0.00277371185835,True
14641,732,1,27.5557227481,False,0.103333220416,False,-0.0295024604202,-0.083744372069,0.019588848347099997,False
14642,732,2,34.7918083066,False,0.0902281281647,False,-0.0204027760399,-0.0649149040595,0.0253132241052,False
14643,732,3,23.931102396100002,False,0.07908800099550001,True,-0.0277366291121,-0.067614276158,0.0114737248375,False
14644,732,4,4.66873312824,False,0.0730933863332,True,-0.043892721897999996,-0.08156985825230001,-0.00847647191909,True
14645,732,5,3.21980335613,False,0.070206203217,True,-0.044109504414300005,-0.0781261679523,-0.007919964735270001,True
14646,732,6,7.662788873010001,False,0.0659861059861,True,-0.036833239475300004,-0.06769655322700001,-0.0017104472409500001,True
14647,732,7,6.61752154273,False,0.0666235826397,True,-0.038030624839699996,-0.0720122757259,-0.005388693086260001,True
14648,732,8,7.470746931930001,False,0.0636583405408,True,-0.0358123099432,-0.0653873415283,-0.0017290009874400003,True
14649,732,9,7.33147958153,False,0.06318862519780001,True,-0.035418583672,-0.0664681021774,-0.00327947697963,True
14650,732,10,11.128525834100001,False,0.0607468648835,True,-0.0319315291506,-0.061044071004800006,-0.000297206121363,True
14651,732,11,4.60813051916,False,0.059873571973800006,True,-0.0373270571591,-0.0664474923075,-0.006573920333680001,True
14652,732,12,4.35588225661,False,0.0592708367719,True,-0.0375490758973,-0.06758700324690001,-0.008316166475,True
14653,732,13,3.8777450181099997,False,0.0588885619805,True,-0.0392819501114,-0.0694649571897,-0.0105763952092,True
14654,732,14,0.448778461703,False,0.0555274622066,True,-0.04912487821409999,-0.07695607107689999,-0.0214286088704,True
14655,732,15,0.19936817464,True,0.0565408796346,True,-0.0560060724682,-0.0830790288835,-0.0265381492488,True
14656,732,16,0.0008751000339039999,True,0.0582163969417,True,-0.0581733245355,-0.08713398565310002,-0.0289175887114,True
14657,732,17,0.027509319298299997,True,0.057372270337100004,True,-0.0542733662866,-0.0828794329392,-0.025507162602099998,True
14658,732,18,0.120499369868,True,0.0551813943416,True,-0.0519898887446,-0.07913677640700001,-0.023955382065400002,True
14659,732,19,0.275875312645,True,0.056015557801,True,-0.055541542859300005,-0.0836298548658,-0.027614297064799998,True
14660,733,0,15.970575435499999,False,0.140463325971,False,0.045391255419699995,-0.0224635674682,0.11799975850299999,False
14661,733,1,29.608529664099997,False,0.10453248004,False,0.0262969472788,-0.023314916069900004,0.0812175639703,False
14662,733,2,54.1550979709,False,0.08727620287789999,False,-0.0005621356579,-0.0440096024984,0.043266600379499996,False
14663,733,3,54.0424864633,False,0.07825247046339999,True,-0.0068195647265799995,-0.045648147812599994,0.032604322650799995,False
14664,733,4,52.6481217144,False,0.0763006285871,True,-0.0105179834547,-0.047544097353,0.0287565312341,False
14665,733,5,39.6603129554,False,0.0712361518481,True,-0.0186136349371,-0.0523526492868,0.0188835025613,False
14666,733,6,21.1328980931,False,0.0639294642683,True,-0.0284719225446,-0.059266767958199996,0.0046626963101,False
14667,733,7,32.7155424577,False,0.0676236644543,True,-0.021488772828199998,-0.055916274572800004,0.011707389881500002,False
14668,733,8,25.987142111,False,0.06253953280539999,True,-0.0239535150019,-0.053486629699400004,0.009052903106,False
14669,733,9,13.660264163699999,False,0.060539368866,True,-0.0295392681685,-0.06023963763069999,0.000299731235288,False
14670,733,10,10.0809843757,False,0.060546786271099995,True,-0.0317533499328,-0.0644715354455,-0.00392474917432,True
14671,733,11,8.52835038242,False,0.058924226064300006,True,-0.032603671883299996,-0.0627365075784,-0.00381228151411,True
14672,733,12,9.008590395119999,False,0.0596501965873,True,-0.031962116252,-0.06324345341160001,-0.00359325682428,True
14673,733,13,4.7159313614,False,0.056873418734,True,-0.0352295890776,-0.063786680249,-0.006913261514979999,True
14674,733,14,3.4671787554400004,False,0.057266213313999996,True,-0.0386707847619,-0.0676747155886,-0.0104085022747,True
14675,733,15,0.41428198168200003,False,0.0579889014938,True,-0.0464453927403,-0.0769489346918,-0.0189600331981,True
14676,733,16,0.411411473161,False,0.056767964700699995,True,-0.051287920072200004,-0.0797787368188,-0.023010772118,True
14677,733,17,0.0277469045315,True,0.0559838079024,True,-0.05920366830919999,-0.0857383704415,-0.0297545625391,True
14678,733,18,0.00544102095921,True,0.05693450441,True,-0.058939753096599996,-0.08605888012319998,-0.0291243757132,True
14679,733,19,0.174858347674,True,0.05506477191840001,True,-0.05983965993319999,-0.0871220865202,-0.0320573146018,True
14680,734,0,16.9353133565,False,0.139768801252,False,-0.0405250481041,-0.10898966357699999,0.030779137675299998,False
14681,734,1,43.3328030195,False,0.106279884451,False,-0.0100823980624,-0.05891179473730001,0.047368089713399994,False
14682,734,2,30.855055034299998,False,0.0915205986288,False,-0.0241577561509,-0.0690275259781,0.022493072650599997,False
14683,734,3,32.154419005,False,0.0738139348408,True,-0.0241361269,-0.0603559772041,0.0134579576368,False
14684,734,4,24.8530770854,False,0.0730356885293,True,-0.0270453777703,-0.0629535546578,0.010082133871499999,False
14685,734,5,20.0825258179,False,0.0706048389933,True,-0.02860329104,-0.0621567536134,0.00844808537995,False
14686,734,6,7.30555917765,False,0.0661023711314,True,-0.037627246884900004,-0.07155844532569999,-0.00545607419428,True
14687,734,7,3.73990861771,False,0.062394418238900004,True,-0.0406306558489,-0.0721121350863,-0.009717716847379999,True
14688,734,8,2.9791032445,False,0.06413326222969999,True,-0.042946580681099994,-0.07464423938749999,-0.0105109771579,True
14689,734,9,0.595438664064,False,0.0589351281144,True,-0.0476577964006,-0.07680276220389999,-0.0178676340894,True
14690,734,10,1.64284097734,False,0.0628071344527,True,-0.046230617192199994,-0.0754545629843,-0.012647428531599999,True
14691,734,11,0.2165667486,True,0.0583182967088,True,-0.05330451948969999,-0.08152138290019999,-0.0232030861914,True
14692,734,12,1.82613383332e-07,True,0.05839729199569999,True,-0.06452436080969999,-0.09394474809560001,-0.0355474560999,True
14693,734,13,2.5685978569e-12,True,0.05613142633780001,True,-0.0688537063355,-0.0966352905412,-0.0405038642034,True
14694,734,14,1.64094471141e-09,True,0.0557108568827,True,-0.0727282720429,-0.101551996131,-0.0458411392483,True
14695,734,15,4.0481676493e-19,True,0.056901090568199995,True,-0.0700247729228,-0.0993492070415,-0.0424481164733,True
14696,734,16,1.50440589579e-06,True,0.0572629267945,True,-0.0668188895051,-0.0955715179026,-0.038308591108,True
14697,734,17,1.0203809942200002e-06,True,0.0587871630234,True,-0.0661882831275,-0.0951958213624,-0.036408658339,True
14698,734,18,0.054251161782800005,True,0.0545269945163,True,-0.0640797304416,-0.0911780725812,-0.036651078064900006,True
14699,734,19,1.3346904635000001e-05,True,0.054680356647500004,True,-0.06221737522490001,-0.0893403071576,-0.0346599505101,True
14700,735,0,10.272464982699999,False,0.139784434703,False,-0.05562200750440001,-0.126302504293,0.0134819304093,False
14701,735,1,8.09564370293,False,0.106347232271,False,-0.051010873985599996,-0.101813144259,0.00453408801126,False
14702,735,2,43.33360546189999,False,0.08803090837130001,False,-0.013547381586,-0.0565440162019,0.0314868921693,False
14703,735,3,17.8972940339,False,0.0806044020918,False,-0.0315146874543,-0.0720539619772,0.0085504401146,False
14704,735,4,18.2958624076,False,0.0721724700225,True,-0.030004632680099997,-0.0677585227501,0.00441394727241,False
14705,735,5,8.06496493234,False,0.06963778289900001,True,-0.0380650239393,-0.07441695349789999,-0.00477917059889,True
14706,735,6,18.2550921139,False,0.06866986365109999,True,-0.027231993977900004,-0.0632212997571,0.00544856389404,False
14707,735,7,5.4948751776,False,0.0646103906754,True,-0.0391314999319,-0.0717193200321,-0.00710892935666,True
14708,735,8,2.6134121449200003,False,0.0626799451417,True,-0.0426244246249,-0.0748093662577,-0.0121294211159,True
14709,735,9,0.5312144945,False,0.06052103257330001,True,-0.0517629062237,-0.081999464536,-0.021478431962700002,True
14710,735,10,0.997952335905,False,0.061073803402699994,True,-0.0488921170983,-0.07952461331010001,-0.0184508099074,True
14711,735,11,0.389652319562,False,0.0600440950679,True,-0.0523664090823,-0.0843679642609,-0.024323869193000003,True
14712,735,12,0.290462061018,True,0.05695620727800001,True,-0.0526073989555,-0.0819013434397,-0.024945136161599997,True
14713,735,13,0.09466433000119999,True,0.0555603194359,True,-0.04963368870080001,-0.07728443629689999,-0.021724116861000002,True
14714,735,14,0.18707554225099998,True,0.0586681977252,True,-0.054759793536,-0.0835662903922,-0.024898092667,True
14715,735,15,0.00143619946597,True,0.0586337130272,True,-0.060630461751199995,-0.0897507716781,-0.0311170586509,True
14716,735,16,7.50942430232e-05,True,0.0548389216884,True,-0.0632865387924,-0.0908244894441,-0.0359855677556,True
14717,735,17,1.60668861253e-05,True,0.0570795399044,True,-0.0637007366577,-0.09214181113299999,-0.035062271228699995,True
14718,735,18,0.113552638697,True,0.0559896890151,True,-0.062362895219,-0.0901109380923,-0.0341212490772,True
14719,735,19,2.06642669585e-10,True,0.0572295468807,True,-0.06697139127770001,-0.09526610528610001,-0.0380365584055,True
14720,736,0,28.160688535,False,0.144627203168,False,-0.0244230431122,-0.0967792572741,0.047847945893900005,False
14721,736,1,20.494234423199998,False,0.104365550606,False,-0.03413317,-0.08939750794410002,0.014968042661600001,False
14722,736,2,48.4086845025,False,0.09009877070319999,False,-0.00916848022994,-0.0518703852929,0.038228385410199996,False
14723,736,3,57.2946055121,False,0.07755500916569999,True,-0.0064999498188999996,-0.0438344698998,0.033720539265900004,False
14724,736,4,63.8762960839,False,0.0752295662614,True,0.00397179390048,-0.0324367589942,0.04279280726719999,False
14725,736,5,63.691579957200005,False,0.0725389205106,True,-0.00713270676723,-0.041858547125,0.0306803733856,False
14726,736,6,48.594830700600006,False,0.0688523462238,True,-0.0156154784557,-0.0498559688789,0.018996377344900003,False
14727,736,7,18.8566626358,False,0.0649700874961,True,-0.027562225010099996,-0.0608653178601,0.00410476963602,False
14728,736,8,12.487178473800002,False,0.0632133580395,True,-0.030962189188900004,-0.0630839094396,0.00012944859992600002,False
14729,736,9,6.9317293833,False,0.0613789461199,True,-0.0358332561449,-0.0662443134598,-0.00486536733998,True
14730,736,10,3.01263907922,False,0.0598238833604,True,-0.04187728241869999,-0.0717274485795,-0.011903565219100002,True
14731,736,11,5.73706073668,False,0.061415036740800004,True,-0.036237048760900004,-0.067801479113,-0.006386442372250001,True
14732,736,12,1.14002853313,False,0.059893427086699993,True,-0.046290791754099996,-0.07477522038210001,-0.0148817932954,True
14733,736,13,1.9614151236200001,False,0.0573766359052,True,-0.041563816307800004,-0.06990835679280001,-0.0125317208876,True
14734,736,14,0.0632451224982,True,0.0573918905074,True,-0.0523452558261,-0.0807767657055,-0.0233848751981,True
14735,736,15,0.09315164931710002,True,0.0566179267497,True,-0.0523333142989,-0.0803366296067,-0.0237187028571,True
14736,736,16,0.710524064558,False,0.0561039230705,True,-0.0463521875404,-0.07472126613489999,-0.0186173430645,True
14737,736,17,0.34732521066100003,False,0.05453252541209999,True,-0.045139929031999995,-0.0720173395282,-0.017484814116200002,True
14738,736,18,0.095348021676,True,0.058144733073899994,True,-0.0512293640618,-0.07956600625,-0.021421273176099997,True
14739,736,19,0.153028853933,True,0.054106500948299996,True,-0.05094477319630001,-0.0777798860343,-0.023673385085999997,True
14740,737,0,27.8081176396,False,0.140507262628,False,0.0220385188083,-0.047135461392099995,0.09337180123639999,False
14741,737,1,43.074292335299994,False,0.104597529592,False,0.0105673968976,-0.045276931886,0.059320597705800004,False
14742,737,2,35.6898684414,False,0.08957008494100001,False,0.0220461109501,-0.023017868881200002,0.0665522160599,False
14743,737,3,43.5071308801,False,0.07917432357689999,True,-0.0167602505956,-0.0554198918228,0.023754431754099997,False
14744,737,4,53.87794001100001,False,0.0756680831259,True,-0.011155647831299999,-0.0498433815531,0.025824701572699997,False
14745,737,5,40.8685233052,False,0.0700423097145,True,-0.0183773803254,-0.0516175492767,0.0184247604378,False
14746,737,6,7.2801203035899995,False,0.06527897458290001,True,-0.0369735440287,-0.0686551904408,-0.00337621585793,True
14747,737,7,24.2574378729,False,0.0633590861654,True,-0.025452854771500003,-0.056506345917999995,0.006852740247399999,False
14748,737,8,4.0159506910900005,False,0.0651372716156,True,-0.040882732852599996,-0.07455528390610001,-0.009418012290540002,True
14749,737,9,1.72297986816,False,0.062383110144,True,-0.044396430398199994,-0.0755471191357,-0.013164008991700001,True
14750,737,10,1.5058517022799998,False,0.0591028995782,True,-0.04572998637,-0.0762287018635,-0.0171258022853,True
14751,737,11,0.580034660547,False,0.0600720707159,True,-0.0498303443634,-0.0804840028284,-0.0204119321125,True
14752,737,12,0.861578890986,False,0.0588254942351,True,-0.0460680326029,-0.0748519877857,-0.0160264935506,True
14753,737,13,0.369224382416,False,0.0602260157816,True,-0.0515545149448,-0.0827299667369,-0.0225039509552,True
14754,737,14,0.10248344432800001,True,0.05665218789030001,True,-0.0544097072166,-0.0840274047724,-0.027375216882099998,True
14755,737,15,0.11266967067,True,0.057346270624900005,True,-0.056654264669599996,-0.08492004197820001,-0.0275737713533,True
14756,737,16,0.11697477026799999,True,0.056184688528500004,True,-0.0580497431722,-0.0865432553678,-0.030358566839299998,True
14757,737,17,5.44066783968e-18,True,0.056487886407000004,True,-0.06770995752280001,-0.09611665790339999,-0.0396287714963,True
14758,737,18,0.0003995303339630001,True,0.058226031206800005,True,-0.066466605279,-0.0928990278366,-0.03467299662980001,True
14759,737,19,0.00178629744366,True,0.053917040864500006,True,-0.0633739385667,-0.0905054083241,-0.0365883674596,True
14760,738,0,31.9698351339,False,0.14475391534600002,False,0.0037997648214099997,-0.0663254725868,0.07842844275889999,False
14761,738,1,21.0975847417,False,0.10331161875900001,False,-0.033760992628599995,-0.08850789748330001,0.014803721276,False
14762,738,2,7.9552871509,False,0.08885293103900001,False,-0.0453329764531,-0.0873245172635,0.00152841377549,False
14763,738,3,32.116861126799996,False,0.07848116243039999,True,-0.0232398724114,-0.061764340570099996,0.0167168218603,False
14764,738,4,57.253845464399994,False,0.0721919793823,True,-0.0103351912141,-0.0458127010334,0.0263792783489,False
14765,738,5,29.248962790300002,False,0.0675336364006,True,-0.0247284034306,-0.058853711361199997,0.00867992503942,False
14766,738,6,22.1149302891,False,0.0650454864202,True,-0.0276849969803,-0.060715047647900006,0.00433043877227,False
14767,738,7,6.886401478630001,False,0.0651972910304,True,-0.0368454242027,-0.06843234513259999,-0.00323505410223,True
14768,738,8,14.2881235676,False,0.0633372556663,True,-0.030483753217700003,-0.062084071269300004,0.00125318439699,False
14769,738,9,6.833274284680001,False,0.062276104736199996,True,-0.0367020829355,-0.0677220418119,-0.00544593707564,True
14770,738,10,4.27641351566,False,0.0605446370863,True,-0.0387655375166,-0.06952107539130001,-0.008976438304969999,True
14771,738,11,6.633011773250001,False,0.059082401337599996,True,-0.0345866021588,-0.06533509626810001,-0.006252694930489999,True
14772,738,12,3.3448341810500004,False,0.058938478620600004,True,-0.0382015483352,-0.06777941533649999,-0.00884093671585,True
14773,738,13,0.5711087779990001,False,0.0595241687714,True,-0.0498994233438,-0.0779072191093,-0.0183830503379,True
14774,738,14,4.39597535852e-06,True,0.0580912321928,True,-0.057238156980599995,-0.085876581906,-0.0277853497133,True
14775,738,15,0.0402867182156,True,0.05812059647369999,True,-0.0593386384089,-0.0888270193904,-0.0307064229167,True
14776,738,16,0.00024252215192800003,True,0.0575638649946,True,-0.0592169276654,-0.08872907238,-0.031165207385400004,True
14777,738,17,0.0846270110064,True,0.0572226500191,True,-0.0594399322243,-0.0894799946562,-0.0322573446371,True
14778,738,18,0.0037039352882100003,True,0.0568394666581,True,-0.062054693386399996,-0.0890520155124,-0.0322125488543,True
14779,738,19,5.93332521334e-11,True,0.0567112129577,True,-0.07052446360339999,-0.09752054719450001,-0.0408093342369,True
14780,739,0,6.191735695759999,False,0.14585148490299998,False,-0.0669898915418,-0.141831881917,0.00401960298665,False
14781,739,1,0.6791409907510001,False,0.101421109014,False,-0.07875282094910001,-0.129349791263,-0.027928682249099997,True
14782,739,2,0.6614085662070001,False,0.0885603232848,False,-0.0751553647315,-0.12177883633,-0.0332185130454,True
14783,739,3,0.48418096296499996,False,0.0825017680597,False,-0.0631941265504,-0.10604614463300001,-0.023544376573200004,True
14784,739,4,2.08670456874,False,0.073218069659,True,-0.0527281656435,-0.08885310911589998,-0.0156350394569,True
14785,739,5,2.8684382184799997,False,0.07246803920789999,True,-0.047135934231500004,-0.0825015400412,-0.0100335008334,True
14786,739,6,0.166183032431,True,0.06948120832110001,True,-0.059001835694000006,-0.09124806201239999,-0.0217668536913,True
14787,739,7,0.702512899495,False,0.064949221202,True,-0.049747080811900005,-0.0828494787858,-0.0179002575838,True
14788,739,8,0.57893079495,False,0.0630449322011,True,-0.0519338994529,-0.0812300615575,-0.0181851293564,True
14789,739,9,0.179553344571,True,0.0613246115532,True,-0.05363724698319999,-0.0845502705262,-0.023225658972900003,True
14790,739,10,0.0545208518501,True,0.0594588963421,True,-0.053981141176,-0.0839355150057,-0.0244766186637,True
14791,739,11,0.20932227364300002,True,0.060829904504800004,True,-0.051909169979400004,-0.0823874745655,-0.021557570060700002,True
14792,739,12,0.147598535029,True,0.059409098095,True,-0.0538148612557,-0.08426566736169999,-0.0248565692668,True
14793,739,13,0.0165990235596,True,0.056948336994500005,True,-0.050538353978300005,-0.0799696501532,-0.0230213131586,True
14794,739,14,0.00013758726287000001,True,0.05695334409530001,True,-0.0618139554461,-0.0914894515653,-0.0345361074701,True
14795,739,15,8.95471747176e-05,True,0.056339571153499995,True,-0.060297286761400004,-0.0880236211413,-0.031684049987900004,True
14796,739,16,0.000327756588876,True,0.056068662910000004,True,-0.0580938751077,-0.08706515780850001,-0.0309964948984,True
14797,739,17,0.000539990225241,True,0.055437573697199996,True,-0.05584229747359999,-0.0836549868274,-0.028217413130200004,True
14798,739,18,0.00278458220774,True,0.0565104094898,True,-0.0581714204485,-0.08628054604360001,-0.0297701365539,True
14799,739,19,1.34660482704e-10,True,0.055707019769800005,True,-0.06425827756159999,-0.09242540225490001,-0.036718382485099996,True
14800,740,0,0.967852408811,False,0.142657115359,False,-0.103505329555,-0.17821724094,-0.0355601255806,True
14801,740,1,0.992204132634,False,0.0985786972799,False,-0.07051685454869999,-0.11986823579299999,-0.021289538513000004,True
14802,740,2,2.7771916022000003,False,0.0908598076599,False,-0.0574269321789,-0.101053091354,-0.010193283693999999,True
14803,740,3,2.1509003566400002,False,0.07973343667999999,True,-0.054571784834099996,-0.0928557538619,-0.0131223171819,True
14804,740,4,5.78181404048,False,0.07359065179610001,True,-0.042002558519,-0.080263761374,-0.00667310957789,True
14805,740,5,16.2581719924,False,0.06871351023490001,True,-0.0298485683566,-0.0640636930956,0.00464981713933,False
14806,740,6,13.0813571447,False,0.06702105771309999,True,-0.032725562182800004,-0.0662402463172,0.000780811395933,False
14807,740,7,2.71782535541,False,0.0628777473769,True,-0.042125487670300006,-0.07200587448439999,-0.009128127107520001,True
14808,740,8,8.94711970489,False,0.06218976535469999,True,-0.034116301251699996,-0.066328019282,-0.00413825392734,True
14809,740,9,5.39986576085,False,0.062795259654,True,-0.0367007227588,-0.06884924717799999,-0.006053987523909999,True
14810,740,10,4.31575820455,False,0.0599968435601,True,-0.0380694811535,-0.0680935535483,-0.00809670998824,True
14811,740,11,0.72445118735,False,0.0590571772229,True,-0.047917777378,-0.07736082151189999,-0.018303644288900002,True
14812,740,12,0.342936524847,False,0.0576863875517,True,-0.0531690996002,-0.0826444175232,-0.0249580299715,True
14813,740,13,0.0352368004285,True,0.059951230425300005,True,-0.05674931999530001,-0.0853022300826,-0.025350999657299998,True
14814,740,14,0.163512555593,True,0.05799209914990001,True,-0.0542324880927,-0.0824332877318,-0.0244411885819,True
14815,740,15,0.00904103502024,True,0.0587820582781,True,-0.0559613409901,-0.08633740588099999,-0.0275553476029,True
14816,740,16,0.00221456315086,True,0.0554044137587,True,-0.0581386975782,-0.08615883069790001,-0.0307544169391,True
14817,740,17,0.112601835692,True,0.05747450126680001,True,-0.0596637898002,-0.0880651222343,-0.0305906209675,True
14818,740,18,0.000141403919393,True,0.054739037012599995,True,-0.0548721807897,-0.08277663476250001,-0.028037597749900004,True
14819,740,19,0.00243053301654,True,0.0561184200303,True,-0.0543480904005,-0.083968761754,-0.027850341723700003,True
14820,741,0,3.17941065011,False,0.146523253518,False,-0.0822757012129,-0.155587973713,-0.00906472019469,True
14821,741,1,4.9606840196699995,False,0.103517171655,False,-0.0572711830801,-0.10858379137900001,-0.005066619724649999,True
14822,741,2,33.0879539584,False,0.08635623086069999,False,-0.0224209336261,-0.06546443935330001,0.0208917915075,False
14823,741,3,4.42913853005,False,0.081070597077,False,-0.04800734226919999,-0.0890973942994,-0.00802679722244,True
14824,741,4,17.3165568041,False,0.0726433902763,True,-0.0313418826052,-0.0683431410642,0.0043002492120600005,False
14825,741,5,14.109351606099999,False,0.07239800213110001,True,-0.0329597701766,-0.0693134184048,0.00308458372633,False
14826,741,6,15.039253033,False,0.0657513385075,True,-0.029858727597500002,-0.06460918537690001,0.0011421531305699998,False
14827,741,7,8.92720335241,False,0.0633092901604,True,-0.0341191648954,-0.06549740174,-0.00218811157959,True
14828,741,8,3.6474673083,False,0.0640702837892,True,-0.041056501846,-0.0728112396771,-0.00874095588793,True
14829,741,9,6.71162963596,False,0.0618795401237,True,-0.036382913608499996,-0.0672180596552,-0.00533851953151,True
14830,741,10,15.503514116400002,False,0.0623231784784,True,-0.029802875536099997,-0.06085474883190001,0.0014684296465099999,False
14831,741,11,7.54054272354,False,0.0603449023977,True,-0.033990808768,-0.0622308249649,-0.00188592256723,True
14832,741,12,3.44057753764,False,0.0584779381117,True,-0.0385209400428,-0.06731199146399999,-0.00883405335225,True
14833,741,13,3.6909553233699994,False,0.057014925564800006,True,-0.0382228963773,-0.0671479957418,-0.010133070176999999,True
14834,741,14,7.670412043220001,False,0.0561819268723,True,-0.0319666453926,-0.0599566402441,-0.0037747133717800003,True
14835,741,15,3.5617221177199996,False,0.05655339139499999,True,-0.0368109330008,-0.0654985616515,-0.00894517025651,True
14836,741,16,8.503689571619999,False,0.058385169239,True,-0.0326385036926,-0.061813283193199994,-0.00342811395429,True
14837,741,17,9.1929017265,False,0.0555945707276,True,-0.0315433554226,-0.05847379727990001,-0.00287922655232,True
14838,741,18,9.50768912383,False,0.0561427856089,True,-0.0307100385488,-0.059324336675000006,-0.0031815510661000004,True
14839,741,19,11.219243798599999,False,0.05511931507330001,True,-0.0294148884283,-0.0571801662653,-0.0020608511920799997,True
14840,742,0,34.393215727,False,0.14137872676899998,False,-0.00613567262339,-0.076446423542,0.0649323032271,False
14841,742,1,2.91804146657,False,0.10592247503499999,False,-0.0647138495031,-0.11865766964999999,-0.012735194614799997,True
14842,742,2,7.04683622965,False,0.08950953442080001,False,-0.0476797385119,-0.09262035954150001,-0.00311082512073,True
14843,742,3,8.46068745045,False,0.07935611212989999,True,-0.041950579983599995,-0.0814225559167,-0.0020664437868,True
14844,742,4,3.25975804755,False,0.0739001786505,True,-0.0465497196471,-0.0831053037293,-0.00920512507876,True
14845,742,5,2.09449764216,False,0.0679569840288,True,-0.045429794750300005,-0.0782276614866,-0.0102706774577,True
14846,742,6,1.0956769114799998,False,0.0658586923497,True,-0.0515473289615,-0.0872763248662,-0.0214176325165,True
14847,742,7,0.45358772013099996,False,0.0647599969295,True,-0.054067822355399996,-0.08525379109619999,-0.0204937941667,True
14848,742,8,1.83751590385e-05,True,0.06230791009719999,True,-0.0633702939766,-0.09515319660710002,-0.0328452865099,True
14849,742,9,0.00176223664617,True,0.059314329065,True,-0.0623737713057,-0.0904846548482,-0.0311703257832,True
14850,742,10,0.0104784331651,True,0.0605961975046,True,-0.0655509102337,-0.09568413854800001,-0.0350879410434,True
14851,742,11,0.14004147492799998,True,0.060265903814500005,True,-0.0676822613253,-0.0961460466553,-0.0358801428408,True
14852,742,12,0.007149935512529999,True,0.058080641984599994,True,-0.062121944258399994,-0.09100625701670001,-0.032925615032099995,True
14853,742,13,0.000322057577755,True,0.057826747667300005,True,-0.06514761521319999,-0.0943171725264,-0.036490424859000004,True
14854,742,14,2.41000018393e-05,True,0.0571304639206,True,-0.061157043681699996,-0.09045369677510001,-0.0333232328544,True
14855,742,15,0.030010292969400002,True,0.0562680288866,True,-0.0608259098558,-0.08983580003489999,-0.0335677711484,True
14856,742,16,0.00432025710358,True,0.059529008279099994,True,-0.0632666916714,-0.09477423997260001,-0.0352452316935,True
14857,742,17,8.58733937815e-07,True,0.05632183828509999,True,-0.0631059088664,-0.089697066474,-0.0333752281889,True
14858,742,18,0.0025964932227800002,True,0.057338610390300006,True,-0.0657977246153,-0.0946529803486,-0.0373143699583,True
14859,742,19,1.83558273478e-08,True,0.056135457091800005,True,-0.0670677821948,-0.0941471237752,-0.0380116666834,True
14860,743,0,2.47734353721,False,0.13647303133400002,False,-0.0825053973462,-0.150890308715,-0.0144172773808,True
14861,743,1,5.42697443701,False,0.103699171198,False,-0.055346212322,-0.107863854162,-0.00416468296399,True
14862,743,2,1.3376167022499998,False,0.0861621305648,False,-0.05948073740780001,-0.10136322981000001,-0.0152010992451,True
14863,743,3,10.4499673433,False,0.08127176244510001,False,-0.0400553445114,-0.0805049565778,0.0007668058672749999,False
14864,743,4,11.6038222451,False,0.0716333212583,True,-0.034684314584199995,-0.07121707416739999,0.00041624709092699994,False
14865,743,5,2.6933990697099994,False,0.0699255707844,True,-0.047003557683699994,-0.0831495954324,-0.013224024647899998,True
14866,743,6,1.63216659243,False,0.0655905240275,True,-0.0502440758014,-0.0830143761196,-0.017423852091999998,True
14867,743,7,1.22309819484,False,0.0646688856403,True,-0.0520589005724,-0.0838823791186,-0.0192134934782,True
14868,743,8,0.254251686599,True,0.0619339152612,True,-0.0519491231591,-0.08248368543330001,-0.0205497701721,True
14869,743,9,1.37065335604,False,0.0594415202628,True,-0.0436063750415,-0.0713036707968,-0.011862150534,True
14870,743,10,1.0604207928799998,False,0.05812853978950001,True,-0.045186202305699995,-0.074070719401,-0.0159421796115,True
14871,743,11,1.64377625365,False,0.059529923153,True,-0.0452800569809,-0.0738914450253,-0.0143615218723,True
14872,743,12,0.379958401366,False,0.0599025080501,True,-0.0513954485257,-0.08058841491230001,-0.0206859068622,True
14873,743,13,0.019406850595099997,True,0.0591414946524,True,-0.053756991846599995,-0.08204428147510001,-0.022902786822700003,True
14874,743,14,0.013446515189399998,True,0.056970290161499994,True,-0.051044786315099996,-0.0786931917853,-0.0217229016237,True
14875,743,15,0.00572502980952,True,0.057027158984300004,True,-0.0546873653283,-0.082355114785,-0.025327955800600002,True
14876,743,16,0.440062213952,False,0.0555952310314,True,-0.0503105614158,-0.07813437372410001,-0.0225391426927,True
14877,743,17,0.0222997183913,True,0.05477983310319999,True,-0.0542086523877,-0.0821321703653,-0.027352337262,True
14878,743,18,7.2373954373e-05,True,0.0570440538743,True,-0.0578820796275,-0.087413049776,-0.030368995901700002,True
14879,743,19,0.149506199848,True,0.05649667643569999,True,-0.05439857936049999,-0.0834209662584,-0.0269242898227,True
14880,744,0,5.5557738106,False,0.144095797532,False,-0.0708277525097,-0.14212678847899998,0.00196900905323,False
14881,744,1,3.9018218177900006,False,0.10617768364600001,False,-0.06150372145499999,-0.11061735445999998,-0.00443967081377,True
14882,744,2,1.49217519562,False,0.08437703516860001,False,-0.0594156209344,-0.101970369025,-0.0175933338561,True
14883,744,3,7.2280496849,False,0.0794687804431,True,-0.0419960281877,-0.0806981752263,-0.00122939478323,True
14884,744,4,8.00361239471,False,0.07464977839310001,True,-0.039253621674000004,-0.07664686764760001,-0.00199708925455,True
14885,744,5,4.927414490159999,False,0.0701252957032,True,-0.042205124417699996,-0.07766836076849999,-0.00754306506531,True
14886,744,6,12.062458413900002,False,0.0667645538891,True,-0.032956045392200005,-0.0674213358783,-0.000656781989125,True
14887,744,7,12.425939081800001,False,0.0664389632859,True,-0.030993511794,-0.0660045338336,0.000434429452339,False
14888,744,8,2.34007714494,False,0.0634661315243,True,-0.0433048876321,-0.07426624064510001,-0.010800109120799999,True
14889,744,9,2.09582442936,False,0.06110742924240001,True,-0.0425020649373,-0.07164128434669999,-0.010533855104300001,True
14890,744,10,4.592080417169999,False,0.060850217206899995,True,-0.0383409024091,-0.0685484767131,-0.00769825950621,True
14891,744,11,1.7255923281099999,False,0.060330789989300006,True,-0.0439537096609,-0.0725981971325,-0.0122674071432,True
14892,744,12,0.663974559497,False,0.0588668564389,True,-0.0473208122234,-0.0769311440818,-0.018064287643,True
14893,744,13,2.47720091086,False,0.058132308032,True,-0.041599434263199994,-0.0702677148205,-0.012135406788500001,True
14894,744,14,0.0817064440783,True,0.059685082515199994,True,-0.0534757738659,-0.08463989826330001,-0.024954815748200004,True
14895,744,15,0.221122699623,True,0.0586659157548,True,-0.05178540516440001,-0.07906027935860001,-0.0203943636038,True
14896,744,16,0.0861122274265,True,0.057126994665299996,True,-0.0531766528277,-0.0813260295925,-0.0241990349272,True
14897,744,17,0.0725924967027,True,0.0555674445415,True,-0.0562885602516,-0.0825194646373,-0.0269520200958,True
14898,744,18,2.49194626334e-09,True,0.0561518682728,True,-0.0624155430886,-0.0905719246033,-0.0344200563304,True
14899,744,19,2.5353359247099997e-12,True,0.0560729833163,True,-0.065450124227,-0.09426835014660001,-0.0381953668302,True
14900,745,0,0.845668472436,False,0.140311909898,False,-0.0976761633788,-0.16750998461799999,-0.02719807472,True
14901,745,1,1.8014734754400004,False,0.106400262795,False,-0.0690760914251,-0.125510994055,-0.01911073126,True
14902,745,2,0.34936739439000003,False,0.0871776175581,False,-0.07448745194180001,-0.121376063642,-0.0341984460836,True
14903,745,3,5.9434299128000006e-05,True,0.079276250726,True,-0.079756400046,-0.118767189997,-0.039490939271199996,True
14904,745,4,0.095942931481,True,0.07735273521080001,True,-0.07263499733039999,-0.11139042802000002,-0.0340376928095,True
14905,745,5,4.75543431323e-08,True,0.07257181811489999,True,-0.07769436608,-0.116655188915,-0.0440833708001,True
14906,745,6,0.24940395540899998,True,0.0692160423923,True,-0.059828197626300005,-0.09377746339510001,-0.0245614210028,True
14907,745,7,0.0434153971084,True,0.0643356190761,True,-0.0596810166554,-0.0936109301227,-0.0292753110465,True
14908,745,8,1.4673836306999999,False,0.06363711870040001,True,-0.045773512300699995,-0.0762153991996,-0.012578280499200001,True
14909,745,9,1.63215400076,False,0.061103382169699995,True,-0.0452600567254,-0.0767318381873,-0.0156284560176,True
14910,745,10,0.149979078873,True,0.06157637069630001,True,-0.0538170735999,-0.0851719698624,-0.023595599166099997,True
14911,745,11,0.105665920218,True,0.058911899036800004,True,-0.0606867389443,-0.09097257684860001,-0.0320606778119,True
14912,745,12,1.15971364046e-07,True,0.0593214759684,True,-0.0678215912903,-0.0967325662885,-0.037411090320099996,True
14913,745,13,4.07651596084e-06,True,0.0561416761228,True,-0.07063738979539999,-0.0983123069455,-0.042170630822599996,True
14914,745,14,3.06923133375e-08,True,0.058803661913,True,-0.07527359154619999,-0.10656965011,-0.047765988197,True
14915,745,15,3.9264167439299997e-13,True,0.0583903220156,True,-0.0690196087649,-0.09848896453389999,-0.040098642518300004,True
14916,745,16,1.06489902789e-05,True,0.0581042413733,True,-0.0681951393851,-0.0969707433853,-0.038866502012,True
14917,745,17,2.3241928668000003e-07,True,0.056101058563199996,True,-0.0721641449567,-0.0988853240651,-0.042784265501899996,True
14918,745,18,3.4529690470800005e-14,True,0.0545495828943,True,-0.0686356096863,-0.09798275169019999,-0.0434331687959,True
14919,745,19,1.17597312758e-09,True,0.056248308459,True,-0.0689506943623,-0.0979521001877,-0.0417037917288,True
14920,746,0,13.521485242999999,False,0.143972143163,False,-0.049586666002699994,-0.121646888156,0.0223252550069,False
14921,746,1,8.68820069595,False,0.104643299926,False,-0.049986791998600004,-0.10227070244999999,0.00237259747679,False
14922,746,2,10.4665728475,False,0.0892773872498,False,-0.04370986022480001,-0.08933017634410001,-5.27890942712e-05,True
14923,746,3,22.816447497,False,0.0772329395827,True,-0.0278421169027,-0.06800805247790001,0.009224887104809999,False
14924,746,4,20.1843948521,False,0.0739791135653,True,-0.0290489366791,-0.0650469038948,0.00893220967055,False
14925,746,5,26.7333857143,False,0.07218410040249999,True,-0.0254695632251,-0.0636484437725,0.00853565662993,False
14926,746,6,3.4091903354500004,False,0.0667824836809,True,-0.0443322109559,-0.078425823001,-0.011643339320100001,True
14927,746,7,5.47049862651,False,0.064900150029,True,-0.038858643648699995,-0.0737195800726,-0.008819430043520001,True
14928,746,8,10.9075551296,False,0.06379561776130001,True,-0.033381617692900004,-0.06440924018369999,-0.00061362242241,True
14929,746,9,4.17968460544,False,0.061316126314699994,True,-0.0383123672374,-0.0695066241117,-0.00819049779697,True
14930,746,10,2.51247307169,False,0.061695299556800004,True,-0.0428388081812,-0.0730076179919,-0.011312318435100001,True
14931,746,11,0.981362873052,False,0.0586258810886,True,-0.0453436304952,-0.074386002516,-0.015760121427500003,True
14932,746,12,1.51714657956,False,0.0585365808555,True,-0.04418072422830001,-0.07535717471350001,-0.016820593858,True
14933,746,13,1.30761103202,False,0.057595035575199995,True,-0.045653051210900006,-0.07461191223180001,-0.0170168766566,True
14934,746,14,0.771973665533,False,0.0580134593059,True,-0.049318792769599995,-0.0786045735625,-0.0205911142566,True
14935,746,15,0.21046323576200002,True,0.058145428004,True,-0.0526295742232,-0.0819219459876,-0.0237765179836,True
14936,746,16,0.46007008295699997,False,0.05728915668219999,True,-0.0528607160477,-0.0818363291524,-0.024547172470200003,True
14937,746,17,0.19476749692200002,True,0.057842107855000005,True,-0.0516326061514,-0.07957476905189999,-0.0217326611969,True
14938,746,18,0.421115838003,False,0.057160715928999996,True,-0.0529103077298,-0.0824429389319,-0.025282223002900003,True
14939,746,19,1.72633489351e-07,True,0.0552249301502,True,-0.062289733963,-0.09000733764310001,-0.0347824074929,True
14940,747,0,7.4174445515,False,0.142208325575,False,-0.0660585493837,-0.138816956476,0.0033913690988400004,False
14941,747,1,22.4405297866,False,0.102218809418,False,-0.0340785381896,-0.0840372960864,0.018181513331799997,False
14942,747,2,4.35210418584,False,0.0871241724257,False,-0.05090097580900001,-0.09407264386269999,-0.00694847143698,True
14943,747,3,5.12429242857,False,0.0785791911569,True,-0.0462229827015,-0.0830261859894,-0.004446994832520001,True
14944,747,4,2.1144348107799997,False,0.0745646625692,True,-0.0523785792274,-0.08939799074789999,-0.0148333281787,True
14945,747,5,0.591580681563,False,0.06940947570719999,True,-0.061962499873,-0.09499689333239998,-0.0255874176253,True
14946,747,6,0.047213575685900004,True,0.065784052119,True,-0.0667511983077,-0.0995953918942,-0.033811339775200004,True
14947,747,7,0.09401623740430001,True,0.0652701643221,True,-0.0695519260527,-0.10253938598300001,-0.0372692216611,True
14948,747,8,0.0836691062238,True,0.0621761321356,True,-0.059455950352600005,-0.0904224345088,-0.028246302373200003,True
14949,747,9,0.306861574583,True,0.0621365714403,True,-0.0554613813691,-0.08463770150210001,-0.0225011300618,True
14950,747,10,0.24471725846200001,True,0.0603889863342,True,-0.051898804081800004,-0.0804791758086,-0.020090189474400003,True
14951,747,11,0.52989145408,False,0.0601245681943,True,-0.0515281575923,-0.08205915251910001,-0.0219345843249,True
14952,747,12,0.304505982247,True,0.0611457347531,True,-0.055984670520199994,-0.0864932736271,-0.025347538874,True
14953,747,13,0.0116949467643,True,0.05659858484730001,True,-0.056058194446400006,-0.0848746341515,-0.0282760493042,True
14954,747,14,0.0270114968922,True,0.0574170442839,True,-0.0613033001109,-0.0899048196538,-0.03248777537,True
14955,747,15,6.705397354980001e-10,True,0.0562164973939,True,-0.0648888704711,-0.09269782752969999,-0.0364813301358,True
14956,747,16,1.44865212927e-09,True,0.058010465281,True,-0.0700676365854,-0.0992569956167,-0.0412465303358,True
14957,747,17,2.44862940815e-12,True,0.0549278939705,True,-0.0665219012552,-0.0940961398838,-0.0391682459133,True
14958,747,18,1.02264555168e-08,True,0.055750632696900004,True,-0.0648459057259,-0.0934109502174,-0.037660317520499996,True
14959,747,19,5.1749784646899996e-15,True,0.058330719484599995,True,-0.0720346572261,-0.102548907718,-0.044218188233400006,True
14960,748,0,32.4055094653,False,0.14517995163,False,0.00361821318206,-0.0690282641945,0.07615168743549999,False
14961,748,1,33.5132366069,False,0.101762070614,False,-0.022673199932,-0.0735974791683,0.0281645914458,False
14962,748,2,33.9308665035,False,0.08750497450760002,False,-0.0209639553008,-0.0641732050169,0.0233317694906,False
14963,748,3,33.5553623725,False,0.0799087487461,True,-0.022734873034099996,-0.06277085882450001,0.0171378899215,False
14964,748,4,38.8627396848,False,0.073794542861,True,-0.018989580029700002,-0.056793483738699996,0.0170010591224,False
14965,748,5,30.558516057600002,False,0.06936739144410001,True,-0.022431439788999998,-0.0545378223405,0.014829569103700002,False
14966,748,6,17.8719461156,False,0.0683439097468,True,-0.029111927689499998,-0.0650813751208,0.00326253462603,False
14967,748,7,10.5143160123,False,0.0654124414601,True,-0.0330151566563,-0.0654302964524,-1.78549922498e-05,True
14968,748,8,10.1749443832,False,0.06348073612319999,True,-0.0331670368179,-0.06372911582219999,-0.000248379699012,True
14969,748,9,13.343608003699998,False,0.0628220227074,True,-0.0301226880329,-0.0603024962213,0.00251952648611,False
14970,748,10,6.113022400669999,False,0.0586545253393,True,-0.035221504884699995,-0.0655938282405,-0.00693930290117,True
14971,748,11,2.2049731980700003,False,0.058846066428699995,True,-0.0399890732862,-0.0693417562763,-0.010495689847600001,True
14972,748,12,0.523832148006,False,0.057829019554399994,True,-0.0464882853721,-0.07387886189689999,-0.0160498423424,True
14973,748,13,0.504026672387,False,0.0588730082266,True,-0.0501361923524,-0.079155434421,-0.0202824261944,True
14974,748,14,0.147908871429,True,0.058918534985699995,True,-0.052435330967300006,-0.0804226211605,-0.0215040861747,True
14975,748,15,0.522306908138,False,0.05761539567269999,True,-0.048459518390499993,-0.0774225112032,-0.019807115530499998,True
14976,748,16,0.131785552928,True,0.05725916462569999,True,-0.053838856497,-0.081777773885,-0.024518609259399998,True
14977,748,17,0.023579986110200003,True,0.057108602644300004,True,-0.0555885821596,-0.083170586627,-0.0260619839827,True
14978,748,18,0.0044802983188299995,True,0.0553557672879,True,-0.05510471396509999,-0.08318628640160002,-0.0278305191137,True
14979,748,19,0.0333211500892,True,0.055377319237599996,True,-0.05532469082619999,-0.083209106633,-0.027831787395299998,True
14980,749,0,31.67749125,False,0.142649227721,False,-0.013555828515700002,-0.08218743875330001,0.060461788967500006,False
14981,749,1,11.5484956544,False,0.103461371893,False,-0.0443070150691,-0.09563738431970001,0.0078239875731,False
14982,749,2,39.2107743521,False,0.09099056952299998,False,-0.0182875241595,-0.0637218842717,0.0272686852513,False
14983,749,3,57.6954672241,False,0.0777543526191,True,-0.008387890575399999,-0.04678336031830001,0.030970992300800002,False
14984,749,4,45.130633358000004,False,0.07371382070289999,True,-0.0155697231623,-0.0524480818757,0.021265738827200002,False
14985,749,5,29.1923649246,False,0.0711432787455,True,-0.024610225418,-0.0598372978488,0.011305980896700001,False
14986,749,6,18.0219987314,False,0.06833130996640001,True,-0.0293449301241,-0.063329159121,0.00500215084537,False
14987,749,7,3.05588792399,False,0.0624838458407,True,-0.0409767667501,-0.07239019367,-0.00990634782934,True
14988,749,8,1.2617483084899999,False,0.0635103254432,True,-0.0477205320716,-0.0792625301782,-0.015752204735,True
14989,749,9,0.0748834944884,True,0.0613722735915,True,-0.0568534358971,-0.08793509639170001,-0.0265628228002,True
14990,749,10,0.397388526034,False,0.0610993630404,True,-0.0499181079875,-0.0788474249171,-0.0177480618767,True
14991,749,11,0.348693354509,False,0.059540065511300005,True,-0.05138667594409999,-0.0792271802725,-0.0196871147612,True
14992,749,12,0.312440990924,True,0.057506910323,True,-0.0541132194585,-0.08142302230060001,-0.023916111977599998,True
14993,749,13,0.104836224699,True,0.0576222846834,True,-0.0565977638612,-0.08534346810969999,-0.0277211834263,True
14994,749,14,9.05545416396e-10,True,0.0547162086071,True,-0.060170355433400005,-0.0865478265333,-0.0318316179262,True
14995,749,15,0.049852958113199994,True,0.056969146182399996,True,-0.061882453846500006,-0.0891792543521,-0.0322101081697,True
14996,749,16,1.09398867371e-07,True,0.0573804466331,True,-0.061403247873,-0.0908686210421,-0.033488174408999996,True
14997,749,17,0.0288277572395,True,0.056145988996,True,-0.0614368664303,-0.09131235652439998,-0.0351663675284,True
14998,749,18,7.6397775845e-06,True,0.05508735639140001,True,-0.060216418979,-0.087612082398,-0.0325247260067,True
14999,749,19,0.000182503072072,True,0.056283944721800004,True,-0.059397202305100004,-0.0871419676704,-0.0308580229486,True
15000,750,0,32.8323056991,False,0.142662021419,False,-0.00319656077994,-0.0710983597688,0.0715636616506,False
15001,750,1,31.2174707365,False,0.10436269458799999,False,-0.0256517878365,-0.079461233108,0.024901461480400004,False
15002,750,2,45.8155865772,False,0.09024096522700001,False,-0.0150134551091,-0.0593636915916,0.030877273635299997,False
15003,750,3,32.080729607600006,False,0.0813549321166,False,-0.0236015593285,-0.0634813804314,0.017873551685200002,False
15004,750,4,7.227191099400001,False,0.0722057463616,True,-0.040236605005900004,-0.07778296792600001,-0.00557722156433,True
15005,750,5,2.34352400124,False,0.0712295749483,True,-0.046790154553300004,-0.0825538774842,-0.0113243025359,True
15006,750,6,0.508952787898,False,0.0656587659545,True,-0.05245258821359999,-0.0844061820819,-0.018747416127400003,True
15007,750,7,0.317785323241,True,0.0663720261141,True,-0.059355048642300005,-0.09282061133469999,-0.026448585220499997,True
15008,750,8,0.238665722172,True,0.065449636949,True,-0.0625068981628,-0.0941787438535,-0.0287291069045,True
15009,750,9,0.0683396902109,True,0.061947514165500005,True,-0.06836380831519999,-0.0992390609924,-0.0372915468269,True
15010,750,10,2.7411298019e-06,True,0.061567001098,True,-0.0662297217676,-0.09699336620610001,-0.035426365108,True
15011,750,11,2.8668815732e-13,True,0.059717980471299996,True,-0.0696384021051,-0.0987815085044,-0.0390635280331,True
15012,750,12,1.81268235229e-09,True,0.0577589833484,True,-0.0693774170009,-0.09599020170099999,-0.0382312183526,True
15013,750,13,1.08080474989e-14,True,0.0590877457606,True,-0.0783687763176,-0.10719678915200001,-0.0481090433915,True
15014,750,14,1.84341597083e-08,True,0.0587160356156,True,-0.07423365297460001,-0.102711446807,-0.0439954111914,True
15015,750,15,2.2859333448000004e-17,True,0.0566494119094,True,-0.0750687190785,-0.104031913125,-0.047382501216,True
15016,750,16,4.77248663862e-27,True,0.057413563352,True,-0.07892191123110001,-0.107912161518,-0.050498598166,True
15017,750,17,6.3520956190799994e-21,True,0.0567275116964,True,-0.078633486465,-0.104935957962,-0.0482084462655,True
15018,750,18,5.18121422985e-18,True,0.0555917581014,True,-0.0744795471866,-0.101476513451,-0.0458847553493,True
15019,750,19,1.8159510178399998e-17,True,0.0580142299088,True,-0.0713822218918,-0.101202294669,-0.0431880647604,True
15020,751,0,30.0196805191,False,0.144924275905,False,-0.0168265472605,-0.08667676289349999,0.0582475130112,False
15021,751,1,9.07962936025,False,0.10294420936200001,False,-0.0486038404963,-0.0995838623704,0.0033603469915399996,False
15022,751,2,3.41112129903,False,0.0888639698992,False,-0.055242429477800004,-0.102788150889,-0.0139241809901,True
15023,751,3,0.020900770841599997,True,0.07730586322930001,True,-0.08085265959030001,-0.12017474037999999,-0.0428688771507,True
15024,751,4,0.054459781909499995,True,0.0721346809909,True,-0.0715612475587,-0.107531222712,-0.0353965417215,True
15025,751,5,0.017850686314299997,True,0.0708089634549,True,-0.0653954513986,-0.10282381410599999,-0.0320148506508,True
15026,751,6,0.245362397735,True,0.0686624845344,True,-0.0579099391539,-0.09347053155760002,-0.0248080470232,True
15027,751,7,0.37087689014499997,False,0.0664859633673,True,-0.0562759939207,-0.08953328194910001,-0.023047318581699998,True
15028,751,8,0.40372690572700004,False,0.0643325037555,True,-0.0546219620657,-0.08713234654480001,-0.0227998427893,True
15029,751,9,0.445861414912,False,0.0620210010969,True,-0.0510501964178,-0.0824022083335,-0.020381207236500002,True
15030,751,10,0.292081224217,True,0.0622097207066,True,-0.0598970183795,-0.0935501429651,-0.031340422258599995,True
15031,751,11,0.392475929414,False,0.0596323350224,True,-0.0580457191275,-0.0883161088717,-0.028683773849299998,True
15032,751,12,0.0619937088753,True,0.0600030565833,True,-0.06428799937730001,-0.09488795922439999,-0.034884902641,True
15033,751,13,1.51162241843e-11,True,0.058034979918900005,True,-0.07002313042830001,-0.0995025269903,-0.0414675470714,True
15034,751,14,0.0009120253324810001,True,0.057442562309300005,True,-0.0645228154202,-0.09285139538360002,-0.0354088330744,True
15035,751,15,0.00435739989374,True,0.0599339822025,True,-0.0653478230402,-0.0952407876451,-0.0353068054427,True
15036,751,16,1.01113516643e-06,True,0.05730913300419999,True,-0.06420229205070001,-0.0927815340632,-0.035472401059,True
15037,751,17,4.34299961685e-07,True,0.05714023166590001,True,-0.0633454649634,-0.0931116136586,-0.035971381992699995,True
15038,751,18,0.0004192185332180001,True,0.056709308585299996,True,-0.0623221121741,-0.0883768922535,-0.0316675836682,True
15039,751,19,0.0286316628304,True,0.0564713622116,True,-0.057274113498,-0.08393435647700001,-0.027462994265400005,True
15040,752,0,33.7871396885,False,0.135482398786,False,-0.009082181156879999,-0.0759299120246,0.059552486760900004,False
15041,752,1,0.5640854637839999,False,0.10531084819499999,False,-0.0767732106139,-0.130294824341,-0.0249839761453,True
15042,752,2,3.15503569009,False,0.0861558506018,False,-0.0550580009719,-0.09959500785469999,-0.0134391572529,True
15043,752,3,1.7808906665400002,False,0.07753235566700001,True,-0.053948889085,-0.09291112888039998,-0.015378773213400001,True
15044,752,4,10.8725459198,False,0.07176768385039999,True,-0.0351192054239,-0.071920932195,-0.000153248344567,True
15045,752,5,3.8485307529400004,False,0.0705318191684,True,-0.04373842855280001,-0.07744829245130001,-0.00691647328283,True
15046,752,6,4.35703156854,False,0.0665680932847,True,-0.04201665325130001,-0.0763862312237,-0.009818137939,True
15047,752,7,0.39713650355499996,False,0.06724728815219999,True,-0.0565164569603,-0.0905267220409,-0.0232794338888,True
15048,752,8,0.107994828692,True,0.0600675290954,True,-0.062400173927899996,-0.0924092327891,-0.0323417036937,True
15049,752,9,0.029174325860799998,True,0.060496779991,True,-0.06114249567649999,-0.0914906917565,-0.0309939117656,True
15050,752,10,0.161250421039,True,0.06195828284109999,True,-0.05655391663980001,-0.08842710226710002,-0.026468819426,True
15051,752,11,0.083529194217,True,0.05847070860069999,True,-0.0570135928195,-0.0862487343187,-0.027778025718,True
15052,752,12,0.00905287909547,True,0.0577803171151,True,-0.055505688834,-0.08390055360689999,-0.026120236491799998,True
15053,752,13,4.0660760756900004e-12,True,0.056824929480300004,True,-0.067066825045,-0.095221036157,-0.0383961066766,True
15054,752,14,7.2988408123099996e-09,True,0.0580557811142,True,-0.0674523671693,-0.09681717402960001,-0.038761392915400004,True
15055,752,15,4.3120336861099996e-11,True,0.0565190043356,True,-0.0685113261667,-0.0970020062755,-0.0404830019399,True
15056,752,16,1.3425032278699998e-11,True,0.058201765528100004,True,-0.0695348948808,-0.09768687841050001,-0.0394851128824,True
15057,752,17,1.9812796357e-13,True,0.0564646856597,True,-0.0728768349693,-0.100666053638,-0.044201367978600005,True
15058,752,18,5.32816522205e-17,True,0.0565096986771,True,-0.06971320417839999,-0.0973265950752,-0.040816896398099996,True
15059,752,19,0.0215083589757,True,0.0578296524273,True,-0.06072395194230001,-0.09032248582550001,-0.0324928333982,True
15060,753,0,18.2585099841,False,0.141279045794,False,-0.040553115060800005,-0.11390918430199999,0.027369861491900002,False
15061,753,1,18.2790211983,False,0.106175777549,False,-0.0365408769906,-0.09243158198319999,0.013744195566,False
15062,753,2,9.68580222329,False,0.0898288124794,False,-0.0433701699949,-0.0901120628482,-0.000283250368831,True
15063,753,3,0.851471656933,False,0.07845623784900001,True,-0.0592507923379,-0.0977428665071,-0.019286628658000002,True
15064,753,4,0.0659229533588,True,0.0724031732152,True,-0.0683095485638,-0.106554002588,-0.0341508293731,True
15065,753,5,0.0069344573526,True,0.0704147391519,True,-0.0744484369059,-0.109500813188,-0.039086074036099996,True
15066,753,6,0.115399332925,True,0.068169053245,True,-0.06100005328580001,-0.0941133939128,-0.0259443406678,True
15067,753,7,0.158301490087,True,0.06382085147000001,True,-0.058712466904600004,-0.0918312801055,-0.0280104286355,True
15068,753,8,0.40894739439499994,False,0.0628541604887,True,-0.054938870729099996,-0.08805758919430001,-0.0252034287056,True
15069,753,9,0.226104289385,True,0.059981831376300004,True,-0.056564877115199995,-0.08697110523610001,-0.026989273859700003,True
15070,753,10,0.46573320243999994,False,0.0586880690517,True,-0.048685018157299996,-0.077697828058,-0.0190097590063,True
15071,753,11,1.7249935891400001,False,0.0582173422176,True,-0.0403342366302,-0.0690017951542,-0.010784452936599999,True
15072,753,12,1.17205192599,False,0.05761880622480001,True,-0.0428552049681,-0.0706684742263,-0.0130496680015,True
15073,753,13,0.749155117551,False,0.0579070927494,True,-0.04668598189209999,-0.0742677738881,-0.016360681138799998,True
15074,753,14,0.302390557943,True,0.0552812329943,True,-0.048309568529300004,-0.076880607007,-0.021599374012799998,True
15075,753,15,0.635720520455,False,0.057694787103500005,True,-0.04529416457780001,-0.0750405014815,-0.017345714378,True
15076,753,16,1.2811153558700001,False,0.0576803597848,True,-0.0455133749,-0.07386693205730001,-0.0161865722725,True
15077,753,17,0.056181934555699996,True,0.0563039930791,True,-0.052184455457600004,-0.07971026103630001,-0.023406267957299998,True
15078,753,18,0.0325474410414,True,0.0549826243458,True,-0.053775074930699995,-0.080776456301,-0.025793831955200002,True
15079,753,19,9.65695592895e-09,True,0.0546671712096,True,-0.05927691721199999,-0.0863387527309,-0.0316715815213,True
15080,754,0,29.8532909039,False,0.143086123008,False,-0.0176609779789,-0.0883318580375,0.0547542649708,False
15081,754,1,47.2519395618,False,0.10614116408,False,-0.00385694569379,-0.0550802490291,0.0510609150504,False
15082,754,2,52.5084733484,False,0.089778025693,False,0.0010458241308699998,-0.04140390569480001,0.048374119998199995,False
15083,754,3,56.946534731199996,False,0.08155654619739999,False,-0.00257158342234,-0.0418039569195,0.0397525892779,False
15084,754,4,30.850100508,False,0.07476397961930001,True,-0.0225609355842,-0.0595164913406,0.015247488278700002,False
15085,754,5,22.1400158037,False,0.0715149048853,True,-0.028556542852699998,-0.0645649030124,0.00695000187291,False
15086,754,6,20.7423480249,False,0.0701320204249,True,-0.028375432920400002,-0.0657537346304,0.00437828579453,False
15087,754,7,9.78318675018,False,0.0663584530036,True,-0.0348303943781,-0.0673998410631,-0.00104138805952,True
15088,754,8,4.18294129394,False,0.0637633995369,True,-0.039072361192,-0.0696880378528,-0.00592463831591,True
15089,754,9,2.3031760301,False,0.0621566022611,True,-0.0445091578354,-0.0757183711152,-0.013561768854100001,True
15090,754,10,1.24641022357,False,0.0617872457914,True,-0.0477072156931,-0.0792070479603,-0.0174198021689,True
15091,754,11,0.747662088684,False,0.0633436926448,True,-0.0487316656186,-0.0806539579196,-0.017310265274900004,True
15092,754,12,0.489099567895,False,0.058028409795699995,True,-0.0489912086744,-0.0786095994954,-0.0205811896997,True
15093,754,13,1.5029900707600001,False,0.0570046340751,True,-0.0433310721932,-0.0733309983215,-0.016326364246399997,True
15094,754,14,2.6429310063599996,False,0.0587507203615,True,-0.0396610945884,-0.06873214981289999,-0.009981429451469999,True
15095,754,15,3.1262163762800004,False,0.058021400465000005,True,-0.037320935837199996,-0.068613289932,-0.010591889467,True
15096,754,16,1.3654418016499998,False,0.057180818616199995,True,-0.0434644242604,-0.07215938966760001,-0.014978571051399998,True
15097,754,17,1.06694779537,False,0.0550852719068,True,-0.042466617059000004,-0.0691868010919,-0.0141015291851,True
15098,754,18,1.30289225927,False,0.0576941774512,True,-0.04370547068530001,-0.0730681229727,-0.0153739455215,True
15099,754,19,0.40599713810099997,False,0.0551941087251,True,-0.0496268906059,-0.0780482888165,-0.0228541800914,True
15100,755,0,29.9946828604,False,0.145557844221,False,-0.0202499235563,-0.09139794865,0.0541598955706,False
15101,755,1,28.781614307399998,False,0.110267191129,False,-0.0261851546048,-0.077687314338,0.0325798767909,False
15102,755,2,31.537207626799997,False,0.0845673980873,False,-0.0226167499142,-0.0642453353587,0.020322062728500002,False
15103,755,3,10.0918906925,False,0.07980407427160001,True,-0.039273191765,-0.0817323616835,-0.0019282874118900003,True
15104,755,4,3.96576328602,False,0.07683545324810001,True,-0.0490752845751,-0.08807625149139998,-0.0112407982433,True
15105,755,5,1.79281150664,False,0.0693992917369,True,-0.050212613795600006,-0.0852364023611,-0.015837110624200002,True
15106,755,6,1.49182771768,False,0.0697335323435,True,-0.0472443857646,-0.0827297811388,-0.0129962487953,True
15107,755,7,0.42953517261000007,False,0.0674413823353,True,-0.0545007887061,-0.0892132980108,-0.0217719156755,True
15108,755,8,1.2304445764899998,False,0.0632863890255,True,-0.05128922215469999,-0.08431044681710001,-0.0210240577915,True
15109,755,9,0.9319385209059999,False,0.0597828878778,True,-0.049590363018399995,-0.0791166463991,-0.0193337585213,True
15110,755,10,0.159132799326,True,0.0607230686382,True,-0.0556377674847,-0.08549776736839998,-0.024774698730200002,True
15111,755,11,0.0446613695792,True,0.0605718693019,True,-0.054672253119,-0.08543129645919999,-0.0248594271573,True
15112,755,12,0.0296172697256,True,0.0598348747925,True,-0.0589819533108,-0.08935604847510001,-0.0295211736826,True
15113,755,13,0.20576702255899998,True,0.0586272719987,True,-0.0547064798787,-0.08455553735750002,-0.0259282653589,True
15114,755,14,0.0009564617002,True,0.0594727639372,True,-0.0599178016736,-0.09070287903439998,-0.0312301150972,True
15115,755,15,0.000134169172193,True,0.0571675193004,True,-0.059840375470000005,-0.09060970393089998,-0.0334421846304,True
15116,755,16,3.09258291591e-06,True,0.057689280407499995,True,-0.0598450834838,-0.09020789947510001,-0.032518619067599994,True
15117,755,17,0.10993364912499999,True,0.0578152414563,True,-0.0540248422825,-0.08378654486930001,-0.025971303413,True
15118,755,18,4.21672765897e-09,True,0.0556353058258,True,-0.060409897377000005,-0.08655384580810001,-0.0309185399823,True
15119,755,19,0.4449125956600001,False,0.0556164634789,True,-0.054441772019100006,-0.08255805036180001,-0.0269415868829,True
15120,756,0,2.63501238734,False,0.144451364699,False,-0.0868061293568,-0.155291954792,-0.0108405900923,True
15121,756,1,18.3243189278,False,0.10418504020700001,False,-0.0370090866494,-0.0912191892306,0.012965850976499998,False
15122,756,2,6.61406345583,False,0.08886236193460001,False,-0.047563582362699995,-0.09083365250089999,-0.00197129056633,True
15123,756,3,4.13108722601,False,0.0777882940706,True,-0.0464044376345,-0.0846725932449,-0.0068842991743100004,True
15124,756,4,1.8606076824200002,False,0.0726676257779,True,-0.0490356729313,-0.08588066735510001,-0.0132130415772,True
15125,756,5,3.6311151097400005,False,0.06977121544989999,True,-0.0440870246065,-0.0798080524044,-0.010036836954399999,True
15126,756,6,0.599256071245,False,0.0663210538021,True,-0.056742606672400005,-0.0890681309994,-0.0227470771973,True
15127,756,7,0.273560306518,True,0.061806732613300004,True,-0.0552353004467,-0.0866216131442,-0.024814880530900002,True
15128,756,8,0.191430383801,True,0.0610198787473,True,-0.0522246467891,-0.08564758766139999,-0.024627708914099995,True
15129,756,9,0.182452432355,True,0.06349687284040001,True,-0.055353518739400004,-0.087582084571,-0.0240852117307,True
15130,756,10,0.102618556249,True,0.0608447978204,True,-0.06232534731890001,-0.0914185947147,-0.0305737968943,True
15131,756,11,0.00016248321440900002,True,0.0558547260413,True,-0.0602547337716,-0.0879249468218,-0.0320702207805,True
15132,756,12,0.07440272153300001,True,0.058493559782499996,True,-0.0631097761999,-0.092201423746,-0.0337078639635,True
15133,756,13,3.75248778716e-11,True,0.0586082755447,True,-0.0718240354972,-0.09979525663239999,-0.041186981087599994,True
15134,756,14,7.788024908049999e-26,True,0.0569387987326,True,-0.0804803358846,-0.10749845199100001,-0.0505596532582,True
15135,756,15,9.75225180452e-19,True,0.0567326997189,True,-0.0803426038431,-0.108225817834,-0.051493118114700004,True
15136,756,16,5.692816929169999e-22,True,0.0579321430256,True,-0.0805550884985,-0.10998735573799999,-0.05205521271269999,True
15137,756,17,3.0981927416799997e-27,True,0.0572160427561,True,-0.07889734674089999,-0.107554391165,-0.0503383484086,True
15138,756,18,7.46259922183e-40,True,0.0548106936802,True,-0.0820597775275,-0.10773189494799999,-0.052921201267499995,True
15139,756,19,3.21734176646e-31,True,0.057528603755,True,-0.0821118461524,-0.108827335336,-0.0512987315814,True
15140,757,0,9.28111021424,False,0.14608355880899998,False,0.059119304946800004,-0.0172417193259,0.12884183948300001,False
15141,757,1,39.026898216999996,False,0.10400443830499999,False,0.0159416615123,-0.036766833552699996,0.06723760475190001,False
15142,757,2,54.1123173441,False,0.086333880154,False,0.000785313276094,-0.0429055239069,0.0434283562471,False
15143,757,3,60.5959011848,False,0.0810165865868,False,-0.0054063015784,-0.0464678280732,0.034548758513599995,False
15144,757,4,24.845305069499997,False,0.07238543140060001,True,-0.0272893450973,-0.0642258637264,0.0081595676742,False
15145,757,5,8.40536807111,False,0.0693481009827,True,-0.035591477158,-0.069961961308,-0.000613860325339,True
15146,757,6,2.6453433581400003,False,0.06783351253,True,-0.0453551389883,-0.07657108040360001,-0.008737567873600001,True
15147,757,7,0.6657230530430001,False,0.0654817784386,True,-0.0515013603029,-0.08418405833720001,-0.0187022798986,True
15148,757,8,1.8470266830900002,False,0.062480211616500005,True,-0.0459075466748,-0.0766910916026,-0.014210879986000001,True
15149,757,9,0.547085842059,False,0.062463924918800005,True,-0.0494150496554,-0.08008891354160001,-0.0176249886229,True
15150,757,10,1.25283833457,False,0.060200989696000004,True,-0.04664442692509999,-0.07633287972160001,-0.0161318900256,True
15151,757,11,0.208543349938,True,0.0620778754001,True,-0.0516942432711,-0.08425109639100001,-0.0221732209909,True
15152,757,12,0.766780619144,False,0.057946097018499995,True,-0.0469273955951,-0.07587422478339999,-0.0179281277649,True
15153,757,13,0.397765471477,False,0.058534878033,True,-0.046569831707499995,-0.0749671606332,-0.0164322826003,True
15154,757,14,0.256770707749,True,0.0570845558378,True,-0.0517661781365,-0.07973665117439999,-0.0226520953366,True
15155,757,15,0.09489484262119999,True,0.0575097878742,True,-0.05444427690169999,-0.0842974131387,-0.026787625264499997,True
15156,757,16,0.0221666957149,True,0.05775182867769999,True,-0.0572047829428,-0.08508713512739999,-0.027335306449700003,True
15157,757,17,0.036540467031199994,True,0.055246405684,True,-0.05895702824019999,-0.085519313366,-0.030272907682,True
15158,757,18,0.00828141315924,True,0.0566124848785,True,-0.0574960163567,-0.0868173696813,-0.0302048848027,True
15159,757,19,0.11456645542300001,True,0.0563483941102,True,-0.0559990832409,-0.08486287796900001,-0.0285144838589,True
15160,758,0,35.0334637826,False,0.143074829689,False,0.00556539289342,-0.0700186920292,0.0730561376596,False
15161,758,1,38.6528434319,False,0.102325270061,False,-0.014617047753,-0.06443706231869999,0.037888207742199996,False
15162,758,2,51.4605158887,False,0.0865460427405,False,-0.0090523259654,-0.054606833651099994,0.0319392090895,False
15163,758,3,45.361141483999994,False,0.0778258657966,True,-0.015554173505799998,-0.053145063865199994,0.0246808019314,False
15164,758,4,26.364612793499997,False,0.0734707287125,True,-0.0262520275154,-0.0631699901626,0.010300738549899999,False
15165,758,5,9.15441953874,False,0.0709506879604,True,-0.036703145469800004,-0.07187235116719999,-0.000921663206749,True
15166,758,6,3.0012419408099995,False,0.0678464676903,True,-0.0438263524634,-0.07701324517639999,-0.00916677748605,True
15167,758,7,3.87403993982,False,0.0645016013167,True,-0.0409115683524,-0.0736216300077,-0.00912002869097,True
15168,758,8,0.6028324533899999,False,0.0629149976014,True,-0.0509914301468,-0.08323407268500001,-0.020319075083599997,True
15169,758,9,1.4622890648500002,False,0.0624432831936,True,-0.046206781060800006,-0.0762450100128,-0.013801726819200002,True
15170,758,10,2.5680415923299997,False,0.0590798053314,True,-0.040366140751699996,-0.0706008319902,-0.011521026658799999,True
15171,758,11,1.6855244444,False,0.057613107916,True,-0.041521605847300004,-0.07049714889160001,-0.012884040975600001,True
15172,758,12,0.7120344552310001,False,0.0587120025808,True,-0.0498485743097,-0.0792277059644,-0.0205157033836,True
15173,758,13,0.5815001287129999,False,0.055817403773499995,True,-0.0517332960579,-0.0794898944998,-0.023672490726299997,True
15174,758,14,0.154378593112,True,0.058097859136,True,-0.05790085995,-0.0872435162932,-0.0291456571572,True
15175,758,15,3.22449645713e-05,True,0.057532217023300004,True,-0.0617713693917,-0.0895612132611,-0.0320289962378,True
15176,758,16,1.3918978948900002e-11,True,0.05881509998480001,True,-0.0669091010565,-0.0960380705711,-0.0372229705863,True
15177,758,17,1.9637290148099998e-06,True,0.0556379447805,True,-0.0682022503819,-0.0955423759005,-0.039904431119900004,True
15178,758,18,1.32463088154e-10,True,0.0558513278267,True,-0.0649787726978,-0.09145061503110001,-0.035599287204400004,True
15179,758,19,1.4399059687100001e-09,True,0.0575775633426,True,-0.0667403720707,-0.09737541581669999,-0.0397978524741,True
15180,759,0,14.4680232295,False,0.143896047439,False,-0.04868356350869999,-0.12212626281500001,0.0217697846239,False
15181,759,1,20.0065133392,False,0.10412867800100001,False,-0.034409960774800005,-0.0863769064545,0.017751771546499998,False
15182,759,2,5.75642894551,False,0.08660216701880001,False,-0.04907156817800001,-0.0924529093925,-0.005850742373640001,True
15183,759,3,2.7371922568500002,False,0.0827949222924,False,-0.052853245924300005,-0.0937861757115,-0.010991253419,True
15184,759,4,0.9685942958329999,False,0.07207148600169999,True,-0.054508233783,-0.09097012797399999,-0.0188986419722,True
15185,759,5,0.9875061739129999,False,0.0704532340445,True,-0.0552338546037,-0.0893333176945,-0.01888008365,True
15186,759,6,4.48285101722,False,0.0677692659049,True,-0.042092448142099996,-0.07419760988139999,-0.0064283439765,True
15187,759,7,0.573797194184,False,0.06286309621450001,True,-0.0489467743284,-0.0791338665733,-0.0162707703587,True
15188,759,8,1.7294477002200002,False,0.061444822066299996,True,-0.0459327061359,-0.07657244544700001,-0.0151276233806,True
15189,759,9,3.2680995133899997,False,0.0644101857106,True,-0.0423261508105,-0.0742328036654,-0.00982261795489,True
15190,759,10,0.35528791799099996,False,0.06055545920369999,True,-0.0509925044561,-0.0792341605457,-0.018678701342099997,True
15191,759,11,0.124530269761,True,0.061363513142599996,True,-0.0547448066339,-0.08664485212039999,-0.025281338977799998,True
15192,759,12,0.0933657083958,True,0.0581687665357,True,-0.0604749252566,-0.0902110348799,-0.0320422683442,True
15193,759,13,0.09066679816220001,True,0.057655348552900006,True,-0.0567321492368,-0.0852672381045,-0.0276118895516,True
15194,759,14,0.10226602933399999,True,0.0583629691689,True,-0.053473230938300004,-0.08278664024410001,-0.0244236710752,True
15195,759,15,2.7650750106e-10,True,0.05751344624680001,True,-0.06565336399230001,-0.09407267090669999,-0.0365592246599,True
15196,759,16,0.0435996067907,True,0.057399483958,True,-0.059916963862199996,-0.09004686876830001,-0.0326473848103,True
15197,759,17,0.24133318876999996,True,0.0571923189814,True,-0.051509746735300004,-0.0806649762378,-0.023472657256400003,True
15198,759,18,0.327554259603,True,0.055635779747800006,True,-0.0537080911276,-0.0814215465218,-0.025785766773999998,True
15199,759,19,0.143054546207,True,0.055531499352900006,True,-0.05282122286730001,-0.07990150801260001,-0.024370008659799998,True
15200,760,0,29.5520226526,False,0.14236930535,False,-0.0146552395931,-0.08623992202189999,0.05612938332769999,False
15201,760,1,26.2780165625,False,0.107423077672,False,-0.0285997842104,-0.0810472500427,0.0263758276293,False
15202,760,2,34.976022196100004,False,0.0873956224167,False,-0.0210750761641,-0.06423633220700001,0.0231592902097,False
15203,760,3,40.8563473373,False,0.0806091068325,False,-0.017726689307799998,-0.0555228530989,0.025086253733599996,False
15204,760,4,0.388566266746,False,0.0717547536343,True,-0.0580319688497,-0.09457957133889999,-0.022824817704599997,True
15205,760,5,0.329828902698,True,0.06947668421339999,True,-0.06399326866380001,-0.09843240387939999,-0.028955719666,True
15206,760,6,0.5402668624679999,False,0.0691176257479,True,-0.060706762659099994,-0.09569747770749999,-0.0265798519597,True
15207,760,7,0.45207154068300004,False,0.0647426800126,True,-0.050333840741999994,-0.0803093729354,-0.0155666929228,True
15208,760,8,0.493614246841,False,0.0612750034561,True,-0.05116096260940001,-0.08197777364089999,-0.020702770184799997,True
15209,760,9,0.301552052442,True,0.0604891755369,True,-0.049036421129900004,-0.0806191172583,-0.0201299417214,True
15210,760,10,0.7059339313940001,False,0.0606935433693,True,-0.050172595012800004,-0.0801844190987,-0.0194908757293,True
15211,760,11,1.54281199822,False,0.0622852875804,True,-0.045855825977999996,-0.07515661685660001,-0.0128713292762,True
15212,760,12,0.825768208967,False,0.060463206910600004,True,-0.046869171342400005,-0.0780977425833,-0.0176345356727,True
15213,760,13,0.649707405175,False,0.0583408615366,True,-0.0467362978787,-0.0765192210315,-0.0181783594948,True
15214,760,14,0.7619140795229999,False,0.0574652581796,True,-0.047399551542499994,-0.07705079501749999,-0.0195855368379,True
15215,760,15,0.11353834345000001,True,0.0564007535951,True,-0.056945739108699996,-0.08538289721830002,-0.028982143623200004,True
15216,760,16,0.00953881473989,True,0.057089857949000004,True,-0.0537105965703,-0.08230278231219999,-0.0252129243632,True
15217,760,17,0.0571272312603,True,0.053821335403000006,True,-0.053687673985199996,-0.08172821977769999,-0.027906884374700004,True
15218,760,18,0.00045232615068699995,True,0.056529842783399994,True,-0.0558256212019,-0.0837957134859,-0.0272658707025,True
15219,760,19,0.112658671399,True,0.0570822264411,True,-0.052015398106800004,-0.0797845751707,-0.0227023487296,True
15220,761,0,15.349417685699999,False,0.145876733231,False,0.0468238945671,-0.0341211538491,0.11175557938200001,False
15221,761,1,18.9051718642,False,0.105834529463,False,0.03657308687019999,-0.0193766718517,0.086457857611,False
15222,761,2,39.2811807389,False,0.08712202115530002,False,0.0178677138116,-0.0249333087004,0.06218871245490001,False
15223,761,3,35.7353227665,False,0.07902242325910001,True,0.0215444661005,-0.0179534461049,0.061068977154199997,False
15224,761,4,26.8631717156,False,0.0750222399846,True,0.024863403275799997,-0.013202484999599999,0.061819754984999996,False
15225,761,5,33.3722019796,False,0.0689017038873,True,0.021244047850700002,-0.015019901411600001,0.0538818024757,False
15226,761,6,39.0109500027,False,0.0674664663445,True,0.019342938036599998,-0.0142180551725,0.053248411172,False
15227,761,7,46.1561255457,False,0.0617884383951,True,0.016442258977999998,-0.0148720739601,0.046916364435,False
15228,761,8,34.429870289,False,0.0633733443262,True,0.020021141071099997,-0.0135986248468,0.0497747194794,False
15229,761,9,69.4632799772,False,0.061202537766699996,True,0.00810849954872,-0.0211587235488,0.0400438142179,False
15230,761,10,71.0043990587,False,0.060662647002999996,True,0.00707567424304,-0.024500158387400002,0.036162488615599994,False
15231,761,11,78.129707526,False,0.0590313264509,True,0.005829991484619999,-0.024799806948299998,0.0342315195026,False
15232,761,12,76.28890770390001,False,0.0590063165625,True,0.00419276422213,-0.025171311496599996,0.0338350050659,False
15233,761,13,85.6647348528,False,0.059092999441499997,True,-0.000109198008161,-0.0305235209791,0.028569478462400003,False
15234,761,14,83.2430322029,False,0.0568252191931,True,-0.0013406840073299999,-0.0283542953228,0.028470923870299997,False
15235,761,15,73.1718116446,False,0.0578646250909,True,-0.00818243120351,-0.0367492814846,0.0211153436063,False
15236,761,16,51.625278733500004,False,0.0573214253693,True,-0.0144323132461,-0.043173016839999995,0.014148408529299997,False
15237,761,17,26.393535045300002,False,0.0581938251348,True,-0.022859031983,-0.0536601605973,0.00453366453749,False
15238,761,18,8.78066134102,False,0.0567667452825,True,-0.031102267559799997,-0.060867058803500004,-0.00410031352101,True
15239,761,19,9.426882238680001,False,0.055930711677099995,True,-0.0308040777567,-0.0574170335053,-0.00148632182816,True
15240,762,0,7.67942597632,False,0.143949807226,False,-0.0637254250235,-0.135436295153,0.00851351207317,False
15241,762,1,0.6463100574130001,False,0.103029428892,False,-0.0789306878551,-0.13165900939,-0.028629580498200004,True
15242,762,2,0.42611411936399995,False,0.09155904974649999,False,-0.0696307831053,-0.11427556424100001,-0.0227165144949,True
15243,762,3,8.04268467837,False,0.08012193028919999,False,-0.0415314663593,-0.081810336631,-0.00168840634177,True
15244,762,4,16.7364702227,False,0.0741433528122,True,-0.031489454217900004,-0.0643076030342,0.00983574977798,False
15245,762,5,31.8266548525,False,0.0686924210953,True,-0.022642386256800002,-0.0558202685255,0.0128721525697,False
15246,762,6,18.990308169400002,False,0.06894025616310001,True,-0.028016944573900002,-0.0634905298541,0.0054497263089499995,False
15247,762,7,13.145633614600001,False,0.0644621391553,True,-0.032171362948,-0.0635638781843,0.00089826097105,False
15248,762,8,12.0717804519,False,0.0644029199466,True,-0.0327616404746,-0.0636765178752,0.000726402071365,False
15249,762,9,13.944955074100001,False,0.06419830474589999,True,-0.0309218893203,-0.063853099338,0.00034520540784699995,False
15250,762,10,5.6700578863699995,False,0.059548147207500006,True,-0.0363420928224,-0.064073725922,-0.00452557871446,True
15251,762,11,2.57293304099,False,0.0587674544862,True,-0.0412470258712,-0.0704055246699,-0.011638070183700002,True
15252,762,12,2.77491144991,False,0.058767455773,True,-0.040089514723,-0.068025363996,-0.00925790822302,True
15253,762,13,1.7647131052,False,0.059516939029199994,True,-0.0420069946745,-0.07106360487760001,-0.011546665848399999,True
15254,762,14,0.983596320305,False,0.0590486066244,True,-0.0475479063981,-0.0782854388243,-0.019236832199999998,True
15255,762,15,0.35941025901600004,False,0.0560896865373,True,-0.0515138241556,-0.080244158907,-0.0241544723697,True
15256,762,16,0.165734753274,True,0.057038173072899996,True,-0.04906381168790001,-0.0758606582904,-0.0188224852175,True
15257,762,17,0.192022700733,True,0.059356024936800006,True,-0.051665270452699995,-0.08162990969719999,-0.0222738847604,True
15258,762,18,0.07305508744639999,True,0.0538936080182,True,-0.05445475683130001,-0.0806628857637,-0.026769277745500003,True
15259,762,19,0.0410635119804,True,0.05655550984680001,True,-0.054856965954200004,-0.0830890569947,-0.026533547147900002,True
15260,763,0,5.819187497610001,False,0.13487802291200002,False,-0.06714537481010001,-0.134754825586,0.000123197326659,False
15261,763,1,14.8958584449,False,0.10227512325400001,False,-0.0402192106255,-0.08910274852189999,0.013172374732399999,False
15262,763,2,14.210699124200001,False,0.09108102557739998,False,-0.036723928539499996,-0.08164099618250001,0.00944002939491,False
15263,763,3,14.752177003800002,False,0.0771768042146,True,-0.034533259730500004,-0.073035193356,0.00414161085864,False
15264,763,4,10.8439077848,False,0.0734362557058,True,-0.0350875890017,-0.07330520516139999,0.00013105054443100003,False
15265,763,5,6.54068996296,False,0.06750329421199999,True,-0.0385786031699,-0.0720777030066,-0.00457440879458,True
15266,763,6,5.8012708138999995,False,0.0670904507931,True,-0.0391541613504,-0.0722680606058,-0.00517760981268,True
15267,763,7,2.82304980981,False,0.0668356001442,True,-0.045974751741699994,-0.0783929246946,-0.011557324550399999,True
15268,763,8,5.25563331515,False,0.0631399341433,True,-0.0380777013251,-0.06901617398789998,-0.00587623984462,True
15269,763,9,1.5978245541299998,False,0.0625823037666,True,-0.0477676978653,-0.0797274344582,-0.0171451306916,True
15270,763,10,0.000208995899419,True,0.0585662728421,True,-0.05926244887400001,-0.08806111404539999,-0.0294948412033,True
15271,763,11,0.0949429938834,True,0.0580468007225,True,-0.0635668854003,-0.0915954978651,-0.0335486971426,True
15272,763,12,2.32780166346e-05,True,0.0573866189099,True,-0.0617547620041,-0.0920539114162,-0.034667292506300004,True
15273,763,13,0.00107825519483,True,0.061283998647,True,-0.06398960290109999,-0.0940338256632,-0.0327498270162,True
15274,763,14,0.0662783333078,True,0.0596480684662,True,-0.0630847140417,-0.09218165698280001,-0.032533588516700004,True
15275,763,15,0.223594070926,True,0.0558470976054,True,-0.059683009204099996,-0.0864935328987,-0.0306464352933,True
15276,763,16,0.0032912842714300002,True,0.0582318697649,True,-0.058298344148399996,-0.089108240381,-0.030876370616099998,True
15277,763,17,1.2332325521800002e-07,True,0.056612575831199996,True,-0.059605628327599997,-0.0892823451355,-0.032669769304299996,True
15278,763,18,1.82687048881e-06,True,0.0566467510733,True,-0.0656616787524,-0.09325447001869999,-0.036607718945400006,True
15279,763,19,5.5775929168000004e-11,True,0.0550459065759,True,-0.0625199035228,-0.09125519378769999,-0.0362092872118,True
15280,764,0,18.0560318313,False,0.142069269484,False,-0.04211137312530001,-0.113004433146,0.0290648363385,False
15281,764,1,34.440621702600005,False,0.10221024161299999,False,-0.0232609753448,-0.0745319785302,0.027678263082499998,False
15282,764,2,24.7819190656,False,0.088174571392,False,-0.0282916914921,-0.0741369870319,0.0140375843601,False
15283,764,3,13.8894366288,False,0.07655553156360001,True,-0.0361309749176,-0.0745537223371,0.00200180922649,False
15284,764,4,9.33267887416,False,0.07481137929460001,True,-0.038963774776,-0.07798510814389999,-0.0031737288492800003,True
15285,764,5,6.36177062995,False,0.0728647202671,True,-0.0415361554641,-0.0776679736932,-0.004803253426149999,True
15286,764,6,1.49585216634,False,0.0673954786698,True,-0.05043363251209999,-0.08515583363700001,-0.017760354967200003,True
15287,764,7,0.595871916985,False,0.06344337345619999,True,-0.0546522060833,-0.084980761866,-0.021537388409799997,True
15288,764,8,0.858208181534,False,0.0637350442306,True,-0.0500432358988,-0.081355444378,-0.0176204001475,True
15289,764,9,0.757285546305,False,0.0602118072386,True,-0.050915031157300006,-0.0812395222867,-0.0210277150481,True
15290,764,10,0.318066230653,True,0.0597834070334,True,-0.0558442839711,-0.0845200616578,-0.024736654624400004,True
15291,764,11,0.28229194004299996,True,0.06142415868369999,True,-0.055654140922300005,-0.0866109285809,-0.0251867698971,True
15292,764,12,0.000454917220181,True,0.0586051267423,True,-0.057076414861000006,-0.0869475383158,-0.028342411573400002,True
15293,764,13,3.87973853302e-05,True,0.056645729631199994,True,-0.057680421595300006,-0.0858726704909,-0.0292269408597,True
15294,764,14,4.94506726411e-06,True,0.056873937154699995,True,-0.0644996931044,-0.0934063015831,-0.0365323644284,True
15295,764,15,1.83266173946e-05,True,0.057489673789,True,-0.0637373492675,-0.0910500795409,-0.0335604057519,True
15296,764,16,0.0036570418466700004,True,0.0552811641528,True,-0.0676141215881,-0.09617832479139998,-0.040897160638599994,True
15297,764,17,8.2163092309e-09,True,0.0558300600459,True,-0.06617435394849999,-0.09491686592660001,-0.039086805880800005,True
15298,764,18,7.413164145110001e-14,True,0.055744558704000004,True,-0.0710436454846,-0.100427188081,-0.0446826293767,True
15299,764,19,5.20904116315e-26,True,0.0558959925635,True,-0.0729559950696,-0.101923033472,-0.04602704090890001,True
15300,765,0,9.32263425697,False,0.136261918566,False,-0.060637495722,-0.125419266519,0.010842652047299998,False
15301,765,1,10.860637031600001,False,0.105960216219,False,-0.047227718427800006,-0.100778755572,0.0051814606473599995,False
15302,765,2,6.29954828551,False,0.09111710210580001,False,-0.048118219227800005,-0.0968688334467,-0.005751731340930001,True
15303,765,3,1.7457700909,False,0.07877119123489999,True,-0.053886267895,-0.0940615070347,-0.015290315799700001,True
15304,765,4,0.16433364335200001,True,0.07366149885369999,True,-0.0627078059496,-0.09868637812169999,-0.025024879268099997,True
15305,765,5,0.473941070616,False,0.0692791335059,True,-0.058013281365900005,-0.0933311973198,-0.0240520638139,True
15306,765,6,0.0074329924558400005,True,0.06598032448880001,True,-0.0681778381386,-0.10131415088500001,-0.0353338263963,True
15307,765,7,0.781486418412,False,0.0663200392526,True,-0.052319666469800005,-0.08421526203389998,-0.0178952227813,True
15308,765,8,2.99077089327,False,0.06297340372,True,-0.0403667671802,-0.0711389387338,-0.00816553501379,True
15309,765,9,0.7637087224429999,False,0.0618958247738,True,-0.04722965085630001,-0.07841450308760001,-0.0165186783138,True
15310,765,10,1.16002966957,False,0.0614753165399,True,-0.045864639662199995,-0.0746949890786,-0.013219672538700001,True
15311,765,11,1.52576996794,False,0.0598686282223,True,-0.0440060865819,-0.0729083087943,-0.0130396805721,True
15312,765,12,3.0367852138599996,False,0.059033970244699994,True,-0.038341066542,-0.0664803304532,-0.00744636020853,True
15313,765,13,3.3010813100400003,False,0.0599080123282,True,-0.0389500530465,-0.0696083860738,-0.00970037374557,True
15314,765,14,1.8625531222999998,False,0.058389715043500004,True,-0.04426961107469999,-0.07299723624769999,-0.0146075212042,True
15315,765,15,0.433342127249,False,0.0576822159724,True,-0.051365014573599994,-0.0798432688155,-0.0221610528431,True
15316,765,16,0.210545435836,True,0.056921120125900004,True,-0.0486775840362,-0.0757571271348,-0.0188360070089,True
15317,765,17,0.270038861499,True,0.0547883363588,True,-0.049455443665500004,-0.0768268241935,-0.022038487834700003,True
15318,765,18,0.25645724231999995,True,0.056414593776099996,True,-0.050018521095799996,-0.0784520019627,-0.022037408186599997,True
15319,765,19,0.573037619256,False,0.056426196753,True,-0.04873807814759999,-0.0768901034992,-0.0204639067462,True
15320,766,0,18.0068689575,False,0.142417914888,False,-0.0393848925209,-0.111452830134,0.030965084753900002,False
15321,766,1,41.3527527985,False,0.106550661096,False,-0.00930019936053,-0.061678101582199996,0.0448725595139,False
15322,766,2,43.3464792493,False,0.08724847122439999,False,-0.0134430962977,-0.058449228756400004,0.028799242468,False
15323,766,3,17.3695914108,False,0.0793593526903,True,-0.033087344000400004,-0.0715951027454,0.007764249944869999,False
15324,766,4,18.3773458178,False,0.07225614066239999,True,-0.029770426339999996,-0.0648986693029,0.0073574713595299995,False
15325,766,5,11.548439916400001,False,0.0703776993067,True,-0.0349445701381,-0.0674105203783,0.00296717892843,False
15326,766,6,2.5686094558400003,False,0.0653215022544,True,-0.0436938510824,-0.07686512660019999,-0.011543624345799999,True
15327,766,7,4.247974178580001,False,0.0634622197351,True,-0.041601655822400004,-0.0750101453727,-0.011547925637600001,True
15328,766,8,2.50194732031,False,0.0632893332886,True,-0.0435648660906,-0.0749785530572,-0.0116892197686,True
15329,766,9,8.01078466259,False,0.06463764470359999,True,-0.03556442245059999,-0.06851854193540001,-0.0038808972318,True
15330,766,10,2.0706884417299998,False,0.061680367626700004,True,-0.0439181018869,-0.0749780827046,-0.013297715077899999,True
15331,766,11,1.15958363858,False,0.0608539700605,True,-0.045396105146500006,-0.076130782747,-0.0152768126865,True
15332,766,12,1.2348414440100002,False,0.0610697056598,True,-0.0453458135953,-0.0761056543332,-0.0150359486734,True
15333,766,13,1.36365179872,False,0.0583611186996,True,-0.043230410352300006,-0.07329875933260001,-0.014937640633,True
15334,766,14,0.6827204193619999,False,0.0591809637512,True,-0.049651397453800004,-0.0791703002786,-0.019989336527400002,True
15335,766,15,0.21467072129200002,True,0.057283642783,True,-0.053724200678199996,-0.0823320377388,-0.0250483949558,True
15336,766,16,0.08961861411630001,True,0.057282085835300006,True,-0.058020192271099995,-0.0873105265996,-0.0300284407643,True
15337,766,17,0.031906333308599995,True,0.0606073720256,True,-0.062322130265600004,-0.09270114906610001,-0.032093777040499996,True
15338,766,18,3.16124487587e-05,True,0.055432440665499995,True,-0.06272196311929999,-0.08905712231389999,-0.033624681648400004,True
15339,766,19,0.009223534421030001,True,0.056426993350999995,True,-0.06495369000080001,-0.0921918388225,-0.0357648454715,True
15340,767,0,18.168212682,False,0.144262507468,False,-0.0406174531604,-0.112985760515,0.0312767469525,False
15341,767,1,40.6936137359,False,0.103371237817,False,-0.0119026888837,-0.05988922733199999,0.0434820104849,False
15342,767,2,47.126492776000006,False,0.0869444330143,False,-0.0119049525985,-0.0557705250983,0.031173907916000002,False
15343,767,3,46.438097151499996,False,0.07994758450469999,True,-0.0166316333145,-0.056409353457199995,0.023538231047400004,False
15344,767,4,23.9749901987,False,0.0748590663062,True,-0.026086404512999997,-0.06535062177209999,0.00950844453411,False
15345,767,5,20.721063614600002,False,0.06825532144140001,True,-0.0284076997078,-0.062409455666100004,0.00584586577533,False
15346,767,6,10.6857120326,False,0.06889814632749999,True,-0.0354262663765,-0.0690694987515,-0.00017135242401399999,True
15347,767,7,2.42413077582,False,0.06308099918139999,True,-0.0412094303435,-0.0724107832272,-0.00932978404581,True
15348,767,8,1.7789774017,False,0.06276357941819999,True,-0.0452832494976,-0.0764957501608,-0.0137321707427,True
15349,767,9,1.00073667301,False,0.0607653775483,True,-0.0496752150819,-0.0805732553797,-0.0198078778315,True
15350,767,10,0.69937799337,False,0.0593291827841,True,-0.0479863117234,-0.0767504107582,-0.0174212279741,True
15351,767,11,0.267915541545,True,0.05977907744390001,True,-0.0553375609856,-0.0850759178255,-0.0252968403816,True
15352,767,12,0.010045498985100001,True,0.05964694541519999,True,-0.0614440985914,-0.0915783468048,-0.031931401389599996,True
15353,767,13,1.47671791368e-07,True,0.0587731733685,True,-0.0701348632627,-0.0990671257035,-0.040293952335,True
15354,767,14,1.7765726298299998e-07,True,0.0610482853644,True,-0.0707584950812,-0.101020008949,-0.0399717235844,True
15355,767,15,1.0811556364200001e-10,True,0.0587297934418,True,-0.0730778054699,-0.102017039042,-0.043287245600199996,True
15356,767,16,6.2071749618900005e-12,True,0.058668555678300004,True,-0.07306937222610001,-0.10285823687699999,-0.0441896811983,True
15357,767,17,2.29037148425e-06,True,0.0561639853919,True,-0.0664393784311,-0.09450924543519999,-0.0383452600433,True
15358,767,18,6.56894629044e-11,True,0.057011099298900005,True,-0.070917855408,-0.09823727358860002,-0.0412261742897,True
15359,767,19,1.3169156417399999e-06,True,0.0551994156598,True,-0.0716340782915,-0.10126815361,-0.04606873794969999,True
15360,768,0,3.42273794766,False,0.137573278546,False,-0.0766717218815,-0.148583855061,-0.0110105765148,True
15361,768,1,1.20849808565,False,0.101847259958,False,-0.0716619917455,-0.12431815654799999,-0.0224708965901,True
15362,768,2,4.96099492525,False,0.0888369711465,False,-0.050661274917599995,-0.0954387899818,-0.00660181883537,True
15363,768,3,1.3499191339200003,False,0.08010421710580001,False,-0.05771974158630001,-0.09778297347249999,-0.0176787563667,True
15364,768,4,1.38967984825,False,0.07507937686300001,True,-0.05647146881469999,-0.0929839581219,-0.0179045812589,True
15365,768,5,4.3742697805,False,0.0692646635203,True,-0.042264738038900004,-0.0773783724659,-0.00811370894563,True
15366,768,6,8.77107532331,False,0.06742398904130001,True,-0.0365064278589,-0.0685047614444,-0.0010807724031199999,True
15367,768,7,8.209777890069999,False,0.0657144682479,True,-0.036732240165,-0.068976061098,-0.0032615928500700003,True
15368,768,8,16.88796225,False,0.0629960827956,True,-0.0289984016499,-0.06090086311480001,0.00209521968075,False
15369,768,9,18.870621953,False,0.0604593105782,True,-0.0277055945246,-0.0586714504572,0.00178786012097,False
15370,768,10,16.4204624427,False,0.061636645881400005,True,-0.027890098570500003,-0.0593712504617,0.0022653954197600005,False
15371,768,11,15.158884311,False,0.0567228645863,True,-0.0275053006243,-0.05590712869969999,0.000815735886607,False
15372,768,12,19.5126568815,False,0.0582457439575,True,-0.0260368138099,-0.056762411690800006,0.0014833322666300002,False
15373,768,13,37.003324765,False,0.0576562331374,True,-0.0193563368544,-0.0481748746888,0.00948135844858,False
15374,768,14,51.123784717700005,False,0.056324146407199994,True,-0.0147312432849,-0.0429524923322,0.013371654075,False
15375,768,15,42.6413855762,False,0.05604203422069999,True,-0.0186089632677,-0.0481877018882,0.0078543323325,False
15376,768,16,32.7458857547,False,0.0561364852195,True,-0.020419510268000002,-0.0494527944464,0.00668369077303,False
15377,768,17,26.3421705387,False,0.0568906660312,True,-0.023152023635299997,-0.0485648789514,0.008325787079800001,False
15378,768,18,21.6406218058,False,0.057007102896800006,True,-0.025873127887900003,-0.053104803022,0.00390229987471,False
15379,768,19,13.147953940199999,False,0.0572564603242,True,-0.0288461154792,-0.0564228309966,0.000833629327647,False
15380,769,0,12.7625926076,False,0.138584816976,False,0.0527959454481,-0.0126807776529,0.12590403932299998,False
15381,769,1,46.4916798078,False,0.10431494372000001,False,0.00249820534985,-0.0518593393748,0.0524556043456,False
15382,769,2,49.8315508301,False,0.0890407223642,False,-0.009973878605530001,-0.05457816622,0.0344625561442,False
15383,769,3,52.738019936499995,False,0.0793065125229,True,-0.011161073762600001,-0.05154268121,0.0277638313129,False
15384,769,4,58.05453225390001,False,0.0765026330625,True,-0.00824104037514,-0.0435572145908,0.0329454184717,False
15385,769,5,69.04121370600001,False,0.07099166703530001,True,-0.00254648896433,-0.0378968503866,0.0330948166487,False
15386,769,6,72.910212954,False,0.0676654856469,True,0.00236177052002,-0.031113201097499998,0.0365522845494,False
15387,769,7,64.90535626319999,False,0.0639683010584,True,-0.009068870293549998,-0.0420178288892,0.0219504721692,False
15388,769,8,51.854963633000004,False,0.06183881572219999,True,-0.014656222105100002,-0.0462091529297,0.0156296627925,False
15389,769,9,52.1883631049,False,0.0598554122103,True,-0.0147642805737,-0.0449664227621,0.014888989448200001,False
15390,769,10,52.822022176800004,False,0.0628166996826,True,-0.013942181028200001,-0.046918400344,0.0158982993386,False
15391,769,11,40.1946183509,False,0.060262117945600005,True,-0.0186787444077,-0.0478987579941,0.0123633599514,False
15392,769,12,24.4353394346,False,0.0573480675282,True,-0.023498892064799996,-0.05135844581730001,0.0059896217109,False
15393,769,13,41.8731745217,False,0.059059573715699996,True,-0.0175256986673,-0.047438825107399996,0.011620748608299999,False
15394,769,14,38.156679784,False,0.0589887517681,True,-0.0182804358495,-0.0479710172052,0.011017734562899999,False
15395,769,15,20.4392823222,False,0.0577944669659,True,-0.025333406288099998,-0.052564619998199995,0.00522984696769,False
15396,769,16,12.786583374000001,False,0.0559218236766,True,-0.0286040550158,-0.055319911816300006,0.000601911860339,False
15397,769,17,9.94664005394,False,0.0562009675126,True,-0.0304942480968,-0.0598655469754,-0.00366457946281,True
15398,769,18,5.79825946363,False,0.05718481257130001,True,-0.0337917970554,-0.0626809255291,-0.00549611295772,True
15399,769,19,9.345942880099999,False,0.0556268778737,True,-0.031658314260499996,-0.061400055994300005,-0.0057731781206200004,True
15400,770,0,30.735521179299997,False,0.14267204409,False,-0.019302363747,-0.0948434553215,0.0478285887688,False
15401,770,1,35.7591489613,False,0.09879644356930001,False,-0.0189920041218,-0.0648624083813,0.033934035188099995,False
15402,770,2,27.3634436526,False,0.0880298492558,False,-0.0260517504322,-0.06731776117,0.0207120880858,False
15403,770,3,21.996524699600002,False,0.07974236692710002,True,-0.0297551947104,-0.07060633640700001,0.00913603052003,False
15404,770,4,39.0468171025,False,0.0759302151247,True,-0.019095030054099998,-0.0554395071219,0.0204907080028,False
15405,770,5,54.021331860299995,False,0.07222412783639999,True,-0.0119407865209,-0.0485605465917,0.0236635812448,False
15406,770,6,58.1504817809,False,0.0670263661804,True,-0.0122368772118,-0.0468730789279,0.0201532872524,False
15407,770,7,36.1816632437,False,0.0655608323438,True,-0.019778884360499998,-0.0519914751452,0.0135693571986,False
15408,770,8,30.0121880345,False,0.0623924219477,True,-0.0228972329438,-0.0556027064778,0.00678971546989,False
15409,770,9,46.391598483900005,False,0.0608652590031,True,-0.0151014150498,-0.0450817275477,0.0157835314554,False
15410,770,10,74.7570757327,False,0.0612703905691,True,-0.0070587190286099995,-0.0402256636974,0.021044726871700004,False
15411,770,11,78.8390870665,False,0.0593031122179,True,-0.0011001246895499998,-0.0318447970679,0.0274583151501,False
15412,770,12,65.49777542529999,False,0.059141484263699994,True,-0.00899387196159,-0.0373052694143,0.021836214849400005,False
15413,770,13,72.9620474237,False,0.059041460146699996,True,-0.0064180771137399995,-0.037243453302400004,0.0217980068443,False
15414,770,14,80.3154626469,False,0.056124562988599996,True,-0.00498734925209,-0.032786830803900005,0.023337732184599995,False
15415,770,15,74.824366741,False,0.0567070946564,True,-0.00760056237526,-0.0349061805376,0.0218009141188,False
15416,770,16,73.661283613,False,0.055354119850900003,True,-0.007762873297829999,-0.0364527426924,0.018901377158500002,False
15417,770,17,65.97683633930001,False,0.0563537487711,True,-0.0102500814758,-0.0381158923641,0.018237856407,False
15418,770,18,55.2796632572,False,0.0562091933555,True,-0.0134092712675,-0.0425420379961,0.013667155359399998,False
15419,770,19,16.0901472494,False,0.0571516006365,True,-0.025908370580500002,-0.0539850509981,0.00316654963841,False
15420,771,0,28.495712565799998,False,0.13856440169700002,False,-0.0232191297794,-0.0953457928716,0.0432186088251,False
15421,771,1,15.71116053,False,0.10203749182,False,-0.0399155514929,-0.0897787804976,0.0122587113221,False
15422,771,2,9.27971070058,False,0.0909087175452,False,-0.043567557830800005,-0.0886964887158,0.00221222882946,False
15423,771,3,8.27480450038,False,0.07757201215699999,True,-0.039772256213000005,-0.0772329620443,0.00033905011277799997,False
15424,771,4,6.9144054908,False,0.0738975105744,True,-0.0405073160341,-0.07825097284350001,-0.00435346226915,True
15425,771,5,11.9191618234,False,0.0695391800838,True,-0.03384366909,-0.0698084611945,-0.00026928111073199997,True
15426,771,6,20.4644730344,False,0.0668504866742,True,-0.0278908407732,-0.06043309215940001,0.0064173945148,False
15427,771,7,9.92995845608,False,0.0641889960745,True,-0.033761542762,-0.06724493381030001,-0.00305593773576,True
15428,771,8,3.4662711950699996,False,0.0633002134932,True,-0.042320832439099995,-0.0752159491657,-0.0119157356725,True
15429,771,9,1.4162276622999999,False,0.061336562148099995,True,-0.045986079444199995,-0.0775702998477,-0.0162337376995,True
15430,771,10,1.46142025494,False,0.0585922774469,True,-0.043616051423699995,-0.07226416365560001,-0.0136718862087,True
15431,771,11,5.7231342685,False,0.0615648940532,True,-0.0372047698515,-0.0692157631952,-0.00765086914201,True
15432,771,12,2.32618429451,False,0.0597852901977,True,-0.0429828334217,-0.0716521405806,-0.0118668503829,True
15433,771,13,0.749150130259,False,0.058472433744,True,-0.0464795150201,-0.0766351661742,-0.0181627324302,True
15434,771,14,0.144304174375,True,0.05890487494109999,True,-0.048869527080199995,-0.0770195918447,-0.0181147169036,True
15435,771,15,0.0017339890473900001,True,0.05472113667259999,True,-0.05306350421540001,-0.08090624559500001,-0.0261851089224,True
15436,771,16,0.11348135414300001,True,0.057740495438800006,True,-0.0529240865398,-0.0802332284154,-0.022492732976599997,True
15437,771,17,0.015590835369400001,True,0.055906891048600006,True,-0.0584209554696,-0.08585503823030001,-0.029948147181700004,True
15438,771,18,0.417932449374,False,0.0562039360723,True,-0.050156220726800003,-0.0782803936513,-0.022076457579,True
15439,771,19,1.1798443967899999,False,0.05607318130919999,True,-0.045168039152199996,-0.073191904639,-0.0171187233298,True
15440,772,0,32.9559674,False,0.146184463262,False,0.0033244575844399997,-0.071563290894,0.074621172368,False
15441,772,1,33.9941817872,False,0.10333012973200001,False,-0.0213061116689,-0.0721040105947,0.0312261191372,False
15442,772,2,31.653150872199998,False,0.0869569116183,False,-0.024040816817400005,-0.0678980096059,0.0190589020124,False
15443,772,3,23.8627865407,False,0.0819946252728,False,-0.0285230597994,-0.0678882674641,0.014106357808700001,False
15444,772,4,20.5369995695,False,0.07329964828,True,-0.029665629236,-0.0675268174132,0.00577283086684,False
15445,772,5,26.7873342715,False,0.0707530205205,True,-0.0257493290223,-0.0618468181293,0.00890620239126,False
15446,772,6,51.3902868757,False,0.0662447469832,True,-0.0138208909134,-0.0463765874431,0.0198681595401,False
15447,772,7,64.10451336050001,False,0.0633793488138,True,-0.00813823681514,-0.0396736971764,0.023705651637400002,False
15448,772,8,56.5565102495,False,0.0644199732877,True,-0.0128705149232,-0.0456637334842,0.0187562398036,False
15449,772,9,59.1686447787,False,0.0615973900283,True,-0.0113568224996,-0.04159700368330001,0.0200003863449,False
15450,772,10,35.9878811339,False,0.061758126298599995,True,-0.0196648482651,-0.0491890934066,0.012569032892,False
15451,772,11,13.419953149100001,False,0.0585557520249,True,-0.028755494500700002,-0.057785763601199996,0.000769988423763,False
15452,772,12,30.1541975121,False,0.0586272541129,True,-0.0214609144459,-0.050222554137000004,0.00840469997593,False
15453,772,13,33.189010987399996,False,0.0564100176224,True,-0.020736232709599997,-0.0475531777988,0.0088568398236,False
15454,772,14,30.6143741458,False,0.0576343128529,True,-0.0218219889876,-0.0503414880851,0.00729282476777,False
15455,772,15,19.6466934372,False,0.0580138492803,True,-0.0247830791404,-0.0552495131133,0.00276433616697,False
15456,772,16,25.8114398276,False,0.0567949052671,True,-0.0226493140281,-0.0499439628272,0.00685094243996,False
15457,772,17,13.2831552051,False,0.0550538864449,True,-0.0275065504607,-0.055946452176,-0.000892565731118,True
15458,772,18,10.8277998528,False,0.0584615832276,True,-0.0305902675778,-0.058827756017899996,-0.000366172790369,True
15459,772,19,4.07366503563,False,0.055711137444799996,True,-0.0355483176051,-0.0634079455245,-0.0076968080796999995,True
15460,773,0,22.681928984699997,False,0.147024756157,False,-0.0314813055174,-0.10570595001599999,0.0413188061411,False
15461,773,1,10.0399105747,False,0.102139893609,False,-0.046669088428100004,-0.09551802989800001,0.0066218637105900004,False
15462,773,2,27.4822133335,False,0.0916600689515,False,-0.027407219279099997,-0.07404135281669999,0.017618716134799997,False
15463,773,3,45.60342376569999,False,0.077917582879,True,-0.013717521354000001,-0.051380827650199995,0.026536755228800002,False
15464,773,4,38.054617435,False,0.0704725353663,True,-0.0215272262903,-0.058710817642800006,0.0117617177234,False
15465,773,5,25.1173551747,False,0.0704812181981,True,-0.026713052396400004,-0.062160681187,0.00832053701109,False
15466,773,6,30.7504937098,False,0.0657352699521,True,-0.0229473875776,-0.053939046693199995,0.0117962232589,False
15467,773,7,44.20579802020001,False,0.06336333465789999,True,-0.0173245381551,-0.0489003875274,0.014462947130499998,False
15468,773,8,36.9082811676,False,0.0656365751172,True,-0.019779219806900002,-0.051960384523900005,0.013676190593399999,False
15469,773,9,20.9747532607,False,0.061626670342699995,True,-0.0256044750553,-0.0543340760772,0.00729259426555,False
15470,773,10,43.1497889767,False,0.061069703248699994,True,-0.0174645868752,-0.047735338661400006,0.013334364587299998,False
15471,773,11,18.9245819179,False,0.0588680517561,True,-0.025734125232500002,-0.0542118729595,0.0046561787965299995,False
15472,773,12,13.607836646600001,False,0.058795154937199993,True,-0.0287063478639,-0.058385079454399996,0.00041007548283599995,False
15473,773,13,8.523316408460001,False,0.0569824034109,True,-0.0323710704047,-0.06058169808680001,-0.0035992946759099997,True
15474,773,14,1.4701423113799998,False,0.0576345095318,True,-0.0444668824017,-0.07159750918880001,-0.013962999657,True
15475,773,15,1.57987047853,False,0.055736126838699995,True,-0.04303488504430001,-0.071468435241,-0.0157323084023,True
15476,773,16,0.320434330064,True,0.05727240850319999,True,-0.047556200665699995,-0.0769400096868,-0.019667601183599996,True
15477,773,17,0.373813973551,False,0.0549952861731,True,-0.048546211915,-0.07607018578710001,-0.021074899613999998,True
15478,773,18,0.106783916403,True,0.0577018001628,True,-0.0529589335432,-0.08037282622,-0.0226710260572,True
15479,773,19,0.246601760748,True,0.05588034194469999,True,-0.05118995197980001,-0.0796430492175,-0.0237627072728,True
15480,774,0,13.2753287613,False,0.13859878632099998,False,-0.0474916808347,-0.117412772925,0.021186013396,False
15481,774,1,5.38282146559,False,0.10769901650699999,False,-0.0571692706332,-0.11251744646600001,-0.004818429959470001,True
15482,774,2,2.33278216842,False,0.09093305511219998,False,-0.0590209504576,-0.105568540954,-0.0146354858414,True
15483,774,3,0.0160024088439,True,0.0807732071876,False,-0.07153519628930001,-0.11319836064099999,-0.0324251534529,True
15484,774,4,0.0013987294163499999,True,0.0749895607465,True,-0.0694345101992,-0.107506509035,-0.0325169482881,True
15485,774,5,0.0481409261085,True,0.0708234057582,True,-0.06851333202330001,-0.10339394045099999,-0.032570534693,True
15486,774,6,4.1199700928699995e-08,True,0.0676329556547,True,-0.0706139146706,-0.1032641679,-0.035631212245300005,True
15487,774,7,0.015265998171000002,True,0.06695127509769999,True,-0.0707668217796,-0.103027546943,-0.036076271844900004,True
15488,774,8,3.17187719233e-09,True,0.0631912521915,True,-0.07574823999310001,-0.107636761099,-0.04444550890769999,True
15489,774,9,4.796096271109999e-11,True,0.062467895588800004,True,-0.072620483612,-0.10167252402,-0.0392046284311,True
15490,774,10,1.99956800987e-13,True,0.0613907141376,True,-0.0743656888688,-0.105438677973,-0.044047963835500005,True
15491,774,11,1.24362369809e-06,True,0.0567863093932,True,-0.06625713158060001,-0.0940115699448,-0.0372252605516,True
15492,774,12,1.69502684773e-13,True,0.0589328477477,True,-0.0783972906988,-0.10704229224600001,-0.048109444498,True
15493,774,13,2.3420410300299998e-17,True,0.0596912669979,True,-0.0763638182214,-0.104698651339,-0.04500738434090001,True
15494,774,14,0.0423080764,True,0.05677943356819999,True,-0.0651900109845,-0.09271963255889999,-0.0359401989907,True
15495,774,15,6.1334000988199996e-15,True,0.056888617306699994,True,-0.0728548072093,-0.100763216807,-0.043874599500099996,True
15496,774,16,1.37100720577e-13,True,0.0565453758366,True,-0.0739631035707,-0.101199392643,-0.0446540168064,True
15497,774,17,4.754768681030001e-16,True,0.05714717067030001,True,-0.0803954684617,-0.108336953937,-0.051189783266599995,True
15498,774,18,4.0331228015400004e-10,True,0.056677031510399996,True,-0.0768160926869,-0.1059333521,-0.0492563205894,True
15499,774,19,5.2648381688e-37,True,0.0557736485361,True,-0.08311027908480001,-0.10993082910700001,-0.0541571805705,True
15500,775,0,9.74717168347,False,0.144547494833,False,-0.0582311597995,-0.129622687844,0.0149248069893,False
15501,775,1,7.56724341045,False,0.10638893773199999,False,-0.0537032136424,-0.105155865493,0.00123307223929,False
15502,775,2,1.56294928553,False,0.08803624142909999,False,-0.0581730431695,-0.10158917857000001,-0.0135529371412,True
15503,775,3,1.5886739271099999,False,0.0796967685689,True,-0.05868519200680001,-0.10009439602,-0.020397627451400002,True
15504,775,4,0.133071797349,True,0.0731774802477,True,-0.06633125074,-0.104123847644,-0.0309463673961,True
15505,775,5,0.34286054544699995,False,0.0688432881305,True,-0.0626933132031,-0.0993544159282,-0.0305111277977,True
15506,775,6,0.7597841869230001,False,0.0662180725199,True,-0.05120940458380001,-0.08509044562930002,-0.0188723731095,True
15507,775,7,2.1721239498400005,False,0.06609588061800001,True,-0.046152820626800005,-0.0780497666528,-0.011953886034799998,True
15508,775,8,3.5785571252199997,False,0.0627156790665,True,-0.0416512476277,-0.0740692417208,-0.011353562654299999,True
15509,775,9,5.86015362199,False,0.061837158676199995,True,-0.0370304102378,-0.06602155570330001,-0.00418439702712,True
15510,775,10,1.72914001458,False,0.0606894206939,True,-0.0426617144496,-0.072171656222,-0.0114822355281,True
15511,775,11,9.201238532160001,False,0.060156840661899996,True,-0.0317797033775,-0.0600818917179,7.49489439492e-05,False
15512,775,12,10.0624877609,False,0.0592313695425,True,-0.032070028781300004,-0.0622385489332,-0.00300717939077,True
15513,775,13,5.398008418380001,False,0.0584307549764,True,-0.0352704321646,-0.0629832120609,-0.00455245708453,True
15514,775,14,2.5161223094,False,0.0581293790895,True,-0.0400356644864,-0.0709851893489,-0.012855810259399999,True
15515,775,15,5.6794358677100005,False,0.057277326823699994,True,-0.0355253598334,-0.064331373265,-0.0070540464413000005,True
15516,775,16,2.3468401160599996,False,0.059457935609499996,True,-0.0404701736565,-0.0713047242767,-0.011846788667299999,True
15517,775,17,0.261883590994,True,0.0555103747814,True,-0.0465589816374,-0.0737330722314,-0.018222697450000002,True
15518,775,18,2.0600749827700002,False,0.0577319404469,True,-0.0411654325024,-0.06938494717939998,-0.0116530067325,True
15519,775,19,0.6916385674709999,False,0.0567200056085,True,-0.044789577556699996,-0.07432864847460001,-0.0176086428662,True
15520,776,0,21.670831369000002,False,0.13564329090399999,False,-0.0357147091152,-0.102929151035,0.0327141398681,False
15521,776,1,13.7334817953,False,0.10360402666099999,False,-0.041769120019,-0.09308715089950001,0.010516875761599999,False
15522,776,2,5.547741994069999,False,0.08773423025709999,False,-0.0479345027351,-0.0940889595608,-0.00635472930371,True
15523,776,3,15.1825624024,False,0.0823004098759,False,-0.034639491231800004,-0.075679646869,0.00662076300682,False
15524,776,4,21.607386488600003,False,0.07418945351689998,True,-0.029688661074900004,-0.06666073853280001,0.00752871498418,False
15525,776,5,4.45527447138,False,0.0692826097852,True,-0.0411698440497,-0.07423548339069999,-0.00495287360554,True
15526,776,6,8.38929133825,False,0.0688744561532,True,-0.0365812960595,-0.07039756051,-0.0015231043568199997,True
15527,776,7,13.264979517,False,0.0651513390914,True,-0.0307601987549,-0.0641166208261,0.0010347182653099999,False
15528,776,8,2.0542726521200003,False,0.062203226584300005,True,-0.0459187169927,-0.07758865366989999,-0.0153854270856,True
15529,776,9,0.0588264693428,True,0.06263194136990001,True,-0.059929198387400004,-0.09275544743889999,-0.030123506069,True
15530,776,10,0.00190776933433,True,0.0615813277549,True,-0.060874770770199996,-0.0916204945156,-0.030039166760700002,True
15531,776,11,0.0005596907112540001,True,0.05981063991280001,True,-0.0642782641038,-0.0931523838311,-0.0333417439183,True
15532,776,12,0.108561976431,True,0.05982059229230001,True,-0.0630315867589,-0.0930592839862,-0.0332386916938,True
15533,776,13,2.2887270371599999e-10,True,0.05800500296180001,True,-0.06726785201550001,-0.0953092431482,-0.0373042401864,True
15534,776,14,2.7559505606899997e-11,True,0.05741554146240001,True,-0.0686880251906,-0.0951282834934,-0.037712742031,True
15535,776,15,0.00032693885464399997,True,0.0578584624024,True,-0.0675757387037,-0.097545323441,-0.0396868610387,True
15536,776,16,4.01902211784e-13,True,0.059226072324,True,-0.0697902813977,-0.09974351738639999,-0.040517445062300005,True
15537,776,17,8.119471100060001e-08,True,0.05558615563350001,True,-0.0669715090456,-0.0982633833585,-0.042677227725,True
15538,776,18,1.82969427371e-05,True,0.0580231672039,True,-0.0691740103626,-0.09881103914460002,-0.0407878719407,True
15539,776,19,1.9232832626600002e-07,True,0.05767699168240001,True,-0.0641125848006,-0.0933199329617,-0.0356429412794,True
15540,777,0,10.1323651975,False,0.14004205627,False,-0.05666598196809999,-0.125252102564,0.014789953706200001,False
15541,777,1,5.50858928334,False,0.102844982709,False,-0.0551798442201,-0.10808088619799999,-0.0052359034885299995,True
15542,777,2,0.0334745345991,True,0.08866636625669999,False,-0.0796266053017,-0.122843633786,-0.0341772675292,True
15543,777,3,0.0637157190122,True,0.076746473737,True,-0.07037361506360001,-0.107333396,-0.030586922263000003,True
15544,777,4,1.00966007231,False,0.0706140470874,True,-0.0534855726515,-0.0883504430288,-0.0177363959414,True
15545,777,5,1.4686338799399998,False,0.0702668530458,True,-0.04982804382540001,-0.0830890318685,-0.012822178822700002,True
15546,777,6,1.69077516534,False,0.06816405838600001,True,-0.0472419166204,-0.07926567638010001,-0.011101617994200001,True
15547,777,7,0.909883088852,False,0.066497274385,True,-0.053687339683,-0.08520437345739999,-0.0187070990725,True
15548,777,8,0.17348961447,True,0.0629624931966,True,-0.0549621737048,-0.08674383634260001,-0.023781343146,True
15549,777,9,0.09257944872710001,True,0.0626777418432,True,-0.0606395109585,-0.09040535640399999,-0.027727614560799998,True
15550,777,10,0.200683991162,True,0.061517187910099996,True,-0.0639276991088,-0.094199816808,-0.0326826288979,True
15551,777,11,1.03963378214e-05,True,0.0583615222867,True,-0.0624357235608,-0.09111060194210001,-0.032749079655400005,True
15552,777,12,1.93194753112e-05,True,0.0598323778338,True,-0.0652802500224,-0.09514322849479999,-0.035310850661,True
15553,777,13,0.00433801303854,True,0.0576834924922,True,-0.0644809566412,-0.09358717479800001,-0.0359036823058,True
15554,777,14,0.10974309897,True,0.057859348367099994,True,-0.0651209397056,-0.0943481572941,-0.036488808927,True
15555,777,15,6.767355336549999e-08,True,0.0591396330525,True,-0.0714371291956,-0.0994564945656,-0.040316861513099995,True
15556,777,16,3.45011364761e-10,True,0.056734792606800005,True,-0.0701898803847,-0.09885562420989999,-0.042120831603100005,True
15557,777,17,8.12723024898e-13,True,0.056321567004800004,True,-0.07302315545969999,-0.101675233236,-0.0453536662314,True
15558,777,18,2.5499246017e-17,True,0.0575981084223,True,-0.0779862042127,-0.108238032814,-0.0506399243917,True
15559,777,19,8.73080428824e-29,True,0.0573524028082,True,-0.07915757535569999,-0.10800097304600001,-0.0506485702379,True
15560,778,0,29.246656551300003,False,0.145662104354,False,-0.017316359728700003,-0.0887921016767,0.056870002677699996,False
15561,778,1,43.100615216499996,False,0.10248444215,False,0.005044320761970001,-0.046154371157999995,0.0563300709915,False
15562,778,2,51.3813520271,False,0.08757721850960001,False,-0.00269598833199,-0.046881958939999996,0.0406952595696,False
15563,778,3,23.723061713699998,False,0.0796881324609,True,-0.027780752881900003,-0.06669568276240001,0.0129924496985,False
15564,778,4,24.997837131,False,0.07315084878980001,True,-0.025601300625400003,-0.0626376552988,0.0105131934909,False
15565,778,5,8.81580580379,False,0.0682925157423,True,-0.03552390940069999,-0.06969651656169999,-0.00140400081936,True
15566,778,6,1.7160511147600002,False,0.067350219692,True,-0.047030756880900006,-0.0795917081636,-0.0122414884716,True
15567,778,7,6.360275657380001,False,0.0640884064196,True,-0.0371324889918,-0.06859741849930001,-0.0045090120797,True
15568,778,8,1.43780536326,False,0.0630220599566,True,-0.04847255779080001,-0.080947453928,-0.017925393971400003,True
15569,778,9,0.102447161326,True,0.0610901511034,True,-0.052253899243700004,-0.0844055247893,-0.023315373686,True
15570,778,10,0.745350896382,False,0.060157614821300005,True,-0.0522060566933,-0.08141032180669999,-0.0212527069854,True
15571,778,11,8.08846730083e-07,True,0.059313460683199995,True,-0.0634943582575,-0.09286635779710001,-0.033552897113900006,True
15572,778,12,0.00272816346967,True,0.05909157464150001,True,-0.067822766103,-0.0975610475461,-0.0384694729046,True
15573,778,13,2.1413167777e-13,True,0.060736620127099995,True,-0.0726950090605,-0.104111906309,-0.0433752861823,True
15574,778,14,1.3982911120999997e-23,True,0.0574266471288,True,-0.0781062926287,-0.106912073621,-0.0494854264927,True
15575,778,15,1.92824252378e-18,True,0.0562080619722,True,-0.0802993372299,-0.11000641994799999,-0.053798357975500005,True
15576,778,16,3.7021521161699996e-23,True,0.058137595752999996,True,-0.0802263235178,-0.10837390284600001,-0.050236307093000004,True
15577,778,17,3.69815711358e-23,True,0.0584603971931,True,-0.08003476258589999,-0.110601214037,-0.052140816844100005,True
15578,778,18,6.315389549399999e-23,True,0.0571079109855,True,-0.073292381458,-0.102567385695,-0.0454594747097,True
15579,778,19,2.8797166386599994e-27,True,0.0557102926544,True,-0.0732903309721,-0.10099033281099999,-0.0452800401566,True
15580,779,0,13.8429960522,False,0.13670874182700002,False,-0.0501956482839,-0.11889807228299999,0.017810669544400002,False
15581,779,1,30.7450209266,False,0.100220278851,False,-0.0244278300654,-0.0755244294223,0.0246958494282,False
15582,779,2,3.24007337081,False,0.0892226317539,False,-0.0581756111717,-0.10464724252,-0.015424610766499999,True
15583,779,3,0.268275867887,True,0.0779287209645,True,-0.0663354723442,-0.103511468185,-0.0255827472205,True
15584,779,4,0.8629459210200001,False,0.074221959651,True,-0.060236840221199996,-0.0991709614006,-0.0249490017496,True
15585,779,5,0.741543730981,False,0.0705611879296,True,-0.0572973754816,-0.09144780259549999,-0.0208866146658,True
15586,779,6,2.8133507359,False,0.0686879653903,True,-0.0483308646332,-0.0824153501867,-0.0137273847964,True
15587,779,7,4.26493256758,False,0.06568663908490001,True,-0.0405694519437,-0.0752885947487,-0.009601955663879998,True
15588,779,8,3.5374289111699997,False,0.0636608662695,True,-0.0400758467803,-0.0737231084993,-0.0100622422298,True
15589,779,9,4.1462040101,False,0.0605888443897,True,-0.0387323755643,-0.0686578853209,-0.00806904093116,True
15590,779,10,3.2491205140900004,False,0.0601975903474,True,-0.038733922637099995,-0.06813126270330001,-0.007933672355909999,True
15591,779,11,4.3451706119999995,False,0.0596887290932,True,-0.0374095727818,-0.066071220066,-0.00638249097281,True
15592,779,12,7.99409390634,False,0.059141295652800005,True,-0.0330157499273,-0.062169498090900006,-0.00302820243815,True
15593,779,13,10.3647996455,False,0.0584285180409,True,-0.030575925285900002,-0.058101107533099994,0.00032741050775200004,False
15594,779,14,2.8215567329000004,False,0.0592233692895,True,-0.0415604401835,-0.0725696028721,-0.013346233582600002,True
15595,779,15,4.57348853453,False,0.0557153849754,True,-0.0360294323685,-0.0651472737174,-0.00943188874206,True
15596,779,16,2.7672224438099997,False,0.056894729019300004,True,-0.0376201305595,-0.064333101432,-0.0074383724126999996,True
15597,779,17,3.5713551705300004,False,0.05551185561000001,True,-0.037457298745699995,-0.0652206048319,-0.009708749221950001,True
15598,779,18,4.92647002269,False,0.0571067356575,True,-0.0354697384919,-0.0637955099497,-0.0066887742922200006,True
15599,779,19,2.66678824538,False,0.054493778125900005,True,-0.0392093993464,-0.0674625524644,-0.012968774338400001,True
15600,780,0,5.63864475332,False,0.145312731312,False,-0.07065877479989999,-0.146319096726,-0.00100636541312,True
15601,780,1,13.6627226221,False,0.105471921772,False,-0.0416393054671,-0.093915490951,0.0115564308213,False
15602,780,2,4.94482298751,False,0.0914037685688,False,-0.0510079010361,-0.09676501830389998,-0.00536124973517,True
15603,780,3,2.88703678461,False,0.0793795972776,True,-0.0527672421317,-0.0912234592389,-0.0118438619612,True
15604,780,4,0.197972291338,True,0.0744311071033,True,-0.0676288207318,-0.104508419112,-0.030077312009,True
15605,780,5,0.32503320405499997,True,0.0715248310832,True,-0.0629613056054,-0.100056043555,-0.0285312124718,True
15606,780,6,0.19469005416299998,True,0.0661338866086,True,-0.0645729314859,-0.0991226321628,-0.0329887455542,True
15607,780,7,0.910786109155,False,0.0658835833122,True,-0.0527089248443,-0.0853968316502,-0.019513248338099996,True
15608,780,8,0.13291661225600002,True,0.0648844390501,True,-0.0554160618838,-0.0872497390388,-0.022365299988700002,True
15609,780,9,0.0826485442417,True,0.0607185619874,True,-0.057074899737,-0.08701955495960001,-0.0263009929721,True
15610,780,10,0.00802391525776,True,0.0597125064822,True,-0.06211714138280001,-0.09309647787769999,-0.0333839713955,True
15611,780,11,0.0135753721604,True,0.0581349692471,True,-0.06181697480330001,-0.089309749891,-0.0311747806439,True
15612,780,12,0.0198606397549,True,0.058771967975000006,True,-0.0621964890606,-0.0921286194654,-0.0333566514903,True
15613,780,13,0.00141284905381,True,0.058276727235400005,True,-0.0618273914173,-0.0899081175067,-0.0316313902713,True
15614,780,14,0.0726616630051,True,0.0565901502565,True,-0.058287491023199994,-0.0883816609352,-0.0317915106787,True
15615,780,15,0.0175238559067,True,0.05823338027509999,True,-0.0572619609049,-0.0847400292773,-0.0265066490022,True
15616,780,16,0.146248621125,True,0.057333947996899996,True,-0.053196014704,-0.08212698452600001,-0.024793036529099997,True
15617,780,17,1.00605520394e-05,True,0.05720438572980001,True,-0.057121435637600006,-0.08849437469310001,-0.0312899889633,True
15618,780,18,0.0246292865762,True,0.05570240195309999,True,-0.0553694965857,-0.0836413197712,-0.027938917818,True
15619,780,19,0.00335679472944,True,0.056292417454500004,True,-0.056167786740300006,-0.08517325542649999,-0.0288808379721,True
15620,781,0,6.28383740723,False,0.140868489526,False,-0.06925963906169999,-0.141485907208,-0.000617417682094,True
15621,781,1,0.349341424939,False,0.09990242038069999,False,-0.0783801558705,-0.12730010065400002,-0.0273976802734,True
15622,781,2,1.16480513734,False,0.08909567874780001,False,-0.0664431357825,-0.110178643316,-0.021082964568500003,True
15623,781,3,0.220860653249,True,0.0806228921718,False,-0.0692519016825,-0.110628396164,-0.030005503991900002,True
15624,781,4,0.449082902648,False,0.07639282731760001,True,-0.0620748472878,-0.0988266336104,-0.0224338062927,True
15625,781,5,0.0460946046702,True,0.07053406423010002,True,-0.06381070176369999,-0.09966531021019999,-0.029131245980099998,True
15626,781,6,0.807665817356,False,0.06995787498719999,True,-0.053663053261,-0.089353551878,-0.0193956768907,True
15627,781,7,0.705304565396,False,0.0647631642881,True,-0.0524256733803,-0.0838855883109,-0.0191224240229,True
15628,781,8,0.270102432993,True,0.0648448874618,True,-0.0532774200705,-0.0847162727894,-0.019871385327599998,True
15629,781,9,0.867704645255,False,0.061141691898800005,True,-0.051271910553599996,-0.082375767982,-0.0212340760832,True
15630,781,10,0.019735659671,True,0.06021110925440001,True,-0.0598451555903,-0.08929784103389998,-0.0290867317795,True
15631,781,11,0.67624921992,False,0.0610984558468,True,-0.054714458551900005,-0.08495927942189999,-0.023860823575200002,True
15632,781,12,0.0157003699976,True,0.0595749140914,True,-0.0567840600194,-0.08763598587999999,-0.028061071788499998,True
15633,781,13,0.801164227526,False,0.0578821767837,True,-0.048355498677900004,-0.0784389116732,-0.020556734889499998,True
15634,781,14,0.308034083235,True,0.0575885536608,True,-0.0517930496967,-0.08020915761210001,-0.0226206039513,True
15635,781,15,0.433011782957,False,0.0571941199166,True,-0.0488635230315,-0.0767468896436,-0.019552769727,True
15636,781,16,0.135545435533,True,0.056592090871800005,True,-0.052034321224800006,-0.0814626703905,-0.0248705795186,True
15637,781,17,0.00030555766625399997,True,0.0569561349985,True,-0.056420518058599996,-0.0841189340381,-0.027162799039699998,True
15638,781,18,0.120700845828,True,0.0585802803859,True,-0.0587702967309,-0.08777708195089999,-0.029196801565,True
15639,781,19,0.0101930841405,True,0.0549967520105,True,-0.05191379044700001,-0.0786183182323,-0.0236215662218,True
15640,782,0,33.1392911227,False,0.141362707194,False,-0.000133249991345,-0.0699454616263,0.07141724556750001,False
15641,782,1,36.9049120077,False,0.10540752839800001,False,-0.0182966822386,-0.07366639070480001,0.0317411376932,False
15642,782,2,46.8531442991,False,0.0898062218263,False,-0.0111846861026,-0.0557294189261,0.0340768029003,False
15643,782,3,37.0068364425,False,0.0792225566378,True,-0.019834709559299998,-0.061154751025900005,0.0180678056119,False
15644,782,4,40.4022231917,False,0.07123774895860001,True,-0.0181448027103,-0.054428830558699993,0.0168089184,False
15645,782,5,60.668173465100004,False,0.0736283545481,True,-0.007040389649510001,-0.0450716942126,0.028556660335499997,False
15646,782,6,67.278308397,False,0.0694884153348,True,0.00446326929966,-0.032924473339999996,0.0365639419948,False
15647,782,7,72.4514116488,False,0.0638793541337,True,0.00466785233677,-0.028208871274,0.035670482859699995,False
15648,782,8,69.84702359810001,False,0.0644792833815,True,-0.0025286908667399998,-0.0355516925184,0.028927590863099997,False
15649,782,9,53.6184817283,False,0.06439437090559999,True,-0.0147828950831,-0.046563339132,0.017831031773599997,False
15650,782,10,16.6857529942,False,0.059801535346300005,True,-0.027756344887200003,-0.057167010367599996,0.0026345249787199996,False
15651,782,11,24.8337656948,False,0.0609596829238,True,-0.0240314044242,-0.055528866126699994,0.0054308167971,False
15652,782,12,20.994265693800003,False,0.0600835962761,True,-0.0249315490995,-0.0557924201794,0.00429117609675,False
15653,782,13,18.495719835,False,0.0587356067357,True,-0.0259715798688,-0.05683552105740001,0.0019000856783299997,False
15654,782,14,14.4659226931,False,0.056554384072599995,True,-0.028439000770900003,-0.0556356985076,0.0009186855650060001,False
15655,782,15,5.05757955723,False,0.0571559001956,True,-0.0351359504394,-0.06295993231840001,-0.0058040321227700005,True
15656,782,16,3.4417443627399997,False,0.056630218630099996,True,-0.038167265028,-0.06570613786519999,-0.00907591923505,True
15657,782,17,2.42436184718,False,0.0572446656167,True,-0.0394245274023,-0.0671978096539,-0.00995314403722,True
15658,782,18,5.77681998995,False,0.0559423405788,True,-0.0338144783542,-0.0611389375751,-0.005196596996229999,True
15659,782,19,8.51882667571,False,0.0588007526396,True,-0.031904401535700004,-0.0606848273801,-0.00188407474052,True
15660,783,0,7.293932906,False,0.14026074243,False,-0.06451449513719999,-0.135712229242,0.00454851318763,False
15661,783,1,0.825880215819,False,0.104367233371,False,-0.07809912859160001,-0.131105085876,-0.026737852505200003,True
15662,783,2,2.7740195796499996,False,0.0884327801073,False,-0.0554240629686,-0.10199109748,-0.013558317372900001,True
15663,783,3,12.4869982599,False,0.0817915089124,False,-0.037478836215400005,-0.07788545863539999,0.00390605027698,False
15664,783,4,0.918758453176,False,0.0730257078662,True,-0.05712553976319999,-0.09429154482460002,-0.0212658369584,True
15665,783,5,2.1284854720700004,False,0.0682960294453,True,-0.047365761747900005,-0.0818050404397,-0.0135090109944,True
15666,783,6,3.71998876454,False,0.0662768853615,True,-0.043759251512000004,-0.0767794480577,-0.010502562696200002,True
15667,783,7,6.45883017824,False,0.0641982841822,True,-0.0375916592473,-0.0707550049598,-0.006556720777630001,True
15668,783,8,2.29680952659,False,0.0629187125458,True,-0.0414596449704,-0.0708535783115,-0.007934865765700001,True
15669,783,9,2.5571399700099997,False,0.06439382616719999,True,-0.043918783285099995,-0.0749030911041,-0.0105092649369,True
15670,783,10,0.1585687106,True,0.0597081640923,True,-0.0600426842497,-0.0900469117472,-0.0303387476549,True
15671,783,11,0.234810325281,True,0.058891007745900004,True,-0.0545569573585,-0.08411400245989999,-0.0252229947139,True
15672,783,12,2.69558806965e-05,True,0.056865421422,True,-0.062100635123899996,-0.08945892828230001,-0.032593506860199996,True
15673,783,13,2.48638179242e-05,True,0.0573857735215,True,-0.0584331623962,-0.08699072612810001,-0.029604952606599996,True
15674,783,14,0.0018702613638499998,True,0.059022340703600004,True,-0.0579790373886,-0.0860699531848,-0.0270476124813,True
15675,783,15,0.0005469029382100001,True,0.0576982654514,True,-0.0642131481328,-0.0926745304662,-0.0349762650147,True
15676,783,16,6.43920928011e-12,True,0.0572004895339,True,-0.0684661808613,-0.09849491452339999,-0.0412944249894,True
15677,783,17,0.0200111045556,True,0.0555362098202,True,-0.059797412219099996,-0.08883036367960001,-0.0332941538594,True
15678,783,18,5.839076077790001e-13,True,0.0582871744747,True,-0.0659900332412,-0.0960133493651,-0.0377261748903,True
15679,783,19,0.004639074670869999,True,0.0565624224972,True,-0.0611555756657,-0.09038723741219999,-0.033824814915,True
15680,784,0,21.9300447979,False,0.136506626071,False,-0.0366989997548,-0.105387461241,0.031119164829299998,False
15681,784,1,4.127518237149999,False,0.101693048478,False,-0.0572937733261,-0.111059504195,-0.00936645571712,True
15682,784,2,4.87693039089,False,0.0886471760118,False,-0.0516525589906,-0.0981040698985,-0.00945689388667,True
15683,784,3,6.76364600635,False,0.08045221631289999,False,-0.043644370766199994,-0.08529559917570001,-0.00484338286273,True
15684,784,4,2.07156000053,False,0.0755939781507,True,-0.0510444178849,-0.08807901120030001,-0.0124850330496,True
15685,784,5,2.98490231305,False,0.0709566516072,True,-0.046825872066900004,-0.08313226892839999,-0.012175617321299998,True
15686,784,6,1.8530109215700001,False,0.0654154694473,True,-0.047679151971000006,-0.0786191539509,-0.0132036845036,True
15687,784,7,3.09133040398,False,0.0666777472332,True,-0.0439119009569,-0.0775105068986,-0.0108327596654,True
15688,784,8,2.1372593768,False,0.06242961059769999,True,-0.043596230273400004,-0.07448833769310001,-0.0120587270954,True
15689,784,9,0.595275225056,False,0.060028960984800005,True,-0.0498874347974,-0.08034019257189999,-0.020311231587200003,True
15690,784,10,0.37702626113300003,False,0.06026106687630001,True,-0.0529369059155,-0.0832029779467,-0.0229419110704,True
15691,784,11,0.39160076188500004,False,0.058109905483,True,-0.05083036621809999,-0.0788261538358,-0.0207162483528,True
15692,784,12,0.017454516107999998,True,0.057831330344599995,True,-0.0594564344285,-0.08915198788380001,-0.0313206575392,True
15693,784,13,0.000715233928839,True,0.0565382915467,True,-0.0611730898207,-0.0885995234728,-0.0320612319261,True
15694,784,14,0.0008487548071430001,True,0.057509777004899995,True,-0.0657921548633,-0.0938362245762,-0.036326447571300005,True
15695,784,15,9.24559479628e-06,True,0.0605880804259,True,-0.0637221739128,-0.0932976199008,-0.032709539474900004,True
15696,784,16,0.000137336253099,True,0.0580844517925,True,-0.0685863111095,-0.09763787699570001,-0.0395534252031,True
15697,784,17,4.8185919097e-07,True,0.058143908524900006,True,-0.0748534383503,-0.10382867047800001,-0.045684761953300006,True
15698,784,18,9.50708728586e-15,True,0.0567543670851,True,-0.0726844287299,-0.100119639233,-0.0433652721476,True
15699,784,19,2.60044133436e-08,True,0.05758097983490001,True,-0.06984572079319999,-0.09989099695340001,-0.04231001711849999,True
15700,785,0,18.5167693016,False,0.136776807261,False,-0.0416594159274,-0.10933645710699999,0.027440350154400002,False
15701,785,1,34.3004439667,False,0.10561374179,False,-0.021502547014200003,-0.0771343479487,0.028479393840799998,False
15702,785,2,22.5322303325,False,0.08879992842000001,False,-0.0296954734502,-0.0766788634473,0.012121064972700001,False
15703,785,3,14.1980696107,False,0.08264755825060001,False,-0.0358166954376,-0.0803346673987,0.00231289085192,False
15704,785,4,3.0386114574799996,False,0.072399502215,True,-0.04600726810869999,-0.08102001672760001,-0.00862051451255,True
15705,785,5,4.804933666369999,False,0.0683746305581,True,-0.0406018611024,-0.0744377931668,-0.006063162608630001,True
15706,785,6,2.13849116322,False,0.0676768796313,True,-0.045241986980999994,-0.0813285177921,-0.0136516381608,True
15707,785,7,1.3353312835200002,False,0.0668851614977,True,-0.047379766235999994,-0.0797523455848,-0.012867184087100001,True
15708,785,8,0.528484763077,False,0.0616871933641,True,-0.0513124244165,-0.08213375344769999,-0.020446560083599997,True
15709,785,9,0.552502321501,False,0.0598702071739,True,-0.051447705089600004,-0.0813150403124,-0.0214448331385,True
15710,785,10,0.39341121984099997,False,0.06094006167169999,True,-0.053254596016100005,-0.0837749781113,-0.0228349164396,True
15711,785,11,0.12897135606899998,True,0.057784775484999995,True,-0.051392270608199994,-0.08214985458560001,-0.0243650791006,True
15712,785,12,0.344209677381,False,0.060468754954000004,True,-0.0532986683125,-0.08450029322739999,-0.024031538273400002,True
15713,785,13,0.010878409552599999,True,0.059774372315999996,True,-0.057328876437,-0.089570926601,-0.029796554285,True
15714,785,14,5.63327796782e-09,True,0.058761449810600004,True,-0.0687566871854,-0.0957649497039,-0.037003499893199995,True
15715,785,15,0.0786858808621,True,0.0571495451065,True,-0.0587789695029,-0.0884432605385,-0.0312937154321,True
15716,785,16,3.83466830822e-05,True,0.055980865631099996,True,-0.0608445236734,-0.0884050002597,-0.0324241346287,True
15717,785,17,1.49868434314e-05,True,0.0575645051403,True,-0.0587519595941,-0.0892075946323,-0.031643089492,True
15718,785,18,0.00021749984694400003,True,0.0567358002521,True,-0.0616235104079,-0.0909420536974,-0.0342062534453,True
15719,785,19,0.00284583020755,True,0.057546761147600003,True,-0.0633441170449,-0.09261065358760001,-0.03506389244,True
15720,786,0,0.046349191940400006,True,0.140027343394,False,-0.118903240419,-0.186176284547,-0.0461489411527,True
15721,786,1,4.42263121445,False,0.103573580015,False,-0.05837621154540001,-0.111416202797,-0.007842622781729999,True
15722,786,2,1.7805571064599999,False,0.08853133571789999,False,-0.0613106489726,-0.10541710202299999,-0.0168857663054,True
15723,786,3,1.18887932436,False,0.0758361431698,True,-0.0571685931718,-0.0964290947535,-0.0205929515837,True
15724,786,4,0.7355627678479999,False,0.07525667571219999,True,-0.05777381998100001,-0.09452345300540001,-0.0192667772933,True
15725,786,5,1.53888543433,False,0.0686091595704,True,-0.04894077582359999,-0.08086576716789999,-0.0122566075975,True
15726,786,6,2.32943595741,False,0.0651699933945,True,-0.0463039223646,-0.0787201456539,-0.0135501522594,True
15727,786,7,11.411450181700001,False,0.0646665547856,True,-0.032994607470400006,-0.0659385559676,-0.00127200118194,True
15728,786,8,6.0667089263800005,False,0.0626800246198,True,-0.0359985710957,-0.0667150642409,-0.00403503962115,True
15729,786,9,2.58066049186,False,0.0609027233588,True,-0.0407174432603,-0.0699186271771,-0.009015903818239999,True
15730,786,10,5.0676904374300005,False,0.0618255911407,True,-0.038514225688199996,-0.0683022639109,-0.006476672770220001,True
15731,786,11,2.08505646662,False,0.0591250095875,True,-0.040585798229699994,-0.06868933407689999,-0.00956432448943,True
15732,786,12,3.65496431684,False,0.05985156430369999,True,-0.037353109095900006,-0.0671735500005,-0.007321985696800001,True
15733,786,13,3.8539853433899998,False,0.0596258295542,True,-0.039656529473599995,-0.07076006460249999,-0.0111342350483,True
15734,786,14,3.795596225,False,0.0585548673112,True,-0.037649757482199994,-0.06607821068769999,-0.00752334337656,True
15735,786,15,2.5013428197,False,0.0566776117882,True,-0.0406708595758,-0.0685115767971,-0.011833965008799999,True
15736,786,16,1.29169531234,False,0.05734080935869999,True,-0.0440471628409,-0.0729963768382,-0.0156555674795,True
15737,786,17,0.499030608061,False,0.0559901330033,True,-0.046877276273,-0.0753353262874,-0.019345193284099997,True
15738,786,18,1.31368433857e-05,True,0.0556259222526,True,-0.05389655959819999,-0.0812864265393,-0.0256605042867,True
15739,786,19,7.835585907889999e-08,True,0.056772034568699996,True,-0.0597744779651,-0.08807066268330001,-0.0312986281146,True
15740,787,0,5.30395050642,False,0.14665419754200001,False,-0.07227299856069999,-0.14501757930700002,0.0016366182351300002,False
15741,787,1,0.563970412593,False,0.103412934433,False,-0.0848857760295,-0.136759044074,-0.0333461096412,True
15742,787,2,0.104770626777,True,0.0849548155615,False,-0.0750658166292,-0.115596466433,-0.0306416508718,True
15743,787,3,1.5851683812000001,False,0.0790165141797,True,-0.0553163787327,-0.09490008496819999,-0.0158835707885,True
15744,787,4,0.145872334289,True,0.0741103789524,True,-0.06896743145119999,-0.10672569958799999,-0.0326153206354,True
15745,787,5,0.00483586399938,True,0.0701450389902,True,-0.0674757697429,-0.104835312784,-0.0346902737939,True
15746,787,6,4.5667943023e-08,True,0.06731052696119999,True,-0.0737728039215,-0.109637147268,-0.042326620307099994,True
15747,787,7,2.52081536738e-09,True,0.0656258229862,True,-0.0721020552407,-0.10531293908099999,-0.0396871160943,True
15748,787,8,0.00774904698996,True,0.06223086606480001,True,-0.0643745886835,-0.09515310653459999,-0.0329222404698,True
15749,787,9,0.0274877247106,True,0.058850117026,True,-0.06266870054069999,-0.09191134200710001,-0.0330612249811,True
15750,787,10,0.159160726141,True,0.060281286008299996,True,-0.058177907168399996,-0.0867003386145,-0.026419052606299998,True
15751,787,11,0.108012871732,True,0.060527025845099995,True,-0.055397271378,-0.0853390108121,-0.0248119849669,True
15752,787,12,0.142619140847,True,0.0578857297204,True,-0.062112201214,-0.0910423890456,-0.033156659325200004,True
15753,787,13,0.0354023206732,True,0.057446435636099996,True,-0.0558687418831,-0.0847172606545,-0.0272708250184,True
15754,787,14,0.00187896977801,True,0.057041851882499994,True,-0.0570448826906,-0.08667974946450001,-0.029637897582,True
15755,787,15,0.06869276320119999,True,0.0573591376963,True,-0.0548254608648,-0.0832695565726,-0.0259104188763,True
15756,787,16,0.126675675506,True,0.0576491906276,True,-0.056153002416000006,-0.083973930879,-0.0263247402513,True
15757,787,17,0.11579324453600001,True,0.0564165626305,True,-0.053818085146000005,-0.0817225269782,-0.0253059643477,True
15758,787,18,0.192004902261,True,0.0563248086381,True,-0.0512906467043,-0.0801414674993,-0.023816658861199998,True
15759,787,19,0.0336306559304,True,0.056609633131,True,-0.0612275394267,-0.0895464772095,-0.0329368440785,True
15760,788,0,28.2316836446,False,0.14209223067399998,False,0.021606226308800002,-0.0473006713925,0.0947915592818,False
15761,788,1,41.2617292746,False,0.104551057147,False,-0.0112090049551,-0.0622721003791,0.042278956768399996,False
15762,788,2,38.5364101202,False,0.0881529983763,False,-0.0193293269068,-0.0634558751784,0.0246971231979,False
15763,788,3,20.5524791474,False,0.07848791646710002,True,-0.030456439729,-0.07036103785469999,0.00812687861239,False
15764,788,4,15.136009830699999,False,0.073428674079,True,-0.0327532176176,-0.0688726118509,0.00455606222812,False
15765,788,5,8.912924582739999,False,0.0690916377607,True,-0.035452746743199995,-0.0716102839263,-0.0025186461655799996,True
15766,788,6,9.156117286519999,False,0.0667938484954,True,-0.034915137312300004,-0.0695541036326,-0.0027602551371999997,True
15767,788,7,10.3094316245,False,0.0658926489694,True,-0.032769128407600004,-0.06830516744109999,-0.00241251847175,True
15768,788,8,3.27202661888,False,0.06365265946899999,True,-0.0408637510462,-0.0735359348731,-0.009883275404110001,True
15769,788,9,0.65610574578,False,0.0612181999152,True,-0.0492017384292,-0.0813875563527,-0.0201693564374,True
15770,788,10,0.47536526190800005,False,0.059684375081599995,True,-0.0504574449596,-0.07932908793980001,-0.0196447128583,True
15771,788,11,0.693628087377,False,0.0581371071583,True,-0.0475515827546,-0.0772134630323,-0.019076355874,True
15772,788,12,3.05094811408,False,0.0612498323606,True,-0.0421692725404,-0.0736477031669,-0.012397870806299999,True
15773,788,13,1.8419862742099997,False,0.060607045989800004,True,-0.0419412568503,-0.0723779093196,-0.011770863329700001,True
15774,788,14,1.4367270427599999,False,0.05893109752859999,True,-0.0430892087976,-0.0736722131361,-0.014741115607499999,True
15775,788,15,1.77697723991,False,0.0569208399495,True,-0.041776288055,-0.069658763959,-0.0127379240095,True
15776,788,16,0.029325349983099998,True,0.0561707832929,True,-0.0502363437003,-0.07706179553169999,-0.0208910122388,True
15777,788,17,0.20835845314100002,True,0.0572910313803,True,-0.0524946545489,-0.0808755578198,-0.0235845264395,True
15778,788,18,0.102783599179,True,0.055591943887,True,-0.0554803918161,-0.08246256405380001,-0.0268706201668,True
15779,788,19,0.21028192563499998,True,0.057654804244,True,-0.05222559133230001,-0.08205297415519999,-0.024398169911199998,True
15780,789,0,8.88204695807,False,0.143329845213,False,-0.0622283086125,-0.13637322182,0.00695662339334,False
15781,789,1,20.611781312999998,False,0.10211972121400001,False,-0.035111707666400004,-0.084511653022,0.017608068191799997,False
15782,789,2,22.0327668963,False,0.0853833182552,False,-0.0312104748703,-0.0742528053489,0.011130512906299999,False
15783,789,3,30.2416048284,False,0.0817939957111,False,-0.0249300497333,-0.0656057416007,0.0161882541104,False
15784,789,4,36.902682091100004,False,0.0772841922429,True,-0.0191089817847,-0.05770437553880001,0.019579816704099997,False
15785,789,5,4.66307056489,False,0.07175682857860001,True,-0.043038627001199994,-0.0797777144497,-0.00802088587102,True
15786,789,6,7.72436874079,False,0.0668891000298,True,-0.0366363899525,-0.07053178775550001,-0.0036426877256999996,True
15787,789,7,15.362693874400001,False,0.0646523771601,True,-0.028970599377900003,-0.0606252682508,0.004027108909340001,False
15788,789,8,30.249270326999998,False,0.0652566037867,True,-0.021628388516700004,-0.05241307888280001,0.012843524903899999,False
15789,789,9,16.7360863896,False,0.0634932614759,True,-0.0286073571882,-0.060256029492,0.0032372319838899996,False
15790,789,10,3.42747244359,False,0.06142916820169999,True,-0.0408263276571,-0.0718491656083,-0.0104199974067,True
15791,789,11,2.6999899210000002,False,0.0571595553707,True,-0.0386275765525,-0.0668585018265,-0.009698946455799998,True
15792,789,12,3.38861630277,False,0.057096086331599995,True,-0.038092452289199996,-0.06603787200899999,-0.00894178567738,True
15793,789,13,5.477297237259999,False,0.0575300873327,True,-0.0350200220522,-0.0627034518821,-0.00517336454943,True
15794,789,14,6.51035531396,False,0.0586754998395,True,-0.0344120461793,-0.062182250844900006,-0.0035067510053600004,True
15795,789,15,5.602005903509999,False,0.0565383638727,True,-0.034065326194700006,-0.0644992816133,-0.007960917740689999,True
15796,789,16,9.67179408679,False,0.05715069635419999,True,-0.0309388078841,-0.0584298927649,-0.0012791964107300002,True
15797,789,17,5.05672560746,False,0.0583138026229,True,-0.0363250769705,-0.0642457692164,-0.0059319665934499995,True
15798,789,18,7.6669840666899995,False,0.057870765985199996,True,-0.033187962902799996,-0.0624467863263,-0.00457602034111,True
15799,789,19,2.2504248377300002,False,0.0542088382931,True,-0.0384036495674,-0.06586913787399999,-0.011660299580999999,True
15800,790,0,15.812112076300002,False,0.14496725174300001,False,-0.0445535002398,-0.12071098524900001,0.0242562664932,False
15801,790,1,26.4412119369,False,0.10470060530200001,False,-0.0300867836255,-0.08094420447,0.0237564008322,False
15802,790,2,52.001666551199996,False,0.0853111459438,False,-0.00831831094821,-0.049505958974900004,0.035805186968900005,False
15803,790,3,46.7777672459,False,0.0795063790816,True,-0.0141188388324,-0.054739396024699995,0.024766983056799998,False
15804,790,4,46.742076647299996,False,0.0737917090662,True,-0.0148953662112,-0.050967552863999996,0.022824156202099998,False
15805,790,5,29.319717180500003,False,0.0698348589705,True,-0.0234620632792,-0.059726362594800006,0.0101084963757,False
15806,790,6,11.2884111053,False,0.0658778438283,True,-0.0341424536728,-0.0671334782216,-0.0012556343933,True
15807,790,7,2.81652369986,False,0.062977071963,True,-0.0432554801517,-0.07596142765389999,-0.012984355690799998,True
15808,790,8,2.3950718434400002,False,0.0632612032589,True,-0.044234581850199996,-0.0750212943119,-0.011760091052999999,True
15809,790,9,0.418334266251,False,0.060858151161000004,True,-0.0484128496089,-0.07951514175739999,-0.0186569905964,True
15810,790,10,0.31571678882599996,True,0.0624244964783,True,-0.053879417680699995,-0.08453426065919999,-0.022109764180900004,True
15811,790,11,0.36273228194799995,False,0.0610311777173,True,-0.04984368856700001,-0.08176511888789999,-0.020733941170599998,True
15812,790,12,0.040136566594300004,True,0.0585445652039,True,-0.056807848372,-0.0870463876482,-0.0285018224443,True
15813,790,13,0.0007167084377050001,True,0.058388994389000005,True,-0.0608515440931,-0.0906556905549,-0.0322666961659,True
15814,790,14,0.024176652127900003,True,0.0583109022767,True,-0.06145331274569999,-0.09044652749260002,-0.0321356252159,True
15815,790,15,0.232795944113,True,0.058014009813699995,True,-0.055013818503,-0.0856460098241,-0.0276320000104,True
15816,790,16,0.00018732737892599997,True,0.056421583872600004,True,-0.05781775531169999,-0.0849117568979,-0.0284901730253,True
15817,790,17,3.78577591738e-05,True,0.057304213468899995,True,-0.060516144550999997,-0.09128367993889999,-0.0339794664699,True
15818,790,18,9.81937706056e-05,True,0.0552318756107,True,-0.0645920182327,-0.09247112143930002,-0.0372392458286,True
15819,790,19,0.0026488212764800003,True,0.056535204987300004,True,-0.06280191023109999,-0.0920039442969,-0.0354687393096,True
15820,791,0,28.0669914942,False,0.136894667934,False,0.023187710088400003,-0.048966603865400006,0.087928064069,False
15821,791,1,25.118128550100003,False,0.100212868136,False,-0.0306456115,-0.07922868494239999,0.0209841831932,False
15822,791,2,10.7227083094,False,0.0875857078554,False,-0.041232630064,-0.0839960985095,0.00358960934585,False
15823,791,3,3.24271833365,False,0.0785737960805,True,-0.05194248806059999,-0.0933681107856,-0.0147943147052,True
15824,791,4,4.15571300083,False,0.0752337277959,True,-0.0463040401542,-0.083141737021,-0.007908009225090001,True
15825,791,5,13.0231538931,False,0.070505553134,True,-0.034445714453699997,-0.06960337867710001,0.000902174456823,False
15826,791,6,8.59077107408,False,0.0673478048393,True,-0.0367463404201,-0.0704232207677,-0.0030754159284,True
15827,791,7,4.7176005839099995,False,0.06685490024389999,True,-0.0401303963007,-0.0749748852531,-0.00811998500921,True
15828,791,8,1.87549871824,False,0.0629936488029,True,-0.04614349662140001,-0.0788319296111,-0.0158382808082,True
15829,791,9,2.99886429417,False,0.062149625684599995,True,-0.0419215144377,-0.07390852393830001,-0.011758898253799999,True
15830,791,10,2.74418558383,False,0.059739986369400006,True,-0.0395725784411,-0.06908159743160001,-0.00934161106223,True
15831,791,11,2.5855850291099998,False,0.0612397296329,True,-0.0414970316322,-0.073192644916,-0.0119529152831,True
15832,791,12,0.7784468523829999,False,0.0585206925172,True,-0.044426162648800005,-0.0731582588178,-0.014637566300600001,True
15833,791,13,1.41779896046,False,0.0597375951057,True,-0.04502215522630001,-0.0763751872644,-0.0166375921587,True
15834,791,14,0.0958784378798,True,0.057833151209599996,True,-0.051434698446199995,-0.0807092144134,-0.0228760632038,True
15835,791,15,0.420759052699,False,0.0566965658097,True,-0.046788051587300004,-0.0764833720236,-0.019786806213900002,True
15836,791,16,0.117141566624,True,0.053178801200800006,True,-0.0515881351409,-0.0797035181332,-0.026524716932399998,True
15837,791,17,0.0025486044444,True,0.057536095358800006,True,-0.056597600506199996,-0.0872437564704,-0.0297076611117,True
15838,791,18,0.15847195580600001,True,0.0566857077629,True,-0.05287632520280001,-0.0828898054865,-0.026204097723500002,True
15839,791,19,0.000762714937035,True,0.0551292168938,True,-0.059443191922000004,-0.0865134354292,-0.0313842185354,True
15840,792,0,20.302681215299998,False,0.140842734443,False,-0.036938999932,-0.104479964918,0.036362769525099994,False
15841,792,1,28.575853753,False,0.104578668925,False,-0.026911722984599998,-0.080733676499,0.0238449924261,False
15842,792,2,24.509974628800002,False,0.0883459845607,False,-0.028793601743799996,-0.0727354924044,0.015610492156299999,False
15843,792,3,18.225186071,False,0.0809793832883,False,-0.031740897176799995,-0.06985104843239999,0.011128334855899999,False
15844,792,4,22.709513305700003,False,0.0718700642842,True,-0.0264090913711,-0.0630772389343,0.00879282534989,False
15845,792,5,19.636808952,False,0.0723090411615,True,-0.0293678873655,-0.06507732521790001,0.007231715943560001,False
15846,792,6,18.1816135691,False,0.06738239075500001,True,-0.0294743455741,-0.06348239265269999,0.0038999981023299995,False
15847,792,7,9.0536119578,False,0.06452042541759999,True,-0.0353588006178,-0.0659198731686,-0.00139944775097,True
15848,792,8,2.56615528879,False,0.061318227262199994,True,-0.040865567920400005,-0.0702293939587,-0.008911166696450002,True
15849,792,9,8.20747280886,False,0.0603490911632,True,-0.0342643495746,-0.06518695383230001,-0.00483786266914,True
15850,792,10,4.62873838257,False,0.059362809117599995,True,-0.037042745914300006,-0.06569505531,-0.006332246192420001,True
15851,792,11,1.62645238068,False,0.057883140266000006,True,-0.0417993725449,-0.07183620395330001,-0.0139530636873,True
15852,792,12,1.36916588218,False,0.0594890134643,True,-0.044062472651500005,-0.07269539097310002,-0.013206377508799999,True
15853,792,13,0.258568303107,True,0.0568998479747,True,-0.0472147897303,-0.0747666802416,-0.0178668322669,True
15854,792,14,0.31784213307500003,True,0.0581337485635,True,-0.0481946061699,-0.07785535365810001,-0.019721605094599998,True
15855,792,15,0.560141360179,False,0.05789758160780001,True,-0.04896235438080001,-0.0794819235473,-0.0215843419396,True
15856,792,16,0.102556963737,True,0.056254002911599994,True,-0.053630195275,-0.0825414397787,-0.0262874368671,True
15857,792,17,5.1746845339699996e-06,True,0.05834429871180001,True,-0.0590240647444,-0.08840884117100001,-0.0300645424592,True
15858,792,18,0.0651583489767,True,0.0550047608081,True,-0.060591104605300004,-0.08791276663069998,-0.0329080058226,True
15859,792,19,8.770306905239999e-06,True,0.0585682918595,True,-0.061128843419000004,-0.08957367274839999,-0.0310053808889,True
15860,793,0,23.951347483000003,False,0.14205334035599998,False,-0.0328605835351,-0.104317274509,0.0377360658465,False
15861,793,1,22.495577719099998,False,0.10521433734300001,False,-0.0338286920661,-0.08717853989119999,0.0180357974516,False
15862,793,2,8.52586423021,False,0.0902738496637,False,-0.0444835276344,-0.0878804297327,0.00239341993099,False
15863,793,3,17.922093178599997,False,0.07821742928730001,True,-0.0329598432673,-0.07094746040489999,0.00726996888238,False
15864,793,4,4.23555463042,False,0.074362383696,True,-0.0443519537263,-0.08285296388989999,-0.00849058019391,True
15865,793,5,0.380675134024,False,0.0687487389409,True,-0.0590585389061,-0.0940725868397,-0.0253238478988,True
15866,793,6,0.642202222319,False,0.0652355314291,True,-0.0534974938306,-0.0872438667745,-0.022008335345400004,True
15867,793,7,1.0724841360200001,False,0.0640830271792,True,-0.050192214215599995,-0.0821436212557,-0.0180605940764,True
15868,793,8,3.44042171383,False,0.0630136307475,True,-0.040832893152699994,-0.07395311244689999,-0.010939481699399999,True
15869,793,9,3.35182322347,False,0.06430957271769999,True,-0.042840961166900005,-0.0760046140371,-0.0116950413194,True
15870,793,10,3.11547010912,False,0.0599402964861,True,-0.0413556541185,-0.0712238827661,-0.011283586279899999,True
15871,793,11,5.765706574330001,False,0.060139170649600004,True,-0.036306262035300005,-0.0663800441873,-0.006240873537689999,True
15872,793,12,0.49252230508999995,False,0.0582134105167,True,-0.0509229386713,-0.0800700780579,-0.0218566675412,True
15873,793,13,0.9702596772390001,False,0.0591004091905,True,-0.0468601737449,-0.07568856913119999,-0.0165881599407,True
15874,793,14,1.04057722499,False,0.059090893539500006,True,-0.0447030365964,-0.07471667745560001,-0.015625783916100002,True
15875,793,15,4.244637200630001,False,0.056875972976699996,True,-0.0376942411764,-0.0658815861225,-0.00900561314576,True
15876,793,16,0.190073793301,True,0.055752876983500003,True,-0.05072684843690001,-0.0779624309604,-0.022209553976900002,True
15877,793,17,0.000293921062454,True,0.0570287381166,True,-0.0585197687304,-0.087550301571,-0.030521563454499998,True
15878,793,18,1.3070600634000002e-05,True,0.056526585397800005,True,-0.061638656402900005,-0.09113988341160001,-0.034613298013800003,True
15879,793,19,2.4031827341799997e-07,True,0.054251924144,True,-0.0639338061653,-0.0914046692567,-0.037152745112699996,True
15880,794,0,32.221777306,False,0.13793234027,False,-0.0128556420749,-0.0828463580187,0.0550859822514,False
15881,794,1,17.710480872799998,False,0.101849181819,False,-0.0357821973831,-0.0880461000025,0.0138030818166,False
15882,794,2,13.362497445999999,False,0.08802929542810001,False,-0.0384411210528,-0.08147486047239999,0.0065544349557000005,False
15883,794,3,15.2360054344,False,0.0827299299487,False,-0.0357822381575,-0.0768988740575,0.00583105589119,False
15884,794,4,4.91433506084,False,0.07261801883960001,True,-0.0435248364019,-0.0804344120335,-0.007816393193939999,True
15885,794,5,3.21743330952,False,0.0732632535396,True,-0.0460626139763,-0.08276766680589999,-0.00950441326624,True
15886,794,6,2.4121785184999998,False,0.0655264177338,True,-0.04577089100980001,-0.0773875016908,-0.011861083957,True
15887,794,7,4.31280889816,False,0.0620488144131,True,-0.0388334760459,-0.07037714133930001,-0.00832832692627,True
15888,794,8,1.22107914199,False,0.0630647273322,True,-0.046760726076699996,-0.0781363804873,-0.015071653155100001,True
15889,794,9,0.601439985658,False,0.0622583959768,True,-0.051534049631500004,-0.0809086118299,-0.018650215853099998,True
15890,794,10,1.28538900582e-05,True,0.0598559926479,True,-0.0626358817463,-0.0929581519843,-0.0331021593364,True
15891,794,11,0.0007480932325430001,True,0.060503815713,True,-0.058943701081800005,-0.08844950479419998,-0.027945689081200004,True
15892,794,12,0.330287031291,True,0.0601273054833,True,-0.0509252714721,-0.08151484238010001,-0.021387536896799998,True
15893,794,13,0.006807182822489999,True,0.0603590039011,True,-0.0586380639609,-0.08841374007689999,-0.0280547361758,True
15894,794,14,2.82956795393e-05,True,0.05644746410680001,True,-0.062106490295900006,-0.0905217464783,-0.034074282371400005,True
15895,794,15,0.226251759161,True,0.058949248258800005,True,-0.058209541058099994,-0.0874436224817,-0.028494374223000003,True
15896,794,16,0.18488271678800003,True,0.0554622861496,True,-0.0636958536695,-0.0922116092679,-0.0367493231183,True
15897,794,17,7.892351989230001e-18,True,0.0544909293152,True,-0.07012602736700001,-0.0971999260296,-0.0427089967144,True
15898,794,18,0.03549073918719999,True,0.055449755222800004,True,-0.068852391619,-0.09576533163170001,-0.040315576408899996,True
15899,794,19,8.905321955489999e-24,True,0.0537294298384,True,-0.0738488751348,-0.100263768605,-0.046534338767,True
15900,795,0,17.3636137176,False,0.141039804328,False,-0.0427522103773,-0.112856884276,0.028182920052400005,False
15901,795,1,17.4801612055,False,0.0997817851358,False,-0.0376208080617,-0.089066203242,0.0107155818938,False
15902,795,2,6.109829823380001,False,0.0855116429644,False,-0.0476680458175,-0.0894247381589,-0.00391309519454,True
15903,795,3,5.49778514816,False,0.0788775922817,True,-0.043962549615,-0.0824750265267,-0.00359743424495,True
15904,795,4,1.34609319136,False,0.07113252608989999,True,-0.052858116805699996,-0.0902932967945,-0.019160770704599997,True
15905,795,5,0.008539072946,True,0.0701422349957,True,-0.067656132548,-0.103046441151,-0.0329042061551,True
15906,795,6,0.00484433800286,True,0.0668033133145,True,-0.06474593520790001,-0.0984591914978,-0.0316558781832,True
15907,795,7,0.0006218824492309999,True,0.0665593972476,True,-0.0687605232971,-0.1042199504,-0.037660553152,True
15908,795,8,0.0709362584954,True,0.0640137404866,True,-0.0686232095257,-0.09999216011510001,-0.0359784196284,True
15909,795,9,0.00474638934974,True,0.0614811875081,True,-0.06005643972030001,-0.09101053614110001,-0.0295293486331,True
15910,795,10,0.000140409660309,True,0.0595904873216,True,-0.0630475693666,-0.093128691386,-0.0335382040644,True
15911,795,11,0.000170721233945,True,0.0590237852795,True,-0.0663936223237,-0.0941225868747,-0.0350988015952,True
15912,795,12,3.62512626692e-07,True,0.059091553179699996,True,-0.0684867691194,-0.0986785422346,-0.039586989054900004,True
15913,795,13,2.50967801165e-08,True,0.0590932767246,True,-0.0676022760083,-0.09749820123710001,-0.0384049245125,True
15914,795,14,0.0007273943011960001,True,0.057682346311099995,True,-0.067132335813,-0.0982049436403,-0.0405225973292,True
15915,795,15,3.2821453769699995e-07,True,0.0554216280084,True,-0.0655288860705,-0.0946199653977,-0.0391983373894,True
15916,795,16,8.08182077991e-07,True,0.057312660576800005,True,-0.0668834018083,-0.0955657286018,-0.038253068025,True
15917,795,17,1.6969493796e-16,True,0.0554100364501,True,-0.0690576254425,-0.09656418472010002,-0.04115414827,True
15918,795,18,5.364690635539999e-22,True,0.0568158231243,True,-0.0764739775807,-0.104217621087,-0.0474017979627,True
15919,795,19,1.06046983403e-26,True,0.0590599821724,True,-0.07576200270280001,-0.10734495170399999,-0.0482849695313,True
15920,796,0,1.46371724579,False,0.139939270719,False,-0.0918381640113,-0.158110173085,-0.018170902366,True
15921,796,1,3.0246729256,False,0.100148780633,False,-0.0625464864659,-0.11160610792999999,-0.011457327296200002,True
15922,796,2,3.5130692896399998,False,0.0880575836655,False,-0.054088261547,-0.0975984973258,-0.009540913660290001,True
15923,796,3,0.197355762392,True,0.0818789824407,False,-0.0691239373197,-0.10993960179300001,-0.0280606193523,True
15924,796,4,0.0133899068531,True,0.0736181623226,True,-0.0674001862983,-0.10411505990499999,-0.0304968975823,True
15925,796,5,0.44778625528000005,False,0.07044544259989999,True,-0.057428923278,-0.09344942575750001,-0.0230039831575,True
15926,796,6,1.40783004731,False,0.0659409995953,True,-0.0478762631995,-0.0811637757999,-0.0152227762046,True
15927,796,7,4.07866878176,False,0.0631793317358,True,-0.0419063849011,-0.0746386808022,-0.011459349066299999,True
15928,796,8,5.79947646169,False,0.063670102023,True,-0.0376292814432,-0.0701012875253,-0.006431185502339999,True
15929,796,9,13.1188990425,False,0.0599006102804,True,-0.031107815015599997,-0.0600900151464,-0.000189404865928,True
15930,796,10,10.5682401578,False,0.06124105775330001,True,-0.0311949746057,-0.0618660139544,-0.000624956201155,True
15931,796,11,12.685086335,False,0.05959376177069999,True,-0.030056695699299998,-0.0587434320082,0.000850329762441,False
15932,796,12,8.35390468136,False,0.0572958170292,True,-0.031658399687700005,-0.061713892532099995,-0.00441807550287,True
15933,796,13,21.523942259499997,False,0.05909113945859999,True,-0.0249487057226,-0.0550618006804,0.00402933877818,False
15934,796,14,16.1856573454,False,0.0589705692613,True,-0.027724561962000002,-0.057137801472199996,0.00183276778906,False
15935,796,15,14.6110280989,False,0.057753565078300005,True,-0.027949042555400004,-0.0573042147641,0.00044935031417600005,False
15936,796,16,9.58799336146,False,0.057995458590699996,True,-0.031844333590199995,-0.0606838807827,-0.00268842219194,True
15937,796,17,2.41249685554,False,0.0558027599234,True,-0.038224780047,-0.0647954988352,-0.00899273891182,True
15938,796,18,3.83848232227,False,0.0540151948072,True,-0.0349141834445,-0.0618333683584,-0.007818173551159999,True
15939,796,19,3.98253039203,False,0.055358479017199994,True,-0.0361315371223,-0.0641890864558,-0.00883060743869,True
15940,797,0,1.8611923528999998,False,0.142876795717,False,-0.0883277269246,-0.160789564504,-0.017912768787400002,True
15941,797,1,0.535634250185,False,0.104105939365,False,-0.0821416504793,-0.13160793791300002,-0.027501998547400004,True
15942,797,2,0.32320067779399997,True,0.08808781362870001,False,-0.072284178103,-0.11815556476900001,-0.030067751140099998,True
15943,797,3,0.180657199326,True,0.0785699772762,True,-0.07080772749219999,-0.110986437457,-0.0324164601805,True
15944,797,4,2.2088440694,False,0.07221041880689999,True,-0.04822709451669999,-0.0838721427156,-0.0116617239087,True
15945,797,5,9.12949492983,False,0.0703827635546,True,-0.036870146261400005,-0.0722527880332,-0.0018700244787,True
15946,797,6,9.2145584549,False,0.06861281302490001,True,-0.036198021057699994,-0.0704663351202,-0.00185352209535,True
15947,797,7,2.38561052838,False,0.06488767388899999,True,-0.0445367332732,-0.0760154939628,-0.0111278200738,True
15948,797,8,1.19012068,False,0.062106503335499996,True,-0.04753033224330001,-0.0791729950034,-0.0170664916679,True
15949,797,9,1.3832501352899997,False,0.0631163408891,True,-0.046522723033800006,-0.07947386051989999,-0.0163575196308,True
15950,797,10,0.987466792021,False,0.0612741586508,True,-0.0466389052305,-0.0764403019994,-0.015166143348600001,True
15951,797,11,3.9319612884300006,False,0.0596103054036,True,-0.0389563496983,-0.0693564933489,-0.00974618794533,True
15952,797,12,0.67778011661,False,0.0575626715933,True,-0.04542376803309999,-0.0735203834911,-0.0159577118978,True
15953,797,13,0.6923755472759999,False,0.0585361420321,True,-0.045547657119500005,-0.0752791058763,-0.0167429638442,True
15954,797,14,2.56294730313,False,0.0588332108915,True,-0.0422274800803,-0.0723061908716,-0.0134729799802,True
15955,797,15,4.06480483303,False,0.058414328609600004,True,-0.0374069415212,-0.06674579990269999,-0.00833147129312,True
15956,797,16,0.883998485354,False,0.05626191943659999,True,-0.0425988868777,-0.0717543509437,-0.0154924315072,True
15957,797,17,0.657088691034,False,0.0589087133934,True,-0.0471444094796,-0.0777731921549,-0.0188644787615,True
15958,797,18,0.012523326675599999,True,0.0564340539287,True,-0.05442617403390001,-0.0827346850145,-0.026300631085799997,True
15959,797,19,2.89270270858e-05,True,0.055917319747599996,True,-0.05792049936000001,-0.0870555153002,-0.031138195552699997,True
15960,798,0,19.68178481,False,0.143382655629,False,-0.038403880527300004,-0.107460123147,0.0359225324825,False
15961,798,1,14.5410642209,False,0.10454985472100001,False,-0.0401373655136,-0.09522934081630001,0.00932051390453,False
15962,798,2,1.6930608304299999,False,0.0870144154459,False,-0.05863875387999999,-0.102542423317,-0.015528007871399999,True
15963,798,3,1.01028349817,False,0.0790590527306,True,-0.060669344742900005,-0.0986262474793,-0.0195671947487,True
15964,798,4,1.08038510221,False,0.07340652022260001,True,-0.0549095070989,-0.0897271065402,-0.0163205863176,True
15965,798,5,0.41772955633000003,False,0.0696452483136,True,-0.0594970253761,-0.09389394776889999,-0.0242486994553,True
15966,798,6,1.56929557632,False,0.06923409598710001,True,-0.0492288466653,-0.0837183901959,-0.0144842942087,True
15967,798,7,1.00311019053,False,0.0660320220493,True,-0.05260083469119999,-0.08684934176819999,-0.020817319718900003,True
15968,798,8,0.0878631834272,True,0.0621464660372,True,-0.0571413339594,-0.0866071588054,-0.0244606927683,True
15969,798,9,0.18632759328600002,True,0.0623465820828,True,-0.0550192344321,-0.087621716211,-0.025275134128299997,True
15970,798,10,0.126124199978,True,0.0622367437983,True,-0.054531552807800004,-0.0875264676544,-0.025289723856099997,True
15971,798,11,0.235143143652,True,0.0554456400832,True,-0.05326020151880001,-0.0815699553137,-0.0261243152305,True
15972,798,12,0.195475688161,True,0.0587262885434,True,-0.05224506412830001,-0.08246175623539999,-0.023735467692,True
15973,798,13,0.012822244711,True,0.0597097078036,True,-0.05487857732319999,-0.0854367520112,-0.0257270442075,True
15974,798,14,0.0367687493194,True,0.057425115083599994,True,-0.0538505228645,-0.08368496280839999,-0.026259847724799997,True
15975,798,15,0.139837948846,True,0.055594631627400005,True,-0.05544304409419999,-0.0833468219598,-0.027752190332400003,True
15976,798,16,0.00572663046257,True,0.05779668482369999,True,-0.0535601956115,-0.0812915469852,-0.023494862161500003,True
15977,798,17,3.95936906558e-09,True,0.0542468476948,True,-0.0636992906249,-0.09081231654480001,-0.03656546885,True
15978,798,18,1.20274531717e-07,True,0.0571671396908,True,-0.06729356776409999,-0.0965918073035,-0.0394246676127,True
15979,798,19,8.523373779010001e-15,True,0.0566621825454,True,-0.07045431567760001,-0.0964446449781,-0.0397824624327,True
15980,799,0,13.9249738692,False,0.142255378873,False,-0.0501470159617,-0.123376789188,0.018878589685,False
15981,799,1,9.44167756882,False,0.104684138728,False,-0.04690998741909999,-0.09989128223410002,0.00479285649421,False
15982,799,2,4.65414997373,False,0.0891181720236,False,-0.05186166747880001,-0.09831013126350001,-0.00919195923985,True
15983,799,3,7.33353269384,False,0.0817715080468,False,-0.043625465655100004,-0.0850127392082,-0.00324123116141,True
15984,799,4,2.7684718864099995,False,0.074650298198,True,-0.0505103052223,-0.0907393118415,-0.0160890136435,True
15985,799,5,0.0030770430240700006,True,0.0680056292281,True,-0.068390008486,-0.10196451842399999,-0.0339588891964,True
15986,799,6,0.0220680396198,True,0.0682846964114,True,-0.0683928918152,-0.10095933419500001,-0.0326746377833,True
15987,799,7,0.005046178413069999,True,0.06535358618340001,True,-0.0688470097981,-0.101222599594,-0.0358690134111,True
15988,799,8,4.59728860912e-14,True,0.06485009570450001,True,-0.082802540838,-0.116934765857,-0.0520846701521,True
15989,799,9,1.25974923731e-17,True,0.062273701070800005,True,-0.08387346187900001,-0.114890033863,-0.0526163327925,True
15990,799,10,3.4573635941900003e-32,True,0.061797863470400005,True,-0.08188298200060001,-0.112479028615,-0.0506811651443,True
15991,799,11,1.6184087679600002e-12,True,0.060673489644999995,True,-0.0832050747953,-0.113166168926,-0.052492679280599995,True
15992,799,12,1.65741798025e-20,True,0.0573279270185,True,-0.0882336882359,-0.11784839519200001,-0.060520468173400004,True
15993,799,13,1.66333355477e-10,True,0.0556301868016,True,-0.0892080533354,-0.116735699262,-0.061105512460000004,True
15994,799,14,1.17310516098e-46,True,0.059977928895600004,True,-0.0925286287627,-0.12344505824000002,-0.06346712934399999,True
15995,799,15,4.5358392831099994e-54,True,0.056518862810500003,True,-0.09465352619839999,-0.122963373335,-0.06644451052480001,True
15996,799,16,2.78892425005e-59,True,0.05570663247740001,True,-0.09266881022849999,-0.119873217729,-0.0641665852515,True
15997,799,17,2.5501475232699996e-45,True,0.0571579889669,True,-0.0898803073535,-0.117707066271,-0.0605490773044,True
15998,799,18,9.75647887453e-27,True,0.055558074167999995,True,-0.08657266839089998,-0.11536057651699999,-0.059802502349300006,True
15999,799,19,6.554634988269998e-88,True,0.055390212886399996,True,-0.0986690158106,-0.125495945297,-0.0701057324105,True
16000,800,0,20.9462087873,False,0.142804734208,False,-0.0367529951642,-0.105395737029,0.037408997179199995,False
16001,800,1,21.1972195631,False,0.103518485022,False,-0.0334938536323,-0.08545943872989999,0.018059046291599996,False
16002,800,2,12.5996010646,False,0.09089713625569999,False,-0.039504531286,-0.0848551813789,0.00604195487687,False
16003,800,3,30.621932300799998,False,0.07808299528689999,True,-0.024153444816700002,-0.06382168114009999,0.0142613141469,False
16004,800,4,6.460028534859999,False,0.0751210771422,True,-0.041894976150099995,-0.0797607351599,-0.004639658017689999,True
16005,800,5,2.74793371806,False,0.068477489544,True,-0.0452888872336,-0.0781037588381,-0.00962626929418,True
16006,800,6,3.17869539826,False,0.0668302711528,True,-0.04338953317869999,-0.0774715413805,-0.0106412702277,True
16007,800,7,2.8227202829799998,False,0.0641426904818,True,-0.041926468749599995,-0.0733455585763,-0.009202868094469999,True
16008,800,8,2.13906806471,False,0.0628371909493,True,-0.0431697342136,-0.0731008943242,-0.010263703374899999,True
16009,800,9,3.17684805256,False,0.0608162494135,True,-0.0412824141051,-0.0734718208221,-0.0126555714085,True
16010,800,10,3.8333636785900005,False,0.06281938248800001,True,-0.0391486358091,-0.0683483693995,-0.005528986911449999,True
16011,800,11,4.61889454571,False,0.0579187044699,True,-0.03608196774109999,-0.0646984740872,-0.00677976961735,True
16012,800,12,4.01379880285,False,0.0567413527393,True,-0.035218596378000004,-0.06362180682230001,-0.00688045408299,True
16013,800,13,5.08438404059,False,0.05797054106369999,True,-0.0376639822687,-0.06593963240930001,-0.007969091345630001,True
16014,800,14,2.41696311313,False,0.05762346217330001,True,-0.041385601138199994,-0.0709485131385,-0.013325050965200001,True
16015,800,15,1.7069964398299997,False,0.05795226478709999,True,-0.042937109863,-0.07036146369,-0.0124091989028,True
16016,800,16,1.0851820002600001,False,0.0584764050688,True,-0.045693204985,-0.0749332923912,-0.0164568873224,True
16017,800,17,0.141374575557,True,0.055166144051599995,True,-0.0519750079599,-0.07728558333089999,-0.022119439279299997,True
16018,800,18,0.011666168025799999,True,0.054821882758400005,True,-0.0565770420916,-0.08319105449280001,-0.0283691717344,True
16019,800,19,0.17700780798500002,True,0.0563842155242,True,-0.0561682137024,-0.08346816217110001,-0.0270839466469,True
16020,801,0,22.0920458565,False,0.145969332173,False,-0.03453990869180001,-0.11233092738299999,0.0336384047902,False
16021,801,1,41.8376526526,False,0.10304681637,False,-0.0117396405941,-0.06301788541730001,0.040028930952599996,False
16022,801,2,4.7138964837,False,0.0904761387215,False,-0.052909134344800005,-0.0993180592668,-0.00884192054536,True
16023,801,3,5.22247918618,False,0.08073153038519999,False,-0.047270722445599996,-0.08601702852019999,-0.00528549813497,True
16024,801,4,4.9579232406400005,False,0.07334427148099999,True,-0.0430687603606,-0.0787849372265,-0.0054406657455,True
16025,801,5,2.9421454452599995,False,0.0697106548608,True,-0.0448350920286,-0.07985275264399999,-0.0101420977832,True
16026,801,6,7.121920214289999,False,0.0651926955445,True,-0.0370663230272,-0.0699036853458,-0.00471098980136,True
16027,801,7,4.96088676745,False,0.0641287496523,True,-0.0391127318352,-0.0716997933342,-0.007571043681880001,True
16028,801,8,2.07434870541,False,0.0637103025789,True,-0.044305531076699996,-0.0768812718237,-0.013170969244799997,True
16029,801,9,4.72198358095,False,0.061972443495300004,True,-0.038781656306199994,-0.06879874391219999,-0.006826300416859999,True
16030,801,10,2.03591774564,False,0.0603480888533,True,-0.0421056856269,-0.0719861666721,-0.011638077818799998,True
16031,801,11,1.46614799353,False,0.060538380945,True,-0.04392223610380001,-0.0721352115048,-0.011596830559799999,True
16032,801,12,0.816881397167,False,0.0586251058806,True,-0.0484308064497,-0.07715743420110001,-0.018532328320500002,True
16033,801,13,0.0696410737471,True,0.0591263549192,True,-0.056399110092299996,-0.0853649398803,-0.026238584961099997,True
16034,801,14,0.029374418889900004,True,0.059396727757500004,True,-0.0618888619494,-0.0913870889054,-0.0319903611479,True
16035,801,15,0.023504109699300002,True,0.05855182046059999,True,-0.0570333813167,-0.0866089067633,-0.028057086302700002,True
16036,801,16,0.13589147633600002,True,0.05809158018180001,True,-0.057795033344400004,-0.0867598523385,-0.028668272156700002,True
16037,801,17,0.073102703953,True,0.0550736115204,True,-0.060742382439800006,-0.08805643995410001,-0.0329828284337,True
16038,801,18,0.000160097037125,True,0.0538787975475,True,-0.0615928177379,-0.0881816124021,-0.0343028148547,True
16039,801,19,1.30963466337e-06,True,0.0560483382225,True,-0.061062945773,-0.08838011118460001,-0.0323317729622,True
16040,802,0,12.2974259099,False,0.13946435337899998,False,-0.054294021936800003,-0.124270324569,0.015194028810000001,False
16041,802,1,14.5265102219,False,0.101064382185,False,-0.0406464154686,-0.0918207410981,0.009243641086700002,False
16042,802,2,22.7779450968,False,0.089650499337,False,-0.030658225149500003,-0.0743067202998,0.0153437790372,False
16043,802,3,10.5873451058,False,0.08218656654960001,False,-0.0393822655235,-0.0798667852038,0.00231978134575,False
16044,802,4,5.46970031822,False,0.07423990989,True,-0.043600213946099996,-0.0816629272416,-0.00742301735157,True
16045,802,5,5.82396631617,False,0.0699375472513,True,-0.0403148252013,-0.0738150584264,-0.00387751117507,True
16046,802,6,3.9410537095800002,False,0.0659579073743,True,-0.0427633963767,-0.0764350434475,-0.010477136073200001,True
16047,802,7,4.54628698866,False,0.0654788829461,True,-0.040044465320800006,-0.07122244443039999,-0.00574356148435,True
16048,802,8,3.2894877824699997,False,0.0634085426167,True,-0.0420907438412,-0.0732143008246,-0.00980575820784,True
16049,802,9,0.322669585191,True,0.0609667452254,True,-0.050775407163000004,-0.0808463964562,-0.019879651230900002,True
16050,802,10,1.26348651028,False,0.0625571533107,True,-0.0472158888798,-0.0780911702737,-0.015534016963,True
16051,802,11,0.665406892011,False,0.05935200176580001,True,-0.050744336605599995,-0.0816027871231,-0.0222507853573,True
16052,802,12,0.17352737771200002,True,0.058679190515400007,True,-0.05528352320180001,-0.0834663561004,-0.024787165585,True
16053,802,13,0.34238238602700005,False,0.0564383918915,True,-0.051725187104,-0.08009613470860001,-0.023657742817,True
16054,802,14,0.226295785231,True,0.0582688685596,True,-0.053561617581900006,-0.08231372296799999,-0.024044854408400002,True
16055,802,15,0.10584230444399999,True,0.056750850319600005,True,-0.0581203843015,-0.0881405048636,-0.0313896545441,True
16056,802,16,0.0004436264138480001,True,0.057551580462499995,True,-0.0604822865139,-0.08863559216019999,-0.0310840116977,True
16057,802,17,0.000229561328348,True,0.0550233941177,True,-0.0662105460632,-0.0931172471259,-0.03809385300819999,True
16058,802,18,1.68729645722e-05,True,0.0568049365881,True,-0.06644326618480001,-0.0932500649713,-0.0364451283832,True
16059,802,19,1.52394208504e-05,True,0.055572605597,True,-0.0681137192319,-0.0946839268821,-0.0391113212852,True
16060,803,0,33.3567838946,False,0.141234881128,False,-0.00507692246428,-0.0738747479702,0.0673601331582,False
16061,803,1,12.4305620014,False,0.105209791291,False,-0.041999057358599996,-0.0934151569375,0.0117946343535,False
16062,803,2,21.6156559813,False,0.0863523100366,False,-0.0316813346941,-0.07798141292039999,0.008370897116270001,False
16063,803,3,13.274568072300001,False,0.0829021124609,False,-0.0372566307447,-0.08087913107910001,0.00202298138183,False
16064,803,4,0.903159385504,False,0.07516470183400001,True,-0.0571634287457,-0.09539881694150001,-0.0202341151076,True
16065,803,5,1.5320516706799998,False,0.0696473925026,True,-0.053200669674899996,-0.08787582672260001,-0.01822843422,True
16066,803,6,0.8647032161339999,False,0.0670502796996,True,-0.053627515169599994,-0.08892297265419999,-0.021872692954599995,True
16067,803,7,0.0072121121169599995,True,0.0636759924418,True,-0.059712174819800005,-0.09188123094049999,-0.0282052384986,True
16068,803,8,0.023327070896,True,0.06417502026050001,True,-0.0623271693109,-0.095552634063,-0.0313776138025,True
16069,803,9,0.028480695445500002,True,0.06064948394999999,True,-0.0682148148195,-0.0977825894437,-0.0371331054937,True
16070,803,10,7.320284393919999e-21,True,0.0609784726143,True,-0.0742624653593,-0.105488264723,-0.0445097921088,True
16071,803,11,1.4389653870700002e-12,True,0.0599039632873,True,-0.0767865860262,-0.10697977466499999,-0.047075811377300006,True
16072,803,12,5.65141546802e-21,True,0.0603752600844,True,-0.0762211948024,-0.10536904017200001,-0.044993780088,True
16073,803,13,7.089167641500002e-05,True,0.058452159383399996,True,-0.0760581944961,-0.104678454432,-0.046226295048699996,True
16074,803,14,2.58448415576e-26,True,0.055398157356900006,True,-0.0835133897405,-0.111281670482,-0.0558835131256,True
16075,803,15,1.11147480752e-37,True,0.0578331225151,True,-0.0880521981662,-0.117123951437,-0.059290828922100004,True
16076,803,16,8.654464435479997e-59,True,0.056499982893799996,True,-0.0916083947624,-0.119455487697,-0.0629555048032,True
16077,803,17,1.4874608362699997e-55,True,0.0573671746868,True,-0.09674388107149999,-0.125181063262,-0.06781388857540001,True
16078,803,18,9.614066858199999e-91,True,0.0564938453999,True,-0.101232536797,-0.127459391323,-0.07096554592339999,True
16079,803,19,7.21797736747e-72,True,0.055230182538599994,True,-0.100391732858,-0.12913494127,-0.07390475873119999,True
16080,804,0,14.2831462798,False,0.143451576963,False,-0.04718361367,-0.11824666640999999,0.0252049105535,False
16081,804,1,37.6364426695,False,0.102074857478,False,-0.019200365153200002,-0.0700893713052,0.031985486173000004,False
16082,804,2,43.93787728,False,0.09011219512700001,False,-0.0139716507207,-0.0606169193236,0.029495275803400004,False
16083,804,3,37.9563746985,False,0.0771424135397,True,-0.0207462300098,-0.058823138392699995,0.018319275147,False
16084,804,4,10.4807181982,False,0.0730932718575,True,-0.0374126359617,-0.0726038712028,0.000489400654659,False
16085,804,5,3.01822101272,False,0.0694861827688,True,-0.0448801367911,-0.0802006378124,-0.0107144550437,True
16086,804,6,4.50800934144,False,0.0675036728638,True,-0.0415238150372,-0.077165297767,-0.00966162490322,True
16087,804,7,0.474957516076,False,0.065368216355,True,-0.0529710743934,-0.08500307672679999,-0.0196348603718,True
16088,804,8,0.890685641731,False,0.06351471951399999,True,-0.049003146883,-0.0809891710516,-0.017474451537599998,True
16089,804,9,0.306793647013,True,0.0616431356336,True,-0.0519796767449,-0.0829880173066,-0.021344881673,True
16090,804,10,0.252565989223,True,0.058364868411,True,-0.0488982510671,-0.0767371600787,-0.0183722916677,True
16091,804,11,0.396867409531,False,0.0609836906322,True,-0.049334820924500006,-0.08036145267289999,-0.0193777620407,True
16092,804,12,0.0016241302156,True,0.0597676976107,True,-0.056554739753,-0.0874711683309,-0.027703470720199998,True
16093,804,13,0.07915889905989999,True,0.0572171541528,True,-0.05392270399119999,-0.0829502226574,-0.0257330685046,True
16094,804,14,0.00037694770330800004,True,0.058877689749400004,True,-0.0554757576286,-0.085487116619,-0.0266094268696,True
16095,804,15,0.000182099007513,True,0.0570050784908,True,-0.0612281947212,-0.08895761194499999,-0.0319525334543,True
16096,804,16,3.5040443159599998e-06,True,0.057610799681000004,True,-0.0676461580633,-0.0949345858377,-0.0373237861567,True
16097,804,17,2.2904935765700003e-09,True,0.0557199840888,True,-0.0699971970176,-0.0981626199226,-0.04244263583380001,True
16098,804,18,0.00032532173159099996,True,0.058154516486800006,True,-0.0705037259952,-0.0996311986995,-0.0414766822126,True
16099,804,19,2.91822514159e-05,True,0.0568943887084,True,-0.0675616255922,-0.0975741750761,-0.0406797863678,True
16100,805,0,0.715189253892,False,0.149221432423,False,-0.10610285672700001,-0.178254457375,-0.0290330249519,True
16101,805,1,0.271469099072,True,0.105213186601,False,-0.09101766141499999,-0.14431127612199998,-0.0390980895202,True
16102,805,2,3.60278368085,False,0.08749945136029999,False,-0.0502094086423,-0.0931330515539,-0.005633600193630001,True
16103,805,3,23.683557700100003,False,0.08055098960689999,False,-0.028009507596200002,-0.0694612716247,0.0110897179822,False
16104,805,4,22.537299601100003,False,0.0729404625846,True,-0.0281939526095,-0.0644531734335,0.00848728915113,False
16105,805,5,30.742554348600002,False,0.0708073302729,True,-0.023637111875299998,-0.0599496292423,0.010857701030700002,False
16106,805,6,16.4330446279,False,0.0656902414243,True,-0.030306120186999998,-0.061697095245099996,0.00399314617921,False
16107,805,7,0.7496135844830001,False,0.06260343889600001,True,-0.0518339672445,-0.08372592605660001,-0.0211224871606,True
16108,805,8,0.565216743838,False,0.065213541858,True,-0.0519241293117,-0.08396233513139999,-0.0187487932734,True
16109,805,9,0.0248538425354,True,0.0621998518416,True,-0.06167918353069999,-0.09065729405999999,-0.028457442218400002,True
16110,805,10,0.010174877147399999,True,0.061669086825900006,True,-0.0590089914095,-0.0921684207911,-0.0304993339652,True
16111,805,11,1.01412928777e-07,True,0.0602315604936,True,-0.0601003688801,-0.09158733943639999,-0.0313557789429,True
16112,805,12,0.0005502580213119999,True,0.058963429706499995,True,-0.0606444327474,-0.090227900375,-0.0312644706684,True
16113,805,13,9.93427714792e-07,True,0.0564344784686,True,-0.06618315411169999,-0.0945170080669,-0.03808252959819999,True
16114,805,14,0.107177232963,True,0.0584163793112,True,-0.0638627869507,-0.0931041475833,-0.034687768272099996,True
16115,805,15,0.0015078307321,True,0.057252951329999996,True,-0.0634723091672,-0.09079873498089999,-0.0335457836509,True
16116,805,16,2.88682152125e-13,True,0.0590788005205,True,-0.07046905274569999,-0.101370775729,-0.042291975208599994,True
16117,805,17,5.78854019603e-17,True,0.0571357468624,True,-0.07188126107130001,-0.100307411613,-0.0431716647501,True
16118,805,18,3.92571565417e-18,True,0.0567955707914,True,-0.0689064876758,-0.09915318829219999,-0.042357617500800006,True
16119,805,19,0.0466505636422,True,0.0550507301131,True,-0.058663211294999996,-0.0842700864853,-0.0292193563722,True
16120,806,0,28.055911421399998,False,0.139077895161,False,0.0231729768105,-0.0432395968241,0.09583829833650001,False
16121,806,1,23.552464516100002,False,0.10663967547900001,False,-0.031244833996,-0.0864396823972,0.020199993081900004,False
16122,806,2,1.57376928486,False,0.0852076823993,False,-0.06049043231790001,-0.103002579503,-0.017794897103799997,True
16123,806,3,2.42935073899,False,0.079810482542,True,-0.05262218008859999,-0.09218756966610002,-0.0123770871242,True
16124,806,4,0.005226445300350001,True,0.0703639013277,True,-0.0652746552033,-0.09937894950930001,-0.029015048181599997,True
16125,806,5,0.251162039472,True,0.07155233428550001,True,-0.06398468566150001,-0.09998732308620001,-0.0284349888007,True
16126,806,6,0.000111053102926,True,0.0664861227944,True,-0.0689721360047,-0.10275858487,-0.0362724620761,True
16127,806,7,7.509398149510001e-09,True,0.065181667326,True,-0.0695359305087,-0.0989031398594,-0.0337214725334,True
16128,806,8,0.000121632535502,True,0.06420133049219999,True,-0.0713481079973,-0.10415200961400001,-0.0399506791215,True
16129,806,9,8.43904544331e-05,True,0.0625955249348,True,-0.07212816384910001,-0.10357754872000001,-0.040982023785599994,True
16130,806,10,7.6398114738e-08,True,0.0606914833515,True,-0.07151447172849999,-0.10111473705499999,-0.040423253703099994,True
16131,806,11,0.00202685245534,True,0.0581126156494,True,-0.0656717830189,-0.09583780137810001,-0.0377251857287,True
16132,806,12,0.0127997670358,True,0.0603518334127,True,-0.0655877409811,-0.0971233884262,-0.036771555013599994,True
16133,806,13,0.07974588725060001,True,0.0602224305948,True,-0.0737618079132,-0.10210571564200001,-0.041883285047499996,True
16134,806,14,0.055079617450299996,True,0.058241569339500004,True,-0.0726269706218,-0.10095990173399999,-0.0427183323941,True
16135,806,15,5.4323999731e-18,True,0.05764083130869999,True,-0.0759899834075,-0.10500726585100001,-0.0473664345424,True
16136,806,16,1.8456799293099996e-15,True,0.0555431729132,True,-0.0723723810436,-0.0997771258977,-0.044233952984499995,True
16137,806,17,2.42210511161e-17,True,0.057159196484500005,True,-0.0748686635146,-0.103775183123,-0.0466159866383,True
16138,806,18,8.488997482170001e-17,True,0.05774224644169999,True,-0.07710246839599999,-0.107293759496,-0.049551513054200004,True
16139,806,19,2.5355761588000003e-11,True,0.05668057160730001,True,-0.07623130944539999,-0.103625186844,-0.0469446152365,True
16140,807,0,30.677025404299997,False,0.146340990965,False,-0.0168328988755,-0.0901613389955,0.0561796519698,False
16141,807,1,35.444896829099996,False,0.104345142512,False,-0.0198211575627,-0.07214289263530001,0.0322022498763,False
16142,807,2,53.465636593,False,0.087891630482,False,-0.00163765210655,-0.0452275368115,0.042664093670499996,False
16143,807,3,40.9026402991,False,0.07986533848289999,True,-0.0178054960782,-0.0572889520142,0.022576386468700003,False
16144,807,4,13.8596545728,False,0.0707738656596,True,-0.033497326359599996,-0.0672590151523,0.00351485050737,False
16145,807,5,19.1595457699,False,0.0714491832352,True,-0.0296859816722,-0.0661136186693,0.005335564565890001,False
16146,807,6,24.932077655100002,False,0.0663940291611,True,-0.025782593408499997,-0.0603144688905,0.00607956027057,False
16147,807,7,11.7750143422,False,0.0645040662532,True,-0.0324864779392,-0.0650386295511,-0.000534563297905,True
16148,807,8,41.4841461155,False,0.0655367102274,True,-0.0181998120715,-0.0524146801081,0.0131220301193,False
16149,807,9,25.4869891325,False,0.060315776854099994,True,-0.0238799765795,-0.054069622883599996,0.006246153970539999,False
16150,807,10,9.61118659265,False,0.0596409380652,True,-0.031638713799999996,-0.061326597088,-0.0016856590228499998,True
16151,807,11,7.850103231419999,False,0.058959594321900004,True,-0.0337915001313,-0.0646297081935,-0.00567011387157,True
16152,807,12,2.8877173897799997,False,0.059956059216599994,True,-0.0400432075463,-0.06882692044139999,-0.00887086122487,True
16153,807,13,1.49749747942,False,0.0577475322013,True,-0.043553140453500006,-0.07303879210769999,-0.0152912599064,True
16154,807,14,0.352255164499,False,0.05850309104280001,True,-0.0501174193444,-0.0802175551084,-0.0217144640656,True
16155,807,15,0.0038249908552899997,True,0.0570541121645,True,-0.0562042731422,-0.0837720307583,-0.0267179185938,True
16156,807,16,0.00011405804037,True,0.0557491694728,True,-0.0633053756926,-0.0924356662019,-0.036686496729,True
16157,807,17,0.15528746227600002,True,0.05624215914319999,True,-0.0606593029511,-0.0899296491229,-0.033687489979699996,True
16158,807,18,5.4432528279999996e-05,True,0.0562735989169,True,-0.0607117798267,-0.08691164555389999,-0.0306380466371,True
16159,807,19,7.2916029751800005e-06,True,0.0563506215618,True,-0.0585352544909,-0.0846071486585,-0.028256527096700002,True
16160,808,0,30.9091141388,False,0.14258899979599998,False,-0.018541368745099998,-0.0903498141387,0.052239185657599996,False
16161,808,1,4.634371348219999,False,0.100933111344,False,-0.05805001314159999,-0.107856645135,-0.006923533791330001,True
16162,808,2,1.73349087035,False,0.0888949541591,False,-0.060884848378800004,-0.105459113523,-0.0165641593639,True
16163,808,3,2.7172799263300003,False,0.08043115454960001,False,-0.050686920677500004,-0.09117437299799999,-0.0107432184484,True
16164,808,4,3.22991840516,False,0.07173398164410001,True,-0.046529605913000004,-0.08083665467989999,-0.00910267303578,True
16165,808,5,2.03967029027,False,0.0700194253851,True,-0.048026290758300005,-0.0819937338584,-0.0119743084734,True
16166,808,6,17.666332133,False,0.0668636237873,True,-0.029327501044400003,-0.063352831778,0.0035107920092800004,False
16167,808,7,13.089728089000001,False,0.0625232263804,True,-0.030538939593700003,-0.0627563043714,-0.00023307799100099998,True
16168,808,8,4.24260292399,False,0.0630567286632,True,-0.0398291798032,-0.07302372588339999,-0.00996699722017,True
16169,808,9,0.366854816179,False,0.06356158618800001,True,-0.050123184588000004,-0.08216192402000001,-0.018600337831999998,True
16170,808,10,0.022978189894699998,True,0.06066687144780001,True,-0.0567949489396,-0.0854277249748,-0.024760853527000002,True
16171,808,11,0.592467061439,False,0.060620748505300005,True,-0.051326968665699996,-0.0819769162728,-0.021356167767500003,True
16172,808,12,0.651553605425,False,0.058451757917,True,-0.0488985933754,-0.07801455644189999,-0.0195627985249,True
16173,808,13,0.770466848532,False,0.059332011479,True,-0.0478281989425,-0.0768021182937,-0.017470106814599998,True
16174,808,14,0.263615237065,True,0.05884002016369999,True,-0.05101206576259999,-0.08082777715919999,-0.0219877569955,True
16175,808,15,7.33390436429e-05,True,0.058711728914099995,True,-0.056586382327300004,-0.08447194864469999,-0.025760219730599998,True
16176,808,16,3.20058647551e-05,True,0.0577671520412,True,-0.062690336686,-0.09249978019999999,-0.0347326281588,True
16177,808,17,0.22578432859,True,0.0586397273446,True,-0.059143387961,-0.08981146384060001,-0.0311717364959,True
16178,808,18,0.0176735214044,True,0.05710873792500001,True,-0.057022463658400004,-0.0858924803545,-0.0287837424295,True
16179,808,19,0.11295237832800001,True,0.0580782350189,True,-0.0580252644927,-0.0863788975736,-0.028300662554700002,True
16180,809,0,31.8543371161,False,0.140387688724,False,-0.013557842230200002,-0.08481396505960001,0.0555737236649,False
16181,809,1,39.2403703713,False,0.10352974876900001,False,-0.0160512630115,-0.0656224204397,0.037907328329,False
16182,809,2,47.3945508571,False,0.0882481883315,False,-0.012527311452600002,-0.05746382948459999,0.030784358847,False
16183,809,3,53.9893036803,False,0.078586960486,True,-0.0087079139345,-0.0483949971604,0.0301919633256,False
16184,809,4,22.2727043436,False,0.0735355101815,True,-0.027303186171,-0.06199542023059999,0.0115400899509,False
16185,809,5,18.5013884649,False,0.0692446253033,True,-0.029261119837799998,-0.0656075778625,0.0036370474408000003,False
16186,809,6,14.582678876800001,False,0.06746336847180001,True,-0.0322769483007,-0.0658979284999,0.0015654399718399998,False
16187,809,7,10.849216727,False,0.06496198924100001,True,-0.0327392855985,-0.06409810346559999,0.000863885775327,False
16188,809,8,8.031056846110001,False,0.0621937003835,True,-0.034300865576299994,-0.0665918707622,-0.004398170378689999,True
16189,809,9,0.776597512298,False,0.0604132418353,True,-0.04546257048780001,-0.0757854507956,-0.0153722089603,True
16190,809,10,1.30008557124,False,0.0612315886165,True,-0.047373034093000005,-0.0768346426436,-0.015603054027,True
16191,809,11,1.34048664049,False,0.0619279214774,True,-0.0476567718086,-0.07892642814739999,-0.0169985066699,True
16192,809,12,0.0239159556005,True,0.0595282312763,True,-0.0519243683044,-0.0817990864624,-0.022270855186099996,True
16193,809,13,0.158803979682,True,0.059319833333099994,True,-0.0502883359966,-0.0803526092505,-0.0210327759174,True
16194,809,14,0.8403966036470001,False,0.0576251863189,True,-0.048446565739400003,-0.0787755129428,-0.0211503266239,True
16195,809,15,0.05663470977530001,True,0.0559375060451,True,-0.0538349408548,-0.08158712431760001,-0.0256496182725,True
16196,809,16,0.560992313718,False,0.0563115112143,True,-0.043543639279,-0.0706413900461,-0.014329878831700001,True
16197,809,17,2.05054888162,False,0.057283586854699996,True,-0.040944282032699994,-0.0701262275632,-0.0128426407085,True
16198,809,18,1.6514339568,False,0.0573410967174,True,-0.04079841025619999,-0.070248532492,-0.0129074357746,True
16199,809,19,0.294900149576,True,0.057423925576400005,True,-0.049692856458400006,-0.0778792292325,-0.0204553036561,True
16200,810,0,6.643468059550001,False,0.14679917488,False,-0.0684336174125,-0.143581793817,0.0032173810636500003,False
16201,810,1,5.48476796824,False,0.105658348192,False,-0.0585144134179,-0.108260415208,-0.00260206701579,True
16202,810,2,2.41659876528,False,0.08883912585510001,False,-0.0579222225851,-0.10229085792000002,-0.013451732065299999,True
16203,810,3,2.5333116980000003,False,0.0785357243149,True,-0.0521003750167,-0.09282020894160001,-0.014284484626700001,True
16204,810,4,6.75867990007,False,0.07572483844899999,True,-0.0413044828901,-0.0793633078336,-0.00363846938457,True
16205,810,5,1.29472171926,False,0.06915145255689999,True,-0.050872346414800006,-0.0870116078661,-0.0178601553092,True
16206,810,6,0.370067162261,False,0.068542494046,True,-0.0574245656188,-0.0896574782733,-0.021114984227299998,True
16207,810,7,0.310640044359,True,0.06386145332519999,True,-0.057851875129,-0.09050106136389999,-0.0266396080387,True
16208,810,8,0.147210261558,True,0.0623836967795,True,-0.0647957031742,-0.09689932964299999,-0.034515632863500005,True
16209,810,9,0.0540613239926,True,0.060641861958599996,True,-0.061311248932999995,-0.0924157554525,-0.0317738934939,True
16210,810,10,0.44854607828500004,False,0.0611284837753,True,-0.0587195458729,-0.0898271934603,-0.028698709685,True
16211,810,11,2.0010263323900004,False,0.059893971333800006,True,-0.042766938335999996,-0.0738608490948,-0.013966877760999998,True
16212,810,12,0.306832535852,True,0.055879816390399996,True,-0.052403848275800004,-0.07964202630030001,-0.023762209909900002,True
16213,810,13,0.22008804476500002,True,0.0578240132565,True,-0.0527689085534,-0.0833572544231,-0.0255332411666,True
16214,810,14,0.463615319628,False,0.057146222343,True,-0.0461467201994,-0.07745905130149999,-0.0203128289585,True
16215,810,15,0.484862597159,False,0.05753641826309999,True,-0.050436641879,-0.079217238484,-0.0216808202209,True
16216,810,16,0.484799818025,False,0.0565801405963,True,-0.0488001574525,-0.0761444838876,-0.0195643432914,True
16217,810,17,0.0492948645687,True,0.056026297948699996,True,-0.055260075303800005,-0.0826481494796,-0.0266218515308,True
16218,810,18,0.13657186780799999,True,0.0573326370462,True,-0.0575632813128,-0.086056505309,-0.0287238682628,True
16219,810,19,0.16211280342,True,0.056790978840800005,True,-0.049477908983199995,-0.07752818861960001,-0.0207372097788,True
16220,811,0,33.9854573325,False,0.141424383006,False,-0.0105748601709,-0.0782492843404,0.0631750986658,False
16221,811,1,43.2029651653,False,0.10355092001,False,-0.00714478175632,-0.0596545127655,0.0438964072441,False
16222,811,2,54.2576298332,False,0.09010101494650001,False,-0.00614886033591,-0.0511392572219,0.038961757724699994,False
16223,811,3,57.2764645947,False,0.0808947169618,False,-0.0022054184957399996,-0.044923600315899995,0.035971116645900005,False
16224,811,4,62.2024404259,False,0.073268021972,True,-0.00503131186578,-0.041304097835,0.0319639241371,False
16225,811,5,47.7634896543,False,0.06811935387319999,True,-0.0145158245071,-0.049108205067800004,0.0190111488053,False
16226,811,6,57.245119494799994,False,0.0676377596723,True,-0.0113449267053,-0.0457009632054,0.021936796467,False
16227,811,7,21.698762874499998,False,0.0630313587025,True,-0.0268532075032,-0.0592468960819,0.00378446262062,False
16228,811,8,24.8791672463,False,0.0655500015936,True,-0.0242140067844,-0.05845347068,0.007096530913569999,False
16229,811,9,17.2031657362,False,0.06098515350380001,True,-0.027010870955699998,-0.0575123500346,0.00347280346915,False
16230,811,10,7.8352119611,False,0.060358427180699996,True,-0.033645215064,-0.0643462183793,-0.00398779119856,True
16231,811,11,1.8721405106400002,False,0.059309596906,True,-0.0446592791295,-0.07358476058360001,-0.0142751636776,True
16232,811,12,0.562118590813,False,0.0596490761252,True,-0.0473031191103,-0.07840460753539999,-0.0187555314102,True
16233,811,13,0.280250961166,True,0.057297272856199996,True,-0.0559536943551,-0.0859236255629,-0.0286263527067,True
16234,811,14,0.024562915892500002,True,0.058013094567999995,True,-0.0564040449861,-0.0859838476538,-0.0279707530858,True
16235,811,15,9.27801284354e-05,True,0.0589370697475,True,-0.0608654436255,-0.0896934129695,-0.030756343221999997,True
16236,811,16,0.0011276764829000001,True,0.0590384173291,True,-0.060197837806299996,-0.09024612986310002,-0.031207712533900003,True
16237,811,17,0.0032866600687800006,True,0.056078737790800005,True,-0.06083122727530001,-0.08970381644469999,-0.0336250786539,True
16238,811,18,0.000141258368716,True,0.056478687484800005,True,-0.060501670909,-0.0893006664297,-0.0328219789448,True
16239,811,19,0.044362038627699996,True,0.0553104796746,True,-0.0563609855798,-0.0833215580223,-0.0280110783477,True
16240,812,0,15.903752776900001,False,0.143746302255,False,-0.0452541522623,-0.119893254978,0.023853047277799997,False
16241,812,1,0.0517872997793,True,0.10716112535399999,False,-0.0966231252737,-0.15020359308,-0.04304246772630001,True
16242,812,2,0.0302133144751,True,0.08892367069630001,False,-0.0859104931138,-0.128981856827,-0.0400581861304,True
16243,812,3,0.00166753696981,True,0.0792717519338,True,-0.088587646436,-0.129037590939,-0.0497658390047,True
16244,812,4,0.021493860021099997,True,0.07322193161389999,True,-0.07037456675369999,-0.107550236846,-0.0343283052319,True
16245,812,5,0.0110141292458,True,0.06921485129260001,True,-0.0657639678038,-0.09996324595069998,-0.0307483946581,True
16246,812,6,1.1891171231,False,0.0688285210239,True,-0.050139714883399994,-0.0825328156873,-0.0137042946634,True
16247,812,7,0.736982338342,False,0.06425963331159999,True,-0.0496117802864,-0.080812179367,-0.0165525460554,True
16248,812,8,0.63081180308,False,0.0635945530794,True,-0.0515575372949,-0.08337201641910001,-0.0197774633397,True
16249,812,9,1.1451996690200001,False,0.06240510006990001,True,-0.0470233991286,-0.07768758840039999,-0.015282488330500001,True
16250,812,10,0.890161578195,False,0.0605074878665,True,-0.04896399845340001,-0.0782891966443,-0.017781708777799998,True
16251,812,11,0.599005706065,False,0.0589204060475,True,-0.0510005672966,-0.0803937691235,-0.021473363076,True
16252,812,12,0.28152735700599996,True,0.056862292258400005,True,-0.04877922167780001,-0.0758530613177,-0.0189907690593,True
16253,812,13,1.32164441915,False,0.058771833254000004,True,-0.0449899775253,-0.0737177231884,-0.014945889934399999,True
16254,812,14,0.48993060701700003,False,0.0575203251643,True,-0.047995140258300005,-0.0771286402943,-0.01960831513,True
16255,812,15,0.0469710561417,True,0.0574448141493,True,-0.0520362355898,-0.08095091578630001,-0.023506101637,True
16256,812,16,0.20764888217799998,True,0.058287630368,True,-0.0535773660365,-0.0821973233577,-0.0239096929898,True
16257,812,17,0.102861920651,True,0.05620708516509999,True,-0.0605809218028,-0.0897998572663,-0.0335927721012,True
16258,812,18,0.00016864441831200002,True,0.05772227048169999,True,-0.0661590509685,-0.095454535182,-0.0377322647002,True
16259,812,19,8.22069563295e-15,True,0.056249140612,True,-0.0729358724172,-0.10117855197999999,-0.044929411368199994,True
16260,813,0,19.3695817799,False,0.143448187804,False,-0.037171325592199995,-0.10683525880799999,0.0366129289961,False
16261,813,1,22.4489031646,False,0.101415257249,False,-0.0320610824902,-0.079459930941,0.0219553263084,False
16262,813,2,14.480642565799998,False,0.0881642154648,False,-0.0369878240688,-0.08291313226239999,0.00525108320238,False
16263,813,3,32.51793795,False,0.0833044729877,False,-0.0233178095438,-0.06358119145169999,0.019723281536,False
16264,813,4,12.936914619400001,False,0.07372033688969999,True,-0.0347135232337,-0.0716483457553,0.00207199113443,False
16265,813,5,9.9521499023,False,0.0724726178633,True,-0.036843798154599997,-0.07300815597469999,-0.000535538111425,True
16266,813,6,5.2491667505,False,0.0701819130476,True,-0.0408975483587,-0.07850044865019999,-0.00831853560261,True
16267,813,7,9.48753195332,False,0.0662727889915,True,-0.0357407318585,-0.0681579592959,-0.0018851703043699997,True
16268,813,8,6.08539424244,False,0.0627304806039,True,-0.0362681116871,-0.06717011926519999,-0.00443963866123,True
16269,813,9,1.66683922442,False,0.0628696984101,True,-0.0451832277785,-0.0775155126221,-0.0146458142121,True
16270,813,10,1.77826415355,False,0.0618649284259,True,-0.0422436884456,-0.0727432601225,-0.010878331696600001,True
16271,813,11,0.769343682151,False,0.0614706504935,True,-0.0484268246041,-0.07876327736269999,-0.0172926268692,True
16272,813,12,0.018401649337900002,True,0.058549851550900006,True,-0.057872952772900006,-0.0866226201482,-0.028072768597300003,True
16273,813,13,2.70881058625e-07,True,0.058311015890600004,True,-0.0669227679017,-0.0955200006896,-0.037208984799,True
16274,813,14,3.34427022843e-08,True,0.0566300672717,True,-0.06943691824210001,-0.09722620476800001,-0.040596137496300005,True
16275,813,15,9.34721943877e-15,True,0.0577191218338,True,-0.069722913335,-0.09668324170980001,-0.038964119876,True
16276,813,16,1.02431721962e-17,True,0.0580172704151,True,-0.0719655411862,-0.101597885075,-0.043580614659599996,True
16277,813,17,3.60144479029e-11,True,0.0552681380246,True,-0.0694896580751,-0.09648261072349999,-0.041214472698800006,True
16278,813,18,0.104050623176,True,0.0570952203281,True,-0.068160856484,-0.09589120760730001,-0.038795987279199994,True
16279,813,19,5.2802475420899997e-17,True,0.0555776207223,True,-0.0722308841598,-0.0992596904029,-0.0436820696806,True
16280,814,0,1.8952152594299998,False,0.13578018421,False,-0.0853783672188,-0.152643434835,-0.0168632506244,True
16281,814,1,3.9875988648400003,False,0.101786168608,False,-0.0593373881293,-0.108729022124,-0.0069428535166400004,True
16282,814,2,10.8208148165,False,0.0890386855194,False,-0.042211975773900005,-0.0861948940758,0.0028437914436199997,False
16283,814,3,2.32329509334,False,0.0798097621573,True,-0.053275906810300006,-0.093426277809,-0.0136165156516,True
16284,814,4,2.0606800807099996,False,0.07476875821330001,True,-0.0506055750429,-0.0869632054617,-0.0121944472485,True
16285,814,5,17.3569784468,False,0.0688707364123,True,-0.029303341907599995,-0.06428004644589999,0.004590689966399999,False
16286,814,6,9.36379998734,False,0.0683472211827,True,-0.0352222574853,-0.06869782504750001,-0.00035060386471099996,True
16287,814,7,3.52768562263,False,0.0644379806377,True,-0.0420994658516,-0.07419749234089999,-0.00975951170325,True
16288,814,8,3.45446535193,False,0.0625167823539,True,-0.0414091290108,-0.0739380103725,-0.0114212280186,True
16289,814,9,0.8625227249299998,False,0.06276871836930001,True,-0.0487490745638,-0.079828324874,-0.0170596065047,True
16290,814,10,0.030122776320400002,True,0.062370304505,True,-0.0599909889004,-0.08917664365,-0.026806339145,True
16291,814,11,3.21517679602e-05,True,0.060968194844000005,True,-0.06880941006249999,-0.0982808779559,-0.0373126831119,True
16292,814,12,4.218894008480001e-06,True,0.0599361779921,True,-0.0781820549237,-0.10631984264599999,-0.046383664654099994,True
16293,814,13,3.6629325035799997e-23,True,0.056841989707399995,True,-0.0760095689569,-0.105228744002,-0.0483867542947,True
16294,814,14,5.54220005901e-09,True,0.0562345214105,True,-0.0745554352652,-0.102125734062,-0.0458912126519,True
16295,814,15,0.0030163360505300004,True,0.0567205001282,True,-0.07532008757669999,-0.10550466458499999,-0.0487841644566,True
16296,814,16,2.32639073119e-28,True,0.0562549958794,True,-0.080408723662,-0.107672633344,-0.0514176374642,True
16297,814,17,4.23786703998e-10,True,0.057033290428999996,True,-0.080052624614,-0.108325912502,-0.051292622073,True
16298,814,18,5.8450466137199995e-08,True,0.0579458081277,True,-0.0729057307945,-0.10254020203700001,-0.0445943939094,True
16299,814,19,3.6633727705999997e-28,True,0.056091175356800006,True,-0.0795167479902,-0.107889861323,-0.0517986859667,True
16300,815,0,34.040995525,False,0.136356405481,False,0.010693031100899999,-0.059800851088800004,0.07655555439180001,False
16301,815,1,45.830947383,False,0.103074647524,False,-0.0021518313212800003,-0.0523834786921,0.05069116883230001,False
16302,815,2,54.3010565525,False,0.08747467859689999,False,-0.00454148841399,-0.0502800579885,0.0371946206084,False
16303,815,3,52.18202045979999,False,0.0787812864306,True,-0.0125204070029,-0.0513369225618,0.0274443638688,False
16304,815,4,36.1605772808,False,0.0762468496374,True,-0.0211715512678,-0.057979840210100005,0.0182670094273,False
16305,815,5,44.401973615699994,False,0.06877623461889999,True,-0.0171336679662,-0.051523930032199995,0.0172523045867,False
16306,815,6,42.094029959000004,False,0.0676485420809,True,-0.0185154004294,-0.0523825769629,0.015265965118,False
16307,815,7,40.6648488041,False,0.06343990008780001,True,-0.0183716990697,-0.0498877665919,0.0135521334959,False
16308,815,8,37.5166829201,False,0.062195912879999996,True,-0.019377903405900003,-0.049625908944499995,0.012570003935499998,False
16309,815,9,14.4335748866,False,0.0613346005146,True,-0.030002534843700003,-0.0599153099275,0.00141929058716,False
16310,815,10,11.2338889694,False,0.0587698488554,True,-0.0316854661711,-0.0603084682642,-0.00153861940882,True
16311,815,11,20.4767319675,False,0.059496015370300005,True,-0.026375457669900005,-0.0554549328471,0.00404108252322,False
16312,815,12,4.853011047830001,False,0.0589047142172,True,-0.0355442667501,-0.0641831578145,-0.00527844359731,True
16313,815,13,3.46504786359,False,0.058289983442,True,-0.0385353493863,-0.0685345797781,-0.0102445963361,True
16314,815,14,0.579297361891,False,0.0570208542971,True,-0.0450385362802,-0.07487337363549999,-0.0178525193384,True
16315,815,15,1.06610597026,False,0.0580296524493,True,-0.0442593353226,-0.07412413476539999,-0.0160944823161,True
16316,815,16,0.739820468893,False,0.056672334829,True,-0.0450805858,-0.07466762871799999,-0.017995293888999998,True
16317,815,17,0.308482265587,True,0.056949325491899995,True,-0.0486324353045,-0.0750523254306,-0.0181029999387,True
16318,815,18,0.9844640189749999,False,0.054721317778900005,True,-0.0450279643494,-0.0722890963414,-0.0175677785625,True
16319,815,19,0.318221854895,True,0.05553127496169999,True,-0.0462513180131,-0.0759178750437,-0.020386600082000002,True
16320,816,0,0.885186739543,False,0.14631607195000002,False,-0.100769855967,-0.179938531088,-0.0336224591383,True
16321,816,1,0.609892631899,False,0.105360217628,False,-0.0834180120401,-0.132203451205,-0.0268432335763,True
16322,816,2,0.336504065137,False,0.0866227945393,False,-0.0741598286072,-0.116603178687,-0.0299803841476,True
16323,816,3,0.676763338541,False,0.0796068274903,True,-0.0656426539315,-0.10523703187000001,-0.0256302043795,True
16324,816,4,0.35672569613300004,False,0.0729723512232,True,-0.059512302862900004,-0.09661649514830001,-0.023644143925099996,True
16325,816,5,0.659829637767,False,0.0714049313605,True,-0.0588675477238,-0.0923533022972,-0.020948370936599996,True
16326,816,6,0.264056737896,True,0.0680780211165,True,-0.059854946597400004,-0.095480905476,-0.027402884359499998,True
16327,816,7,0.134545605925,True,0.065375130998,True,-0.0602998129179,-0.09468611441089998,-0.029310983412900005,True
16328,816,8,0.121080366521,True,0.0647729534408,True,-0.0613107103182,-0.09238555156339999,-0.0276125981226,True
16329,816,9,0.000225945146913,True,0.06313406580849999,True,-0.0642400065946,-0.0957797996673,-0.032645733858699996,True
16330,816,10,0.0199371819402,True,0.0614529614084,True,-0.060296707132099996,-0.0903525540395,-0.028899592631200004,True
16331,816,11,0.10318022861199999,True,0.0584792679106,True,-0.0596380996117,-0.08907575309480001,-0.030596485184200002,True
16332,816,12,0.00040142015047300004,True,0.0584529576346,True,-0.05926454869659999,-0.0889559945419,-0.0305030369073,True
16333,816,13,0.03774350952180001,True,0.0579814933823,True,-0.057516823801400004,-0.0881001284842,-0.030118635101900004,True
16334,816,14,0.12934660384899999,True,0.0564344981411,True,-0.053760129350699994,-0.0817749746753,-0.025340476534099998,True
16335,816,15,0.10611415503499999,True,0.056093487150999995,True,-0.0586478459364,-0.0858303204555,-0.0297368333045,True
16336,816,16,0.00150157176683,True,0.058194337008300005,True,-0.0599524136459,-0.08850227576030001,-0.030307938752099996,True
16337,816,17,0.139174044078,True,0.05386360113080001,True,-0.057423871127399995,-0.08422818806700001,-0.0303645869361,True
16338,816,18,0.000364992937636,True,0.0561786446009,True,-0.057857741739400004,-0.086309277789,-0.030130633188099998,True
16339,816,19,0.0417396890128,True,0.0553509917235,True,-0.0498234347531,-0.0787946186288,-0.023443626905299997,True
16340,817,0,4.81837122579,False,0.14391803702199998,False,-0.07203851544960001,-0.142374705135,0.0015433318878199998,False
16341,817,1,17.515812189800002,False,0.104335698674,False,-0.0367026012286,-0.0866680980465,0.0176676006276,False
16342,817,2,4.56460328837,False,0.090028400337,False,-0.0513606674092,-0.09352879403030001,-0.00350039369333,True
16343,817,3,1.7626036867700001,False,0.0777126718052,True,-0.0543457271175,-0.09323604455219998,-0.015523372746999999,True
16344,817,4,2.0652191575599996,False,0.0741864764762,True,-0.04986511175319999,-0.0886135261354,-0.014427049659200001,True
16345,817,5,2.46221065732,False,0.0669608653067,True,-0.0470558889037,-0.07919340212050001,-0.0122325368138,True
16346,817,6,0.302007438279,True,0.0650729972919,True,-0.058447311803599994,-0.08812543654760001,-0.0230524392557,True
16347,817,7,0.25019948677,True,0.06440529775550001,True,-0.05830400123769999,-0.091158807964,-0.0267535102085,True
16348,817,8,0.159877839477,True,0.0624783982524,True,-0.06113462843169999,-0.0916819708416,-0.0292035725892,True
16349,817,9,1.1490658453199999e-07,True,0.0624934939162,True,-0.0715580424531,-0.10105358858100001,-0.03856009466430001,True
16350,817,10,0.0121817425169,True,0.0589070844854,True,-0.0681391001839,-0.0981366125516,-0.039229528066199996,True
16351,817,11,0.0191715439002,True,0.0625184566206,True,-0.0674772429329,-0.0978401638785,-0.0353217072579,True
16352,817,12,2.86693219702e-06,True,0.059038730135,True,-0.07448450092969999,-0.10268082985999999,-0.043642099725,True
16353,817,13,0.060452369287800005,True,0.0591561482418,True,-0.0725791019217,-0.10195254485300001,-0.04279639661159999,True
16354,817,14,6.670194328789999e-14,True,0.056844007328000004,True,-0.079756730008,-0.10820475802000001,-0.0513607506922,True
16355,817,15,2.49171950089e-18,True,0.05901315725740001,True,-0.0810709651027,-0.10998238092700001,-0.050969223670100004,True
16356,817,16,1.1425520651399997e-34,True,0.0566739994428,True,-0.08614076899910002,-0.115245270736,-0.058571271292900004,True
16357,817,17,4.8261974987999997e-26,True,0.0540582846622,True,-0.0882658287617,-0.114995437621,-0.060937152958699996,True
16358,817,18,6.86069102047e-51,True,0.055172642014199996,True,-0.09334137396350001,-0.120719278084,-0.06554663606990001,True
16359,817,19,1.0773707081699998e-54,True,0.055639645242,True,-0.09541451977260001,-0.124338315299,-0.0686986700574,True
16360,818,0,33.957582219,False,0.141465511272,False,-0.005986273454529999,-0.07529163434939999,0.06617387692269999,False
16361,818,1,24.2626419658,False,0.10427631529999999,False,-0.0305717971103,-0.0841003280516,0.020175987248,False
16362,818,2,10.3760740038,False,0.0871332357322,False,-0.0413443664107,-0.0843705353864,0.00276270034582,False
16363,818,3,4.19605363032,False,0.07763450336130001,True,-0.0472664722887,-0.0866479426017,-0.009013439240379999,True
16364,818,4,1.1810632103399998,False,0.07381843553239999,True,-0.0575095478461,-0.0968011174601,-0.022982681927799998,True
16365,818,5,0.0772489225059,True,0.0682345820252,True,-0.0700123480979,-0.10556912573999999,-0.0373345437144,True
16366,818,6,0.267088987959,True,0.066034662595,True,-0.061953697663000004,-0.0961778960621,-0.030143233467099996,True
16367,818,7,0.0017782270288299999,True,0.0634333927579,True,-0.061566920421199996,-0.0923310247378,-0.028897631980000005,True
16368,818,8,0.495273614461,False,0.0647035584577,True,-0.053930126746699995,-0.08630786259130001,-0.021604304133599997,True
16369,818,9,0.289910489129,True,0.060867763506,True,-0.0538144445636,-0.08453814406749999,-0.0236703805615,True
16370,818,10,0.104152354813,True,0.060902721123800005,True,-0.0611491998601,-0.0922837375392,-0.031381016415400004,True
16371,818,11,0.0015352963422100002,True,0.058682120361099994,True,-0.0601518541555,-0.08882527878039999,-0.0301431584193,True
16372,818,12,0.157717733412,True,0.059402839481199995,True,-0.0573106035445,-0.08801198142160001,-0.0286091419404,True
16373,818,13,0.0015861521547600001,True,0.0616155338754,True,-0.0609602513621,-0.0906232927108,-0.029007758835400004,True
16374,818,14,8.41887502323e-05,True,0.0588385931823,True,-0.0637656601854,-0.09272964193489999,-0.033891048752599996,True
16375,818,15,6.943508241e-20,True,0.059414021898,True,-0.07339291592330001,-0.0999848808821,-0.040570858984199994,True
16376,818,16,5.72217288998e-12,True,0.057648716233900006,True,-0.071915715242,-0.100860439757,-0.0432117235235,True
16377,818,17,2.1500551574099999e-16,True,0.055586247302699995,True,-0.0689473215918,-0.0967047674561,-0.0411185201534,True
16378,818,18,2.01451947819e-07,True,0.057450299159399996,True,-0.0718440924616,-0.09829166021819999,-0.0408413610588,True
16379,818,19,9.74749472768e-12,True,0.0561149620213,True,-0.0684372637263,-0.09537646579569999,-0.0392615037744,True
16380,819,0,1.7302823948,False,0.139685118428,False,-0.0892583741453,-0.160109218694,-0.020424100266,True
16381,819,1,2.78368659834,False,0.10596298542999999,False,-0.0670319518441,-0.121419818182,-0.0154568327515,True
16382,819,2,2.76661951759,False,0.0889941397275,False,-0.0569965482326,-0.102109097068,-0.0131149573402,True
16383,819,3,5.8469713912,False,0.0789306614491,True,-0.044305714760999995,-0.0832835419691,-0.00435288052007,True
16384,819,4,5.37588523226,False,0.0727166418299,True,-0.043979327573499996,-0.0819714720497,-0.00925483021983,True
16385,819,5,3.5361226917199997,False,0.06838438457740001,True,-0.0436837639361,-0.0761902203778,-0.0078058358004399996,True
16386,819,6,18.4219702109,False,0.065809338491,True,-0.0281291086148,-0.0602220777733,0.00558726071766,False
16387,819,7,13.2419830793,False,0.0655841823159,True,-0.0322462194399,-0.064235496887,0.00134868542889,False
16388,819,8,7.522767230610001,False,0.0653318142341,True,-0.0352700495937,-0.0680522983732,-0.0027204841390799997,True
16389,819,9,1.59159868597,False,0.06202483958869999,True,-0.0445908581862,-0.0763753192658,-0.0143504796771,True
16390,819,10,2.37861112561,False,0.0614551043095,True,-0.0408711679506,-0.07086273528880001,-0.00940763097925,True
16391,819,11,1.9466244884400001,False,0.0611069329431,True,-0.044771428778099996,-0.0727480576934,-0.011641124750299998,True
16392,819,12,0.39091856588600005,False,0.05884860364569999,True,-0.0498547938604,-0.0800017962684,-0.021153192622700004,True
16393,819,13,1.19220250007,False,0.0597738953533,True,-0.04782631017030001,-0.0776304095243,-0.017856514171,True
16394,819,14,0.497941493649,False,0.056976084268300003,True,-0.045405899458400005,-0.07428961935989999,-0.0173135350916,True
16395,819,15,0.162492217833,True,0.0571437664,True,-0.049505259761199995,-0.0798670799836,-0.0227233135836,True
16396,819,16,0.374700272637,False,0.0554290620381,True,-0.048393899921,-0.0753196207365,-0.0198905586983,True
16397,819,17,1.1705903768600001,False,0.05651665073559999,True,-0.043415462172099996,-0.07191695330539999,-0.015400302569799998,True
16398,819,18,2.68212179197,False,0.0566840854088,True,-0.038896305966900004,-0.06810833989580001,-0.011424254487000001,True
16399,819,19,2.8871650358200003,False,0.0558176304543,True,-0.038463548898,-0.06624102685279999,-0.0104233963985,True
16400,820,0,0.052378231360499995,True,0.146786522822,False,-0.129344311454,-0.202964124281,-0.0561776014589,True
16401,820,1,0.0201821049582,True,0.10152071825799999,False,-0.10251525367599999,-0.15376942822599998,-0.05224870996809999,True
16402,820,2,0.155433507483,True,0.08969325996649999,False,-0.0864241950271,-0.129373761109,-0.0396805011424,True
16403,820,3,3.21487070534e-06,True,0.08057081917600001,False,-0.08975314468489999,-0.129053026499,-0.0484822073227,True
16404,820,4,6.431495934439999e-19,True,0.0712239598195,True,-0.09580097021410001,-0.130253956442,-0.059029996622599994,True
16405,820,5,4.2877022637000004e-52,True,0.06946791825889999,True,-0.107697190175,-0.141693274063,-0.0722253558038,True
16406,820,6,2.7102596862599996e-16,True,0.0651637569912,True,-0.0897806832612,-0.12228492218,-0.057121165188800005,True
16407,820,7,1.15742742096e-13,True,0.0665504467065,True,-0.08980322541269999,-0.121163282625,-0.054612835918300004,True
16408,820,8,4.961690618069999e-34,True,0.061404582838,True,-0.09232730647430001,-0.123563558376,-0.062158975538,True
16409,820,9,2.61603038745e-33,True,0.061493323827099995,True,-0.09377736133600001,-0.124085394122,-0.06259207029450001,True
16410,820,10,7.748502425809999e-63,True,0.0591475938243,True,-0.09344224950829999,-0.122822853949,-0.0636752601248,True
16411,820,11,4.1830573369000003e-35,True,0.059890454678800005,True,-0.101109066054,-0.131340867291,-0.071450412612,True
16412,820,12,9.046643538169999e-59,True,0.057747013527699995,True,-0.09784675207080001,-0.126426944975,-0.0686799314471,True
16413,820,13,1.87817958414e-40,True,0.0583002783734,True,-0.09564667421560001,-0.123305138249,-0.06500485987599999,True
16414,820,14,1.6252738044599996e-72,True,0.056907960080699996,True,-0.09393950095669999,-0.123422439126,-0.06651447904569999,True
16415,820,15,1.0607969011599999e-41,True,0.0567734020138,True,-0.10125258649499999,-0.129850710867,-0.0730773088528,True
16416,820,16,8.71676045327e-73,True,0.0578533337164,True,-0.104292546915,-0.134290235621,-0.0764369019043,True
16417,820,17,2.0217751058699996e-67,True,0.0562844184857,True,-0.0953585312183,-0.122703593466,-0.0664191749799,True
16418,820,18,1.23452527871e-46,True,0.05593588689730001,True,-0.0897572999157,-0.118068194728,-0.0621323078308,True
16419,820,19,1.95571499395e-36,True,0.0557724031061,True,-0.0864864700722,-0.114922183071,-0.0591497799651,True
16420,821,0,13.789257765599999,False,0.139596678467,False,-0.0481085730009,-0.119438332807,0.0201583456595,False
16421,821,1,17.7358428246,False,0.103730504851,False,-0.0390505898076,-0.09095667631560002,0.012773828535200002,False
16422,821,2,2.70475673366,False,0.0872689919841,False,-0.054613855115,-0.0970836228008,-0.00981463081662,True
16423,821,3,9.56327329668,False,0.079287921538,True,-0.0406493909023,-0.07915880393619999,0.000129117601764,False
16424,821,4,21.6204879386,False,0.0755611983973,True,-0.0284445732211,-0.0667753575178,0.00878584087945,False
16425,821,5,34.5586427286,False,0.070345772759,True,-0.0213586074634,-0.0576370878286,0.012708684930399998,False
16426,821,6,29.62699879,False,0.06653765288819999,True,-0.022784598549799997,-0.0563895851623,0.0101480677259,False
16427,821,7,61.6007018426,False,0.0644094651717,True,-0.010077558007,-0.0407582716674,0.0236511935042,False
16428,821,8,57.184026000100005,False,0.0636082687519,True,-0.0130657517592,-0.0449450881903,0.0186631805617,False
16429,821,9,37.4894840224,False,0.0627468846844,True,-0.018281434344099998,-0.048037298427200004,0.0147095862573,False
16430,821,10,23.7418013144,False,0.0601633161742,True,-0.0243439139732,-0.0543836647831,0.005779651391060001,False
16431,821,11,11.2964356481,False,0.0571986159208,True,-0.0303908202532,-0.0564975212076,0.0007010947131830002,False
16432,821,12,6.37530844372,False,0.059527488848699996,True,-0.0351824860071,-0.0663659950928,-0.00683850624405,True
16433,821,13,3.4631259653300006,False,0.0543303870548,True,-0.037612048017500004,-0.0655049619644,-0.0111745749096,True
16434,821,14,2.4372917638900002,False,0.058532641702399996,True,-0.0410128039541,-0.0696156531279,-0.0110830114255,True
16435,821,15,1.93088444503,False,0.05744571793719999,True,-0.0413046568054,-0.06912433439019999,-0.011678616453,True
16436,821,16,5.27762581602,False,0.057672420609400005,True,-0.035965275564099994,-0.0654645822776,-0.007792161668249999,True
16437,821,17,3.8126103513699996,False,0.054770954151699996,True,-0.035011242124199995,-0.061160459935900004,-0.0063895057842399995,True
16438,821,18,1.50889258081,False,0.056122970949999997,True,-0.042489169016100004,-0.0702246039805,-0.0141016330305,True
16439,821,19,1.33056187089,False,0.055485735218199994,True,-0.043435963799400006,-0.07181357185930001,-0.0163278366411,True
16440,822,0,27.920937550500003,False,0.144451173157,False,-0.0243790599811,-0.09488304374579999,0.04956812941119999,False
16441,822,1,9.995200924330002,False,0.107827140373,False,-0.048154444589800005,-0.10116485954,0.00666228083334,False
16442,822,2,38.4339288765,False,0.0856112517361,False,-0.019160317424,-0.05891256157599999,0.02669869016,False
16443,822,3,59.47281392399999,False,0.07956246987000001,True,-0.0035198606817,-0.0426312495694,0.0369312203005,False
16444,822,4,64.5384104587,False,0.0729501947238,True,-0.00842672146474,-0.0435907294106,0.029359465313200002,False
16445,822,5,39.2674691139,False,0.0728300863697,True,-0.0194872713193,-0.0558477493602,0.016982337009499998,False
16446,822,6,63.258170218400004,False,0.0652454335561,True,-0.009170581249930001,-0.041989909968400005,0.023255523587700003,False
16447,822,7,53.859835760699994,False,0.0635440497792,True,-0.0131516657653,-0.0454628941115,0.0180811556677,False
16448,822,8,18.9440652814,False,0.06310801416619999,True,-0.027626642791499997,-0.0580520331076,0.00505598105861,False
16449,822,9,3.1147460745399997,False,0.06218260798769999,True,-0.040233156248199994,-0.0717563054051,-0.00957369741738,True
16450,822,10,3.50260059319,False,0.060551719660900005,True,-0.0400068118919,-0.0716017433152,-0.0110500236543,True
16451,822,11,4.38997405381,False,0.0604726011885,True,-0.0389007393727,-0.0675577878608,-0.00708518667238,True
16452,822,12,3.52587070169,False,0.0574660443714,True,-0.0370525136786,-0.0659902413527,-0.00852419698126,True
16453,822,13,3.85615139492,False,0.0587789099898,True,-0.0394266613331,-0.06951046454910001,-0.0107315545593,True
16454,822,14,0.808259186913,False,0.057626451317600004,True,-0.044200441455199996,-0.0728106176237,-0.015184166306200002,True
16455,822,15,2.09118419645,False,0.057176109873900004,True,-0.039634813314099994,-0.0674888373821,-0.0103127275082,True
16456,822,16,1.7866886495200003,False,0.057306717176099996,True,-0.041386009735800006,-0.0705754974492,-0.0132687802731,True
16457,822,17,0.382600425428,False,0.05407197709869999,True,-0.047268049949199996,-0.0742525836028,-0.020180606504099998,True
16458,822,18,1.5428703161300001,False,0.058139992417,True,-0.0430994957999,-0.0723541479663,-0.014214155549299999,True
16459,822,19,0.634634931324,False,0.05667656151869999,True,-0.045745602593099996,-0.0749664613348,-0.0182898998162,True
16460,823,0,14.9926656771,False,0.13907285591600002,False,-0.0499042182029,-0.117655970374,0.021416885542599996,False
16461,823,1,6.42817966855,False,0.104694618082,False,-0.0520690735487,-0.10757806086300001,-0.00288344278093,True
16462,823,2,3.680502988,False,0.0878486086264,False,-0.0525916441782,-0.0954184586875,-0.00756985006113,True
16463,823,3,2.7094297974,False,0.08006777585460001,False,-0.0516279158546,-0.0907890987927,-0.010721322938099999,True
16464,823,4,4.0388391520899996,False,0.07513032679460001,True,-0.0457742990868,-0.081036591046,-0.0059062642514399995,True
16465,823,5,2.8101160122099995,False,0.07175359412719999,True,-0.0485477911711,-0.0848662281224,-0.013112633995199999,True
16466,823,6,1.42424759736,False,0.0640628785598,True,-0.05013580349690001,-0.0808592232757,-0.0167963447159,True
16467,823,7,0.6020466023300001,False,0.06494682188630001,True,-0.05317334708719999,-0.08652700446260002,-0.0215801825763,True
16468,823,8,0.336475401385,False,0.0656307769448,True,-0.05466313030349999,-0.0881288921135,-0.0224981151687,True
16469,823,9,0.569971433873,False,0.06307639509259999,True,-0.0508299663221,-0.08140102154869999,-0.0183246264562,True
16470,823,10,0.642175205785,False,0.0616324405793,True,-0.0523822711814,-0.0836459368162,-0.022013496236900004,True
16471,823,11,0.155412693219,True,0.0594288502285,True,-0.0583318033457,-0.0888735209764,-0.0294446707479,True
16472,823,12,0.303677385322,True,0.060743674996100006,True,-0.0536332075894,-0.0846497567464,-0.023906081750300002,True
16473,823,13,0.211401382936,True,0.057404489552400004,True,-0.054816841245,-0.0835788571099,-0.026174367557399998,True
16474,823,14,3.12897611907e-05,True,0.057929994882699995,True,-0.057919200904900006,-0.0877123071642,-0.0297823122815,True
16475,823,15,0.165907566016,True,0.055564072798499994,True,-0.05707629264669999,-0.08507127795330001,-0.0295072051548,True
16476,823,16,0.0118311859308,True,0.05648619689730001,True,-0.06038084607999999,-0.0880652052274,-0.031579008330099995,True
16477,823,17,0.161044037433,True,0.0582883174435,True,-0.0584607362969,-0.08892464962789999,-0.0306363321845,True
16478,823,18,0.012320187523700002,True,0.0585061304587,True,-0.061868623199300005,-0.0906900189232,-0.0321838884645,True
16479,823,19,1.00642077081e-07,True,0.0561023455905,True,-0.0596716738419,-0.0902376030673,-0.0341352574768,True
16480,824,0,2.2723235863499998,False,0.140258912086,False,-0.08579640173360001,-0.157102078027,-0.0168431659409,True
16481,824,1,1.3419786388400001,False,0.10686330979900001,False,-0.0753137111786,-0.128374266744,-0.021510956945000003,True
16482,824,2,2.41914749507,False,0.0837824400979,False,-0.05506824993290001,-0.0972960165174,-0.0135135764195,True
16483,824,3,1.4647701857700002,False,0.07929906219619999,True,-0.057681548076999996,-0.09671043713819999,-0.017411374942,True
16484,824,4,2.3548610866499997,False,0.07485901428569999,True,-0.049385905897500006,-0.0874021365734,-0.0125431222878,True
16485,824,5,2.23888503998,False,0.0727705129811,True,-0.0484363800337,-0.0823790832742,-0.00960857029306,True
16486,824,6,8.24431171452,False,0.0683016303471,True,-0.0361762862457,-0.0708545870542,-0.00255295670712,True
16487,824,7,11.9439986439,False,0.0655501946045,True,-0.0324891635922,-0.0645289267023,0.00102126790217,False
16488,824,8,11.6190704894,False,0.0647521377868,True,-0.0337504591762,-0.0651353500078,-0.00038321222096900006,True
16489,824,9,6.26803290755,False,0.0621242018669,True,-0.0373570308067,-0.0692181013062,-0.007093899439300001,True
16490,824,10,5.2421347876499995,False,0.061985269961000004,True,-0.038055493512199993,-0.0702030808337,-0.008217810872729998,True
16491,824,11,3.31062641329,False,0.058987756255,True,-0.0406075528154,-0.0695825469247,-0.0105947906697,True
16492,824,12,2.21468310607,False,0.0601468611489,True,-0.0426910798387,-0.0724498431275,-0.012302981978599999,True
16493,824,13,4.39883843263,False,0.0593027715701,True,-0.037445959675900004,-0.0666030418823,-0.00730027031221,True
16494,824,14,4.54286744799,False,0.056952411323199996,True,-0.0359519152261,-0.0649626287971,-0.00801021747391,True
16495,824,15,5.84727389272,False,0.0567191718905,True,-0.0346186013133,-0.061154764374400004,-0.004435592483930001,True
16496,824,16,20.8966526763,False,0.0563614372914,True,-0.024768198834000003,-0.0535977098409,0.00276372745056,False
16497,824,17,15.832992891300002,False,0.0564537582101,True,-0.0265102693053,-0.0549638693017,0.00148988890845,False
16498,824,18,19.0918370822,False,0.05828875487080001,True,-0.0255725733583,-0.05591033446930001,0.0023784204014499996,False
16499,824,19,6.8396266917299995,False,0.055114405299500006,True,-0.0318866595761,-0.059032421787700004,-0.00391801648816,True
16500,825,0,12.5998941245,False,0.137109416295,False,-0.05132658448469999,-0.12551924169,0.0115901746056,False
16501,825,1,20.0734048598,False,0.104344908453,False,-0.0365505893561,-0.0869275291942,0.0174173792591,False
16502,825,2,12.1321461675,False,0.0867247804792,False,-0.0401535011634,-0.0840112757038,0.00271350477542,False
16503,825,3,2.87886904989,False,0.0784328596101,True,-0.0502684783011,-0.09038687574010001,-0.0119540161301,True
16504,825,4,0.0917999208196,True,0.07545939448080001,True,-0.06682245937049999,-0.10376460514699999,-0.0283052106667,True
16505,825,5,0.13263414655300002,True,0.07162178532499999,True,-0.06687567132130001,-0.100571244979,-0.0289494596539,True
16506,825,6,3.43687550739e-05,True,0.0686839385854,True,-0.06996084098489999,-0.104334716295,-0.0356507777092,True
16507,825,7,0.0265150532599,True,0.0668418478975,True,-0.07683481319360001,-0.10962980144500001,-0.0427879535477,True
16508,825,8,2.51922576552e-14,True,0.0618179494424,True,-0.0782850152531,-0.10927890774700001,-0.047460958305,True
16509,825,9,3.0222513344700004e-08,True,0.06077461350869999,True,-0.072806647578,-0.104396256427,-0.0436216429187,True
16510,825,10,9.52284613792e-21,True,0.0600747734526,True,-0.0808887598827,-0.111813837875,-0.0517390644228,True
16511,825,11,8.85870815244e-15,True,0.0608686152497,True,-0.0752764932447,-0.10532452696399999,-0.0444559117145,True
16512,825,12,1.21119634053e-16,True,0.058079101077600004,True,-0.0737005144907,-0.10377175758400001,-0.0456926565062,True
16513,825,13,5.839118835030001e-06,True,0.05941551300819999,True,-0.0762225436601,-0.106748816125,-0.0473333031172,True
16514,825,14,2.4091391988199996e-29,True,0.0589238056504,True,-0.08162471977960001,-0.112579598022,-0.053655792371199995,True
16515,825,15,7.79303156377e-06,True,0.056605831988399996,True,-0.0757411505952,-0.104337770091,-0.047731938102299996,True
16516,825,16,1.21075811842e-16,True,0.058850917412,True,-0.0832730138463,-0.1127348337,-0.0538839162884,True
16517,825,17,4.2235199635e-15,True,0.0564625196693,True,-0.0804544134072,-0.107925404652,-0.05146288498269999,True
16518,825,18,1.8063235345e-27,True,0.05808680144730001,True,-0.0854328732684,-0.11382642971200001,-0.0557396282648,True
16519,825,19,7.276549911789999e-25,True,0.0581803090414,True,-0.0882852817647,-0.115658525771,-0.05747821673,True
16520,826,0,16.116050029500002,False,0.143126388444,False,-0.0440354401892,-0.11521738468699999,0.027909003757400002,False
16521,826,1,13.566388516400002,False,0.10281792310900001,False,-0.0447902878098,-0.0959206324067,0.006897290701819999,False
16522,826,2,7.6816714803799995,False,0.08707014255489999,False,-0.045262506410699996,-0.08808015730730001,-0.00101001475236,True
16523,826,3,1.1067236691,False,0.078368152109,True,-0.057414707138300006,-0.0965086125704,-0.0181404604613,True
16524,826,4,1.18100254969,False,0.0743690428169,True,-0.056009879191,-0.09341039174360001,-0.0190413489267,True
16525,826,5,3.99201898826,False,0.0686452481327,True,-0.0412814528974,-0.076394973629,-0.00774972549636,True
16526,826,6,9.20034111186,False,0.0684076621098,True,-0.035902403623,-0.0702980636883,-0.00189040157852,True
16527,826,7,11.3263967519,False,0.0647189281503,True,-0.0323724840667,-0.0658673040374,-0.00114837588706,True
16528,826,8,6.0105342654900005,False,0.0636293988205,True,-0.038339168888800006,-0.07155943253389999,-0.00793003371342,True
16529,826,9,2.9449746547799998,False,0.06338278863710001,True,-0.0414132429631,-0.0729507969561,-0.00956800831901,True
16530,826,10,1.22574955788,False,0.0594053559009,True,-0.045043887783199996,-0.0726825007628,-0.0132771448618,True
16531,826,11,1.0538465653,False,0.05949074200209999,True,-0.044135715162,-0.0720564089476,-0.012565666945499999,True
16532,826,12,2.22205176233,False,0.057906993839,True,-0.04205803059169999,-0.07195435847889999,-0.0140473646399,True
16533,826,13,1.03401809627,False,0.0578198681757,True,-0.0449964780624,-0.0731588942951,-0.015339026119399999,True
16534,826,14,2.68743552897,False,0.057757941925,True,-0.0399303385905,-0.06688226425890001,-0.0091243223339,True
16535,826,15,1.86584370035,False,0.0556216024191,True,-0.041295508038699996,-0.0690378110541,-0.013416208635,True
16536,826,16,0.9775129499709999,False,0.057095734430599995,True,-0.04374777795009999,-0.0705059656665,-0.013410231235899999,True
16537,826,17,1.43130085848,False,0.0563774091413,True,-0.041098153964199996,-0.0691003366434,-0.012722927502099999,True
16538,826,18,2.3606895950299998,False,0.056158434316400004,True,-0.0391745839181,-0.0667132079633,-0.010554773646799999,True
16539,826,19,1.5596349827200002,False,0.0578082420161,True,-0.0423705812688,-0.0708328447205,-0.013024602704399998,True
16540,827,0,17.1194353142,False,0.143059999188,False,-0.043872208305699996,-0.11467509754,0.028384901647999998,False
16541,827,1,7.3438792979,False,0.102272567621,False,-0.053272952686099995,-0.103607962203,-0.0013353945823800003,True
16542,827,2,0.022833817308900002,True,0.09126536444830001,False,-0.08170505988520001,-0.128358330188,-0.0370929657399,True
16543,827,3,0.8732201146080001,False,0.08157674648919999,False,-0.0596739864881,-0.100862758487,-0.019286011998,True
16544,827,4,1.3410166693,False,0.0762965107824,True,-0.0547646640194,-0.09446247791500001,-0.0181659671326,True
16545,827,5,0.654115857241,False,0.070245745348,True,-0.0544796608563,-0.0887254026716,-0.0184796573237,True
16546,827,6,2.73911626329,False,0.06698228663940001,True,-0.045250840977999994,-0.078939421368,-0.011957134728600001,True
16547,827,7,0.421347204914,False,0.0636643942863,True,-0.057333509857599996,-0.08977200552009999,-0.026107611233799996,True
16548,827,8,0.0142152495626,True,0.061940517799699994,True,-0.0618577646055,-0.09138272705219999,-0.0294422092526,True
16549,827,9,0.12549832495,True,0.061634436321400005,True,-0.0565133470522,-0.086875217874,-0.0252407815526,True
16550,827,10,0.193039498998,True,0.058034195953599994,True,-0.0506515422829,-0.0807513795933,-0.022717183639700003,True
16551,827,11,1.2938087391700002,False,0.060960545133800004,True,-0.0456335027324,-0.0754232353227,-0.0144626901889,True
16552,827,12,1.0704446029,False,0.0585340110466,True,-0.04582064474909999,-0.0745477096231,-0.0160136985765,True
16553,827,13,0.843981424271,False,0.0592954140018,True,-0.0451004472028,-0.0754695268752,-0.0161741128733,True
16554,827,14,3.47492803771,False,0.0574039680243,True,-0.038007404611900004,-0.0668339485342,-0.00942998050998,True
16555,827,15,0.37469867183300004,False,0.057900849436400004,True,-0.0471585885494,-0.07535743954239998,-0.017456590105999998,True
16556,827,16,0.000634139300384,True,0.057557714713900004,True,-0.057674317011,-0.0868694326153,-0.0293117179014,True
16557,827,17,0.00464115617237,True,0.0563089769974,True,-0.0605146573833,-0.0876351808357,-0.031326203838299996,True
16558,827,18,1.49324705724e-14,True,0.0566470665714,True,-0.0685622210216,-0.0963708659807,-0.0397237994092,True
16559,827,19,2.67736287621e-08,True,0.053692947859500004,True,-0.0684835279789,-0.0948946599862,-0.0412017121267,True
16560,828,0,23.8972287167,False,0.13917952174599998,False,0.0327249256928,-0.0356921505734,0.103487371173,False
16561,828,1,43.770992362600005,False,0.106496469123,False,-0.0011974523391700001,-0.0543108737646,0.0521855953582,False
16562,828,2,26.5172784098,False,0.0897115751419,False,-0.0280069777095,-0.0725489012268,0.0171626739151,False
16563,828,3,1.15899585529,False,0.0819281764664,False,-0.060757001179499996,-0.10276452403999999,-0.0208363475737,True
16564,828,4,0.0657051674644,True,0.0758188463883,True,-0.079219277871,-0.116480404554,-0.0406615581656,True
16565,828,5,8.16717428196e-05,True,0.0700707853384,True,-0.079120736467,-0.113409268083,-0.043338482745000004,True
16566,828,6,9.15177181099e-07,True,0.0691567372937,True,-0.0839557212602,-0.118194485718,-0.0490377484244,True
16567,828,7,4.27495643466e-13,True,0.0640702237875,True,-0.07809412464889999,-0.11248713133199999,-0.048416907544800006,True
16568,828,8,5.58950109215e-16,True,0.064629111115,True,-0.0826537155703,-0.117436369488,-0.052807258372999995,True
16569,828,9,1.1178343307499999e-11,True,0.0611618811689,True,-0.08140068937350001,-0.113084427111,-0.0519225459419,True
16570,828,10,1.1049454983399999e-08,True,0.06307612413369999,True,-0.0789898780697,-0.108433085346,-0.0453569612125,True
16571,828,11,1.3326588216900002e-17,True,0.058672266814099996,True,-0.07928116802789999,-0.10734591043500001,-0.048673643620800004,True
16572,828,12,1.77646213076e-05,True,0.062343034387600006,True,-0.0694615920268,-0.100376407597,-0.0380333732092,True
16573,828,13,9.07955799326e-06,True,0.059318108836,True,-0.06682928738390001,-0.097366906216,-0.0380487973799,True
16574,828,14,0.0758116420072,True,0.05752257250440001,True,-0.058515210282600004,-0.08777616270860002,-0.0302535902042,True
16575,828,15,0.0829476234258,True,0.0586035687722,True,-0.060909060875900006,-0.0887701814735,-0.0301666127013,True
16576,828,16,0.115112880925,True,0.0578365659814,True,-0.0598440336013,-0.08960287356280001,-0.0317663075814,True
16577,828,17,5.56951257622e-05,True,0.056686943616000005,True,-0.061554771535,-0.0922112771624,-0.0355243335464,True
16578,828,18,9.77673678e-05,True,0.0571962010623,True,-0.058704350170599995,-0.08788479302629999,-0.030688591964,True
16579,828,19,0.075261082398,True,0.059370095978499994,True,-0.0567005107524,-0.0851339523817,-0.025763856403200003,True
16580,829,0,28.093380140500003,False,0.144850394257,False,0.022139633810400003,-0.0513323705226,0.0935180237345,False
16581,829,1,45.922438950600004,False,0.101267095261,False,-0.007275118543220001,-0.0599393101547,0.041327785106699995,False
16582,829,2,24.6590161734,False,0.09083045949010002,False,-0.028088706542599998,-0.07681241963539999,0.014018039854700001,False
16583,829,3,42.2557917691,False,0.07824710091539999,True,-0.0179892450534,-0.057909266642,0.020337834273400003,False
16584,829,4,41.420805299899996,False,0.07171956639280001,True,-0.0173364431015,-0.0530863267392,0.018633239653599996,False
16585,829,5,25.640223836500002,False,0.0698241100716,True,-0.0251111117661,-0.058492533708600004,0.0113315763631,False
16586,829,6,9.82534748126,False,0.0672365744023,True,-0.0335344291441,-0.0691414247124,-0.0019048503101099998,True
16587,829,7,6.2632856096800005,False,0.064755722966,True,-0.0368008722857,-0.0713712656412,-0.00661554267517,True
16588,829,8,10.4357596511,False,0.06453967406880001,True,-0.0339467519635,-0.0649985344132,-0.000458860344422,True
16589,829,9,1.7613306467299998,False,0.0620933828472,True,-0.04535085743200001,-0.07710698655939999,-0.015013603712299999,True
16590,829,10,5.30114415027,False,0.062426724175500006,True,-0.036488769817800006,-0.06785097672109999,-0.00542425254559,True
16591,829,11,10.1233631723,False,0.060651160589,True,-0.0305212298468,-0.0585977118298,0.00205344875921,False
16592,829,12,3.17659327816,False,0.0569188071363,True,-0.0385345030452,-0.0667441789245,-0.009825371788239999,True
16593,829,13,1.2067617399,False,0.0588275274158,True,-0.04148890369,-0.0706875410228,-0.0118600136069,True
16594,829,14,0.604197556795,False,0.0578923815656,True,-0.0475549341952,-0.0774927489838,-0.0196003674181,True
16595,829,15,0.652388624922,False,0.056812221158099994,True,-0.0485579176737,-0.07692856888510001,-0.020116347727,True
16596,829,16,0.285393535986,True,0.0564219176011,True,-0.0490028039326,-0.07725538498750001,-0.0208334673864,True
16597,829,17,0.48686897756,False,0.059227422315699996,True,-0.048603601581300004,-0.0771280906596,-0.017900668343900004,True
16598,829,18,4.16499640762e-05,True,0.0553001377095,True,-0.059428123086699994,-0.08674158147710001,-0.0314414437677,True
16599,829,19,0.00637356782148,True,0.0582986295741,True,-0.0577522827544,-0.08814706012939999,-0.029848430555400002,True
16600,830,0,5.829003999349999,False,0.140315735206,False,-0.0691325020663,-0.142446200601,-0.00213046539536,True
16601,830,1,1.62120285829,False,0.10127487875600001,False,-0.0676987168592,-0.11914699688899999,-0.017872118132900003,True
16602,830,2,5.10100150439,False,0.0869881789219,False,-0.0493161818347,-0.0923563222841,-0.00536814336217,True
16603,830,3,5.1003682669199994,False,0.078311059026,True,-0.045229299164199994,-0.0844495324027,-0.006138473376759999,True
16604,830,4,2.8146937237199996,False,0.0747833682548,True,-0.0501758915614,-0.08927628477779999,-0.014492916522999999,True
16605,830,5,4.50748557954,False,0.06964242329039999,True,-0.042822731839999996,-0.07535334499719999,-0.00571092170682,True
16606,830,6,4.07047300166,False,0.0675171469286,True,-0.0414873078805,-0.0769958301131,-0.009478683184510001,True
16607,830,7,2.87459332925,False,0.0623914331237,True,-0.041507477111900004,-0.07471970216149999,-0.012328269037899998,True
16608,830,8,1.72735768288,False,0.06138975882259999,True,-0.045615372102499996,-0.077463231546,-0.016073472723299998,True
16609,830,9,2.10079242564,False,0.0617068639789,True,-0.043273125437500004,-0.0735519032828,-0.011845039303899999,True
16610,830,10,4.44418993626,False,0.0590629671179,True,-0.038095516968900005,-0.06803230742790001,-0.00896934030996,True
16611,830,11,3.1769910717500003,False,0.0566300678027,True,-0.037885687775599995,-0.0662773132455,-0.00964724544282,True
16612,830,12,1.24568257269,False,0.0576628975303,True,-0.0455068872629,-0.07482422401760001,-0.0171613264873,True
16613,830,13,0.25153751434099997,True,0.0579145018741,True,-0.0511807402779,-0.0814833623087,-0.0235688604346,True
16614,830,14,0.15748902642100002,True,0.0560005137315,True,-0.050619801857400004,-0.0780402112237,-0.0220396974922,True
16615,830,15,0.7715528789399999,False,0.058043735320000005,True,-0.046400987047,-0.0746010307022,-0.0165572953822,True
16616,830,16,0.530627632034,False,0.0576428682648,True,-0.0474346697644,-0.07627458447879999,-0.018631716214,True
16617,830,17,0.532493398546,False,0.0587836048172,True,-0.049747468951399997,-0.0803437338713,-0.021560129054099996,True
16618,830,18,0.17102735175900002,True,0.056428786415900004,True,-0.049864131283,-0.07955504563730001,-0.0231262592215,True
16619,830,19,0.483247647618,False,0.056269545132099995,True,-0.0481215064336,-0.075703785162,-0.0194342400299,True
16620,831,0,12.9302742097,False,0.14242016821200001,False,-0.052190676155900007,-0.124708266754,0.017711901458299997,False
16621,831,1,36.5724417834,False,0.102499412413,False,-0.0210875823354,-0.071954467757,0.030544944656199998,False
16622,831,2,15.0699746475,False,0.0894577211042,False,-0.0367798461041,-0.08114005351089999,0.008317667593310001,False
16623,831,3,5.5057906424,False,0.0825648023428,False,-0.047574306113599994,-0.0907240815058,-0.008159279163060001,True
16624,831,4,0.449708007376,False,0.0757546334276,True,-0.0621799874977,-0.09907778390529999,-0.023323150477700002,True
16625,831,5,0.0153232580486,True,0.0706656847299,True,-0.0698584822515,-0.102942935851,-0.0322772511211,True
16626,831,6,0.00137515489331,True,0.0655392164482,True,-0.06358031345430001,-0.0966742109752,-0.031134994527,True
16627,831,7,0.0052398894074300005,True,0.06618225725,True,-0.0674806658873,-0.10113298148800001,-0.0349507242381,True
16628,831,8,3.23201458349e-05,True,0.061835087410900005,True,-0.07138121854139999,-0.101955441514,-0.0401203541034,True
16629,831,9,7.00205204269e-07,True,0.063276333682,True,-0.0670801356449,-0.0988239262055,-0.0355475925235,True
16630,831,10,7.2542066236e-08,True,0.060404475084899996,True,-0.0697959748694,-0.09924812922599999,-0.0388436541411,True
16631,831,11,9.73908514294e-10,True,0.05919444629790001,True,-0.0686791886879,-0.09717254676920001,-0.037978100471199996,True
16632,831,12,4.12580403041e-05,True,0.0614715048381,True,-0.070893267003,-0.10113910002800001,-0.0396675951903,True
16633,831,13,7.9009321668e-13,True,0.0591894026606,True,-0.06857581843129999,-0.0977204231285,-0.038531020468,True
16634,831,14,4.89730237029e-11,True,0.0583633816591,True,-0.07057548419649999,-0.0977358326901,-0.0393724510311,True
16635,831,15,1.0092211361900001e-19,True,0.059173941797500004,True,-0.077962880598,-0.10752044946599999,-0.0483465076688,True
16636,831,16,3.28110160531e-39,True,0.0559368981697,True,-0.0788927623859,-0.107275472906,-0.0513385747361,True
16637,831,17,1.02358732682e-21,True,0.056166497207399996,True,-0.07511402486660002,-0.10435518680299999,-0.0481886895951,True
16638,831,18,0.034601561603800006,True,0.055581347014,True,-0.0721484772352,-0.0992234603841,-0.0436421133701,True
16639,831,19,1.95225412946e-08,True,0.0564169597054,True,-0.06768738507069999,-0.0972223208673,-0.0408053611619,True
16640,832,0,4.27431030885,False,0.141233587912,False,-0.0745378274924,-0.144910586894,-0.0036769989826399996,True
16641,832,1,16.9684279943,False,0.10003146096400001,False,-0.0382985515514,-0.0887157268733,0.0113157340903,False
16642,832,2,0.793741511775,False,0.0877359328225,False,-0.067372246695,-0.11436091622899999,-0.026624983406799998,True
16643,832,3,0.198025174538,True,0.0804772426185,False,-0.0760918858148,-0.11782612042099999,-0.0373488778023,True
16644,832,4,6.77968462342e-07,True,0.07377614143519999,True,-0.08024385709939999,-0.116370272785,-0.0425941313502,True
16645,832,5,0.0008815697612249999,True,0.0691063383649,True,-0.0805583780659,-0.11519887848200001,-0.0460925401174,True
16646,832,6,0.00030263477894300003,True,0.0683941386455,True,-0.0880046740781,-0.12297417998,-0.05458004133430001,True
16647,832,7,7.83155642366e-16,True,0.0657773637932,True,-0.08414383662260001,-0.11638124855999998,-0.0506038847671,True
16648,832,8,2.3189777323699999e-10,True,0.06473732087009999,True,-0.0783545085739,-0.113948028843,-0.04921070797280001,True
16649,832,9,4.5277367608900004e-10,True,0.0625084457911,True,-0.0731324607565,-0.104337372402,-0.0418289266114,True
16650,832,10,0.000130931023251,True,0.0600570385609,True,-0.0675859637656,-0.09682978632989998,-0.036772747769,True
16651,832,11,8.05777924426e-06,True,0.058565595763900004,True,-0.0716929783373,-0.101730157587,-0.0431645618231,True
16652,832,12,1.90446006365e-08,True,0.060715339129,True,-0.0699218627786,-0.100205810417,-0.0394904712875,True
16653,832,13,6.246335344169999e-12,True,0.057121085501300004,True,-0.0742656436267,-0.101244765016,-0.0441236795145,True
16654,832,14,9.20694667878e-08,True,0.057672546315599996,True,-0.0720558260942,-0.10014857853,-0.04247603221480001,True
16655,832,15,9.63627682932e-14,True,0.057266153875599995,True,-0.0749959324823,-0.10493681219699999,-0.047670658321599994,True
16656,832,16,1.21341804166e-30,True,0.05871319487269999,True,-0.0825111043653,-0.111875364642,-0.05316216976919999,True
16657,832,17,3.2563511024299996e-44,True,0.056215718807,True,-0.08790974392480001,-0.116086332064,-0.059870613256599994,True
16658,832,18,8.646047095899999e-70,True,0.05627470044840001,True,-0.09137410323830002,-0.119718670449,-0.0634439700007,True
16659,832,19,2.2119119117699998e-47,True,0.0568763003808,True,-0.0924625144531,-0.120964969042,-0.0640886686613,True
16660,833,0,30.5350991812,False,0.136061940404,False,-0.0214239853375,-0.08984929362220001,0.046212646781599996,False
16661,833,1,24.6274518461,False,0.103584571255,False,-0.029020364518900003,-0.07894488765669999,0.024639683597900003,False
16662,833,2,4.55854461894,False,0.08833809112160002,False,-0.05070925937990001,-0.0948935394908,-0.00655544836916,True
16663,833,3,3.25982414602,False,0.0804760848808,False,-0.0501473133371,-0.08992241873050001,-0.00944633384962,True
16664,833,4,0.09595486593830001,True,0.0750208700817,True,-0.0658539810424,-0.10527816650699999,-0.0302572964258,True
16665,833,5,0.0708613106586,True,0.0713773904127,True,-0.06658178392580001,-0.10056486892000001,-0.029187478506999997,True
16666,833,6,0.0010238347961,True,0.0669336444416,True,-0.0658194610455,-0.10146254594000001,-0.0345289014979,True
16667,833,7,0.0456387637825,True,0.0665986891307,True,-0.06403056356049999,-0.09689536060139999,-0.0302966714707,True
16668,833,8,0.0037306435353800004,True,0.06307645291809999,True,-0.0643431662328,-0.098409106429,-0.0353326535109,True
16669,833,9,0.011105471553700001,True,0.06096082357419999,True,-0.0688019708308,-0.09839462806299999,-0.03743380448880001,True
16670,833,10,1.5035684288199999e-07,True,0.0593718649239,True,-0.0667765373532,-0.09622768857139999,-0.0368558236475,True
16671,833,11,7.30964831713e-17,True,0.0575191746985,True,-0.07532599227810001,-0.10364031443499999,-0.0461211397364,True
16672,833,12,9.86408933287e-25,True,0.061080065123300005,True,-0.0807407188677,-0.10986063335200001,-0.04878056822869999,True
16673,833,13,4.9097137664199995e-18,True,0.060806426559199996,True,-0.08104393130269999,-0.11183577015,-0.05102934359109999,True
16674,833,14,2.0541994033600002e-16,True,0.058714599701699996,True,-0.0778236370025,-0.106333438103,-0.047618838401100004,True
16675,833,15,3.46223007498e-48,True,0.0567728093595,True,-0.08647674145050001,-0.11413453465,-0.057361725290800004,True
16676,833,16,5.683087242389999e-37,True,0.0566617240707,True,-0.0828275303433,-0.11124361862700001,-0.054581894555900005,True
16677,833,17,1.0993089036500002e-15,True,0.0562021174686,True,-0.08414998836899999,-0.111263614847,-0.05506149737840001,True
16678,833,18,6.63201383009e-36,True,0.05610750019019999,True,-0.0855230554548,-0.114533250786,-0.058425750596000005,True
16679,833,19,2.6406900796999997e-31,True,0.0558888618155,True,-0.08577888595739999,-0.11275126474000001,-0.056862402923999994,True
16680,834,0,9.10356383366,False,0.146612574244,False,-0.0605331233796,-0.133060696834,0.0135518774096,False
16681,834,1,5.412597600580001,False,0.105635252365,False,-0.0558683739358,-0.10842266842800001,-0.0027874160631,True
16682,834,2,8.82414185932,False,0.08952040138329999,False,-0.0459685289576,-0.0887420592093,0.0007783421740160001,False
16683,834,3,12.3187617677,False,0.0774228524303,True,-0.0361541480565,-0.074014618283,0.00340823414729,False
16684,834,4,10.150463801499999,False,0.07560953517989999,True,-0.0363572508381,-0.07505197969630001,0.000557555483648,False
16685,834,5,6.30233451081,False,0.0685446057733,True,-0.039072598101099996,-0.0717853397809,-0.0032407340076,True
16686,834,6,5.14262732444,False,0.0650698395969,True,-0.0396985776041,-0.07179990133839999,-0.0067300617414899995,True
16687,834,7,15.7827714524,False,0.0645900450674,True,-0.028899168160599998,-0.0610358031209,0.0035542419465199996,False
16688,834,8,10.8411644454,False,0.06426227379089999,True,-0.032204504643700005,-0.0636410971296,0.0006211766612680001,False
16689,834,9,10.9024326236,False,0.06064290558759999,True,-0.031494225485,-0.0628465313445,-0.00220362575685,True
16690,834,10,17.6895519666,False,0.058654564000699995,True,-0.027117817294200004,-0.056045789665699994,0.00260877433493,False
16691,834,11,10.3815714562,False,0.0606414360603,True,-0.0326234268068,-0.0647850962423,-0.00414366018208,True
16692,834,12,15.615346864200001,False,0.0584506452752,True,-0.027594527318799997,-0.056419151686899996,0.0020314935883,False
16693,834,13,32.053263572199995,False,0.0560325024436,True,-0.0207627931332,-0.0486802825418,0.007352219901810001,False
16694,834,14,25.699871921,False,0.057755457556,True,-0.0235813772051,-0.0536938116032,0.00406164595282,False
16695,834,15,22.9063107069,False,0.057376652581699994,True,-0.0247680413606,-0.053636895184899995,0.0037397573967800006,False
16696,834,16,26.9493550742,False,0.0569861475148,True,-0.022382618037200003,-0.0521809583611,0.00480518915367,False
16697,834,17,27.1514504946,False,0.057373478970300006,True,-0.0222005514093,-0.0520779836577,0.0052954953126000005,False
16698,834,18,10.8794547358,False,0.0547272340182,True,-0.028438142656400003,-0.056771802905900004,-0.00204456888769,True
16699,834,19,7.037801367,False,0.054626371926600005,True,-0.03242029319090001,-0.0600342242277,-0.00540785230109,True
16700,835,0,1.7749348538099998,False,0.14217039068700002,False,-0.0925718181282,-0.16347598292999999,-0.021305592243,True
16701,835,1,0.43064457952600005,False,0.107155107102,False,-0.08861738430839998,-0.140617054273,-0.0334619471713,True
16702,835,2,0.678580259944,False,0.0901156614678,False,-0.071225711609,-0.117276517705,-0.027160856237400003,True
16703,835,3,0.0323414271803,True,0.0789271074708,True,-0.07449607883069999,-0.115056913557,-0.0361298060866,True
16704,835,4,0.045534338234,True,0.0751647600174,True,-0.07297524001899999,-0.11043204129100001,-0.035267281273199995,True
16705,835,5,0.000239870304066,True,0.0664117847016,True,-0.07486406061,-0.108845682362,-0.0424338976599,True
16706,835,6,2.04336876763e-05,True,0.0668941499862,True,-0.0750548108065,-0.10831575903599999,-0.041421609050300005,True
16707,835,7,0.0826920376468,True,0.0631385307907,True,-0.0685549094254,-0.0995903035547,-0.036451772763999996,True
16708,835,8,0.000532441621082,True,0.0614241097154,True,-0.0673214277545,-0.0981679583232,-0.036743848607900004,True
16709,835,9,2.09106843219e-16,True,0.0610212503443,True,-0.07694674242630001,-0.10605686566400001,-0.04503561531980001,True
16710,835,10,3.7682217928300004e-10,True,0.057870564082,True,-0.071748584188,-0.101344610245,-0.043474046163099994,True
16711,835,11,2.6216286322900002e-17,True,0.0583760437025,True,-0.0756470269508,-0.104196387742,-0.045820344039900006,True
16712,835,12,2.3252892129899997e-11,True,0.059596748660000004,True,-0.07723555549069999,-0.107692501273,-0.048095752612600004,True
16713,835,13,2.05104314369e-09,True,0.058796355191599994,True,-0.07500891282710001,-0.10495016838400001,-0.0461538131927,True
16714,835,14,2.02339021184e-15,True,0.056767629348999996,True,-0.0756691569713,-0.103729419157,-0.046961789808400003,True
16715,835,15,3.58500389932e-24,True,0.05987497491740001,True,-0.0797157194697,-0.10970575624399999,-0.0498307813264,True
16716,835,16,5.2904569515499995e-24,True,0.0580271481216,True,-0.0841179041701,-0.113879732798,-0.0558525846764,True
16717,835,17,1.47551567222e-38,True,0.056578990352900004,True,-0.0844348982622,-0.11360576207800001,-0.0570267717251,True
16718,835,18,2.2199718101399998e-41,True,0.0583041883372,True,-0.08545399249800001,-0.11554351395099999,-0.0572393256133,True
16719,835,19,1.6074024676799997e-45,True,0.056278218970599994,True,-0.09005358268689999,-0.117678457457,-0.061400238486800006,True
16720,836,0,4.485786780940001,False,0.138902799145,False,-0.0718199689198,-0.141645094064,-0.00274229491913,True
16721,836,1,38.6997780655,False,0.102833198852,False,-0.0169954284536,-0.0666108915762,0.036222307276199996,False
16722,836,2,42.1437406386,False,0.0870462529306,False,-0.017019153675500002,-0.060344659148900005,0.0267015937817,False
16723,836,3,16.0507343198,False,0.0785663051395,True,-0.0333948064331,-0.0723380504705,0.00622825466899,False
16724,836,4,16.3583192525,False,0.07192762022810001,True,-0.0337262234678,-0.07060969842619999,0.0013179218019100003,False
16725,836,5,8.402109381419999,False,0.07028644803789999,True,-0.0376609618704,-0.0713687914529,-0.00108234341494,True
16726,836,6,4.80783065002,False,0.065552282324,True,-0.0386175328555,-0.07171419259930001,-0.00616191027533,True
16727,836,7,12.745619899400001,False,0.0653143317642,True,-0.0311309191695,-0.0644465500347,0.0008677817295019999,False
16728,836,8,9.482085555960001,False,0.0612511108634,True,-0.033706591242999996,-0.0629680983619,-0.0017169874985200001,True
16729,836,9,6.5135876778199995,False,0.06347691974240001,True,-0.0369325797502,-0.0696692760183,-0.00619235627584,True
16730,836,10,5.36978187214,False,0.062375298242800005,True,-0.037484802384,-0.0703468436912,-0.00797154544839,True
16731,836,11,4.146149252819999,False,0.06021974833530001,True,-0.0390923993795,-0.0690809082886,-0.0088611599533,True
16732,836,12,3.6818714188499997,False,0.0579937621912,True,-0.037633234010199995,-0.06521352222299999,-0.007219760031880001,True
16733,836,13,3.83209942416,False,0.058329849365600005,True,-0.0383667493797,-0.0676641313324,-0.00933428196681,True
16734,836,14,0.980383681919,False,0.0562892608076,True,-0.0431959484939,-0.0702885046972,-0.013999243889600001,True
16735,836,15,0.938104803846,False,0.056357831905199995,True,-0.043562838974,-0.0711103861251,-0.0147525542199,True
16736,836,16,0.15338592452,True,0.0564076134161,True,-0.046819362799300004,-0.0752862167655,-0.0188786033493,True
16737,836,17,0.0149087551067,True,0.0554788680999,True,-0.056286553831500004,-0.08456671968830001,-0.0290878515884,True
16738,836,18,1.23759334559e-05,True,0.0557900476146,True,-0.0637356317229,-0.0914458423225,-0.035655794707800004,True
16739,836,19,1.8925571494899997e-11,True,0.0545848990291,True,-0.0663216970431,-0.0952214534,-0.04063655437080001,True
16740,837,0,5.32409969155,False,0.138172356557,False,-0.06822464191359999,-0.135347830885,0.0028245256721199995,False
16741,837,1,2.73606657287,False,0.102550998224,False,-0.0654737574805,-0.11575720139799998,-0.0132062031737,True
16742,837,2,0.392322741194,False,0.08602733576480001,False,-0.0708858081786,-0.115675339919,-0.0296480041541,True
16743,837,3,0.300425082421,True,0.07859888026169999,True,-0.07105897260430001,-0.110531603996,-0.031932723733999996,True
16744,837,4,0.969189756135,False,0.07374536204960001,True,-0.0582344605392,-0.0973381864724,-0.0235928244228,True
16745,837,5,1.0081070208399998,False,0.0699756448448,True,-0.0543684312491,-0.0885827077854,-0.018607062940599998,True
16746,837,6,0.124516684738,True,0.0671439967063,True,-0.05848098884380001,-0.0913117823487,-0.024167785642400002,True
16747,837,7,1.6605457122999998,False,0.0637822965763,True,-0.046797940021199996,-0.07799077656660001,-0.014208479990299998,True
16748,837,8,0.160229965043,True,0.061338690169,True,-0.05264202740019999,-0.0831095967186,-0.0217709065496,True
16749,837,9,0.0552846762037,True,0.0604253415461,True,-0.05487068807,-0.08538620658880001,-0.0249608650427,True
16750,837,10,0.18386947805599999,True,0.061836753021900004,True,-0.052739211274,-0.08326051187649999,-0.0214237588546,True
16751,837,11,0.35238691046899995,False,0.059473301935800006,True,-0.0518433530325,-0.0825795798533,-0.023106277917499998,True
16752,837,12,0.729830617718,False,0.058155110410900004,True,-0.0471609500175,-0.0758268198277,-0.0176717094167,True
16753,837,13,0.012571362649700001,True,0.057311376561,True,-0.054429610048900005,-0.0822478963342,-0.0249365197732,True
16754,837,14,0.157309201372,True,0.0588209639862,True,-0.0517793855078,-0.08214104238480001,-0.023320078398599998,True
16755,837,15,0.32712207429,True,0.056313968742,True,-0.04611854133880001,-0.07542887589060002,-0.0191149071486,True
16756,837,16,0.032081669128099996,True,0.055633785916599995,True,-0.0517739581596,-0.078468419766,-0.0228346338493,True
16757,837,17,0.0960051768236,True,0.05547355326219999,True,-0.055108237885900004,-0.0832045883115,-0.027731035049200003,True
16758,837,18,1.27067051394e-08,True,0.0560790675989,True,-0.0636932686478,-0.0901030599468,-0.0340239923479,True
16759,837,19,5.7355463605e-11,True,0.0564168118707,True,-0.066401492626,-0.09564551733989998,-0.0392287054691,True
16760,838,0,3.27513028287,False,0.146130406027,False,-0.08392393043860001,-0.15608705075999998,-0.00995664473328,True
16761,838,1,2.69533931256,False,0.10690905041000001,False,-0.0676203192942,-0.121216057035,-0.0143070066247,True
16762,838,2,6.40135694469,False,0.0905850248771,False,-0.0488021321728,-0.0944762838642,-0.00389125898711,True
16763,838,3,9.02687615728,False,0.0817662665096,False,-0.0411475759472,-0.0822844470869,-0.000518180577251,True
16764,838,4,10.3625586193,False,0.07257227953139998,True,-0.0364298937679,-0.0738040342036,-0.0012317546722000001,True
16765,838,5,19.0501270425,False,0.0699855701987,True,-0.0299436076193,-0.0662460937621,0.0037394764365599998,False
16766,838,6,6.89105170075,False,0.06753448654609999,True,-0.0380308422821,-0.0718919126905,-0.00435742614441,True
16767,838,7,4.16676312864,False,0.0640650806739,True,-0.038825106962,-0.0696293737649,-0.00556429309105,True
16768,838,8,4.96736970445,False,0.06331351780740001,True,-0.0384348933541,-0.06891230748060001,-0.00559878967318,True
16769,838,9,6.65170056099,False,0.0638916194816,True,-0.0369365786455,-0.0675611185274,-0.0036694990457299998,True
16770,838,10,1.4340768973700002,False,0.0595142517087,True,-0.0428730417361,-0.0725171066923,-0.013002854983600001,True
16771,838,11,4.034906762049999,False,0.05923702045609999,True,-0.0366059412006,-0.0671773012387,-0.00794028078263,True
16772,838,12,1.3836608991,False,0.0591441647814,True,-0.04289829785,-0.0721635351161,-0.013019370334700001,True
16773,838,13,0.260553818454,True,0.056516566294,True,-0.046833056731199994,-0.07571715640610001,-0.0192005901122,True
16774,838,14,0.660822274479,False,0.0569852032969,True,-0.047632018896199994,-0.0759427817239,-0.018957578427,True
16775,838,15,0.908386981916,False,0.057552996802,True,-0.049028508595699995,-0.0784264613112,-0.0208734645091,True
16776,838,16,0.117591827697,True,0.0575153680126,True,-0.0491029461326,-0.0792173859363,-0.0217020179236,True
16777,838,17,0.8519630001780001,False,0.054763785841300004,True,-0.0462945446013,-0.0742732788853,-0.019509493044,True
16778,838,18,0.286849669732,True,0.055104538129699995,True,-0.0498531800296,-0.0757093579653,-0.0206048198356,True
16779,838,19,0.000647898540086,True,0.0593656499639,True,-0.05672757220369999,-0.08723716832930001,-0.0278715183654,True
16780,839,0,8.99201384076,False,0.145507890915,False,-0.0605339774555,-0.131706465825,0.0138014250897,False
16781,839,1,7.593573919510001,False,0.10489477983899999,False,-0.051013412104599996,-0.104527204934,0.000367574904851,False
16782,839,2,16.5839450726,False,0.0867146503095,False,-0.0356856807054,-0.0795588959528,0.00715575435665,False
16783,839,3,11.9887635931,False,0.0818489236874,False,-0.0378803711513,-0.07832455187189999,0.00352437181546,False
16784,839,4,26.6916244953,False,0.074989275953,True,-0.026914526656,-0.06495525994990001,0.010034016003000001,False
16785,839,5,7.390233490619999,False,0.069133233378,True,-0.0378818269049,-0.074291811846,-0.005158578468020001,True
16786,839,6,0.12863777401499998,True,0.0675210655468,True,-0.058654852117499996,-0.09300626204,-0.0254851964933,True
16787,839,7,0.116627640472,True,0.0647874024164,True,-0.061893828361,-0.09523965614869999,-0.0304522537324,True
16788,839,8,0.0020059400553699997,True,0.0630587587864,True,-0.06634985802559999,-0.09858152831049999,-0.0355227695241,True
16789,839,9,0.0329127482389,True,0.060707254633,True,-0.0592552846898,-0.08903083831710001,-0.028323583684099995,True
16790,839,10,8.24469634568e-09,True,0.0602731171758,True,-0.06886282363,-0.09849276661089999,-0.0382196494351,True
16791,839,11,1.7029562009100002e-11,True,0.0616333179853,True,-0.0736890459877,-0.102612081203,-0.040978763217300006,True
16792,839,12,5.22303784203e-13,True,0.05853766249919999,True,-0.0773754313963,-0.106044508664,-0.0475068461644,True
16793,839,13,9.16701529445e-17,True,0.057203523515,True,-0.0717676728587,-0.099675553084,-0.042472029568999994,True
16794,839,14,0.00106572446591,True,0.0587820620617,True,-0.0713565227447,-0.100083303959,-0.0413012418971,True
16795,839,15,4.02303164319e-10,True,0.056030024876800005,True,-0.0688788080892,-0.0954261992902,-0.0393961744134,True
16796,839,16,0.006985022478989999,True,0.0579003077628,True,-0.0676206219773,-0.09614121595660001,-0.0382409081938,True
16797,839,17,1.39300776166e-11,True,0.055364356148,True,-0.06576789212619999,-0.0926855280954,-0.0373211719474,True
16798,839,18,3.4958668742099996e-32,True,0.058540761486300004,True,-0.078355114459,-0.107048439504,-0.0485076780181,True
16799,839,19,9.351884395760001e-24,True,0.0566933918866,True,-0.0789734729885,-0.108228212642,-0.051534820755199995,True
16800,840,0,9.49421022457,False,0.139599712541,False,-0.0576287948154,-0.128346159011,0.0112535535292,False
16801,840,1,0.6711406327230001,False,0.10155715909299999,False,-0.0770723334545,-0.12525044120999998,-0.0236932821165,True
16802,840,2,0.18724062281800002,True,0.0875993396363,False,-0.08080326521049999,-0.125185768335,-0.0375864286987,True
16803,840,3,0.123672224584,True,0.0793869110546,True,-0.0702410225902,-0.109445129692,-0.030058218637500002,True
16804,840,4,0.40485200238200003,False,0.07542732177839999,True,-0.06199511698080001,-0.09802391158060002,-0.022596589802099998,True
16805,840,5,0.688577017956,False,0.0700469282435,True,-0.0593049876767,-0.09538947482820001,-0.0253425465847,True
16806,840,6,0.246789493655,True,0.0653482468418,True,-0.0609605807311,-0.09463167164110001,-0.029283424799200004,True
16807,840,7,0.09485637273479999,True,0.06459914766340001,True,-0.055458422689500006,-0.0868824546146,-0.022283306951200003,True
16808,840,8,0.527366150317,False,0.0647897298276,True,-0.055231553608499996,-0.0890821147545,-0.0242923849269,True
16809,840,9,1.19878634171,False,0.06226363027430001,True,-0.04889143222,-0.081074517883,-0.018810887608700002,True
16810,840,10,0.0786938807263,True,0.0624886443449,True,-0.0581732074785,-0.0900812911489,-0.027592646803900004,True
16811,840,11,0.282023287341,True,0.05925206393069999,True,-0.05816453051130001,-0.08787432386769999,-0.028622259937,True
16812,840,12,0.0136610321961,True,0.0575167414442,True,-0.06252666891900001,-0.09225577937189999,-0.0347390379277,True
16813,840,13,0.00038550973107599995,True,0.05991000705130001,True,-0.0620129936397,-0.0911198768533,-0.031209869802000002,True
16814,840,14,0.00136067613727,True,0.0579307666795,True,-0.0615429672061,-0.08970386355969999,-0.031773096880200004,True
16815,840,15,0.10513314827400001,True,0.058861345164900006,True,-0.0649481747349,-0.094107126575,-0.0352457814101,True
16816,840,16,4.1138611568e-12,True,0.0580458663356,True,-0.064323687184,-0.0927950173181,-0.0347491509825,True
16817,840,17,0.00031781733951899996,True,0.0582181660317,True,-0.0698835763683,-0.10031091357000001,-0.0420927475386,True
16818,840,18,1.43610393229e-08,True,0.0557457706582,True,-0.0701911185849,-0.09856729057710001,-0.042821519918800004,True
16819,840,19,1.51571112629e-05,True,0.055875803753000004,True,-0.0665574693384,-0.09523447850780001,-0.039358674754800003,True
16820,841,0,31.5117524959,False,0.139420432751,False,-0.0029915765870900004,-0.0741563852128,0.06526404753859999,False
16821,841,1,37.1795443744,False,0.10795021643899999,False,-0.0181239444619,-0.0718299740107,0.0361202424283,False
16822,841,2,9.28307409866,False,0.0853271324697,False,-0.0422567418086,-0.083242518246,0.00208461422374,False
16823,841,3,1.37009332738,False,0.0783204466306,True,-0.055784946962,-0.0925668433017,-0.0142463966711,True
16824,841,4,2.29472556244,False,0.0709195501337,True,-0.0481385152105,-0.0859577534681,-0.015038203334399999,True
16825,841,5,7.978435318180001,False,0.0703841425125,True,-0.037117908554599996,-0.07445624396839999,-0.0040721014558299995,True
16826,841,6,2.07960320349,False,0.0649146928444,True,-0.0457450462477,-0.0768910060621,-0.011976313217700001,True
16827,841,7,0.637567558319,False,0.06628238724999999,True,-0.050113910345099995,-0.0833200932244,-0.0170377059744,True
16828,841,8,0.8187888954070001,False,0.062446772459300005,True,-0.0495435882419,-0.0813855406539,-0.018938768194599997,True
16829,841,9,1.49372310983,False,0.0601401474173,True,-0.0433154720019,-0.0758802397315,-0.0157400923142,True
16830,841,10,0.322685730796,True,0.062451742622800004,True,-0.0534416560993,-0.0839245918135,-0.021472849190700003,True
16831,841,11,0.212237610763,True,0.0593674885951,True,-0.0532250997281,-0.0833640125105,-0.0239965239154,True
16832,841,12,0.30346975254700004,True,0.059211264472199994,True,-0.0540212312702,-0.08382549159510001,-0.0246142271229,True
16833,841,13,0.04507067132780001,True,0.059757607302400005,True,-0.05538954453099999,-0.0831184867401,-0.023360879437700002,True
16834,841,14,0.0007956119332050001,True,0.0604040968748,True,-0.06376981278800001,-0.09346022751010001,-0.033056130635299996,True
16835,841,15,0.00017248456928599997,True,0.0562987499214,True,-0.0606216158873,-0.0854802610774,-0.029181511156,True
16836,841,16,8.09221705541e-08,True,0.0556165759588,True,-0.0652795315895,-0.0944090562576,-0.0387924802987,True
16837,841,17,5.03364892949e-14,True,0.0561320983556,True,-0.0670968343573,-0.0936651655467,-0.0375330671911,True
16838,841,18,1.23188502418e-13,True,0.0551858569918,True,-0.06964980949569999,-0.0982083756542,-0.04302251866230001,True
16839,841,19,1.43983762074e-06,True,0.056228523441399995,True,-0.06929454026889999,-0.09838688966539999,-0.042158366223999995,True
16840,842,0,34.322096045900004,False,0.136008984685,False,-0.007535003288150001,-0.0761632164714,0.0598457682137,False
16841,842,1,32.0618732275,False,0.10163524147,False,-0.0235652673002,-0.071899670187,0.029735571282900004,False
16842,842,2,38.673993161300004,False,0.0871809163042,False,-0.0190088985708,-0.0631173778009,0.024063538503299998,False
16843,842,3,2.3931851935900004,False,0.07841739776289999,True,-0.052113861621400005,-0.0903631491306,-0.0119457513677,True
16844,842,4,4.8131124525999995,False,0.0736267549134,True,-0.0436000625596,-0.080978945193,-0.007352190279660001,True
16845,842,5,9.4422474788,False,0.0689074326887,True,-0.0369659577006,-0.0720308399107,-0.00312340722198,True
16846,842,6,5.29274723499,False,0.06598848117219999,True,-0.0401226641448,-0.07314594146180001,-0.00715746028958,True
16847,842,7,1.50214937758,False,0.0652887312993,True,-0.0467610228237,-0.0790755042155,-0.013786772916099999,True
16848,842,8,1.3372379972600001,False,0.06270378470940001,True,-0.0470036762263,-0.0790677834826,-0.016363998773199998,True
16849,842,9,1.16868417214,False,0.0610829006648,True,-0.049282119498199994,-0.0806169783686,-0.019534077703799998,True
16850,842,10,0.165494144997,True,0.059900752805699994,True,-0.0532445179632,-0.0830214819903,-0.023120729184599998,True
16851,842,11,0.007641985103109999,True,0.0613910671987,True,-0.0591055552472,-0.0911672559211,-0.0297761887225,True
16852,842,12,0.0589119115754,True,0.05830769131630001,True,-0.0601211001396,-0.0914335675141,-0.0331258761977,True
16853,842,13,0.00401934307375,True,0.057751283510300004,True,-0.055403435844300006,-0.084554491698,-0.026803208187700003,True
16854,842,14,0.00282507449706,True,0.057602010215499995,True,-0.0604362084782,-0.08814705050039999,-0.0305450402849,True
16855,842,15,5.05853165316e-09,True,0.0585617846048,True,-0.0635135412258,-0.09129017819049999,-0.032728393585700004,True
16856,842,16,0.047094688244599996,True,0.0577131805968,True,-0.060045085509099996,-0.0896902878826,-0.0319771072858,True
16857,842,17,1.10471160246e-05,True,0.0565542613349,True,-0.0595945910898,-0.08638041959930001,-0.0298261582644,True
16858,842,18,0.036361419892800007,True,0.0548266279275,True,-0.0612279915429,-0.0895597961788,-0.0347331682513,True
16859,842,19,0.0520738173806,True,0.0576021948654,True,-0.062216096577,-0.09388763589400001,-0.036285441028699995,True
16860,843,0,1.25811523489,False,0.14169778892100002,False,-0.09510487918610001,-0.163050469186,-0.0213526802648,True
16861,843,1,1.44066350689,False,0.106240504177,False,-0.07582826780460002,-0.129281717788,-0.023041213610900002,True
16862,843,2,7.894809140610001,False,0.09113482171369999,False,-0.0474719910558,-0.0940019687026,-0.00286714698886,True
16863,843,3,2.2602507495700004,False,0.0778176126831,True,-0.0520955978338,-0.0928719084048,-0.0150542957217,True
16864,843,4,2.34622917273,False,0.07217183538260001,True,-0.048039780169,-0.0872655961494,-0.0150937607668,True
16865,843,5,8.64235225975,False,0.06897795056810001,True,-0.0372072600375,-0.07189658727039999,-0.0029186367022899997,True
16866,843,6,8.44995824882,False,0.06901238750199999,True,-0.036676331224800005,-0.0714921403976,-0.00247975289562,True
16867,843,7,17.073354494100002,False,0.0657280074097,True,-0.0295119403443,-0.06159390840969999,0.00413409899993,False
16868,843,8,12.266850843,False,0.06280808962569999,True,-0.0325007190245,-0.062169739373300004,0.000638350252408,False
16869,843,9,5.793525402819999,False,0.06274507841850001,True,-0.036584984215800004,-0.0671861941653,-0.00444111574675,True
16870,843,10,14.847382975,False,0.059914406209,True,-0.0291840645566,-0.0582137875918,0.00170061861722,False
16871,843,11,10.2452576994,False,0.0609005071069,True,-0.032111394512,-0.06324404310380001,-0.0023435359969,True
16872,843,12,4.951134799569999,False,0.06118770698559999,True,-0.037787182520599996,-0.0662690643308,-0.00508135734521,True
16873,843,13,3.68069946982,False,0.0601345363505,True,-0.0391807825138,-0.0697181169477,-0.00958358059724,True
16874,843,14,2.6884722437299997,False,0.0566126229679,True,-0.0387560122779,-0.0660016905572,-0.00938906758931,True
16875,843,15,1.1343656194299998,False,0.0567879372103,True,-0.0449013918754,-0.0738834361843,-0.0170954989741,True
16876,843,16,0.140981573958,True,0.0555238782407,True,-0.0550883202381,-0.0816259358996,-0.0261020576589,True
16877,843,17,0.5779339787610001,False,0.0556119145355,True,-0.0508768255858,-0.0810091578136,-0.025397243278099998,True
16878,843,18,0.301499989375,True,0.0567171905839,True,-0.051687034234,-0.0801670550813,-0.0234498644975,True
16879,843,19,0.151193587691,True,0.0564971678451,True,-0.0548515667054,-0.0834263995977,-0.026929231752599998,True
16880,844,0,3.0005305916400005,False,0.138645516,False,-0.0812722511565,-0.147931982353,-0.00928646635312,True
16881,844,1,1.07163766362,False,0.10389443802000001,False,-0.0752994038257,-0.1290122889,-0.025117850880800003,True
16882,844,2,0.299970810631,True,0.08780241298460001,False,-0.0706934649375,-0.11254711354000001,-0.024744700555799998,True
16883,844,3,1.7522544801299997,False,0.07923697521110001,True,-0.0546853460506,-0.09335815543199999,-0.014121180221,True
16884,844,4,3.1548308398500002,False,0.0731432416427,True,-0.047207696588900006,-0.08311995398580001,-0.00997671234309,True
16885,844,5,1.3599367078100002,False,0.0700112550253,True,-0.0516081557978,-0.08525330192700001,-0.015242046901700002,True
16886,844,6,1.85431976031,False,0.065663098424,True,-0.04520565074630001,-0.0787908695238,-0.0131277710998,True
16887,844,7,2.7052263386,False,0.0644931551323,True,-0.0419174775665,-0.0758450254875,-0.011351870355200001,True
16888,844,8,1.7505917149099999,False,0.0615519487474,True,-0.0433514603216,-0.07540618570060001,-0.0138542369531,True
16889,844,9,1.50185118986,False,0.0603827731064,True,-0.044446343475000004,-0.075360401882,-0.0149776287755,True
16890,844,10,0.5204716861959999,False,0.0589854400074,True,-0.0499106782409,-0.07940705498339999,-0.0204216149759,True
16891,844,11,0.321500736382,True,0.0601127179189,True,-0.0537443371904,-0.0848005758144,-0.0246878578956,True
16892,844,12,0.016948225940399998,True,0.0591229271966,True,-0.053841884784599996,-0.0830221791592,-0.0238992519625,True
16893,844,13,0.05377294590869999,True,0.0592227567024,True,-0.055463281689,-0.0847053226987,-0.0254825659963,True
16894,844,14,1.40202265866,False,0.0596271176963,True,-0.0464327500361,-0.0772001859794,-0.0175730682831,True
16895,844,15,0.183810404903,True,0.056899762031699996,True,-0.0476417510231,-0.07596702902819999,-0.0190672669965,True
16896,844,16,0.00378678631911,True,0.057231405033200004,True,-0.05983818434830001,-0.0887865123902,-0.031555107357099994,True
16897,844,17,8.46218174016e-05,True,0.0581573215699,True,-0.06380205809980001,-0.09346646410489999,-0.035309142535000004,True
16898,844,18,0.156398688298,True,0.0555680429395,True,-0.0667461409466,-0.0941179689411,-0.038549926001599996,True
16899,844,19,7.43883285223e-12,True,0.056753880161600004,True,-0.0665565477411,-0.0952171966447,-0.0384633164831,True
16900,845,0,24.106616097899998,False,0.140862009035,False,-0.0322768572555,-0.106002249426,0.034859759609699996,False
16901,845,1,3.03020073499,False,0.10218730863500002,False,-0.06279288007280001,-0.111190940507,-0.00900363187149,True
16902,845,2,2.36022415902,False,0.0880679965388,False,-0.058090365095699995,-0.100357177157,-0.012289180618399998,True
16903,845,3,0.108044518097,True,0.07716717600499999,True,-0.07057013295860001,-0.11107769048699999,-0.0339105144819,True
16904,845,4,0.0730636425974,True,0.0768732166722,True,-0.080823001612,-0.116704949951,-0.0398317332786,True
16905,845,5,2.33496246222e-13,True,0.07072997924810001,True,-0.0824142548055,-0.115693705832,-0.04496372658390001,True
16906,845,6,0.000192746391728,True,0.0681270652896,True,-0.0747755441925,-0.109592806878,-0.0414657415885,True
16907,845,7,5.5770805850799997e-11,True,0.0641576144485,True,-0.0743109572067,-0.103295396822,-0.039137782373300005,True
16908,845,8,7.1378458606199986e-12,True,0.0635353015043,True,-0.07311360735439999,-0.105130096153,-0.0415947946485,True
16909,845,9,2.65180571641e-10,True,0.060988924809,True,-0.0728991104718,-0.10306851952400001,-0.042079594715300005,True
16910,845,10,1.5832727026e-06,True,0.060601833948400005,True,-0.06519768776000001,-0.09630040168819999,-0.035698567739800006,True
16911,845,11,1.2899723662000002e-07,True,0.061024998720199994,True,-0.07373567949780001,-0.105054637763,-0.044029639043300005,True
16912,845,12,5.60417790967e-15,True,0.0595898283795,True,-0.07098819114419999,-0.0998582586675,-0.040268430288,True
16913,845,13,0.00102729045958,True,0.0587136836931,True,-0.07423545960969999,-0.105781443704,-0.0470677600112,True
16914,845,14,1.18229587868e-13,True,0.057805665448000004,True,-0.0735590039023,-0.102207266041,-0.044401600593300006,True
16915,845,15,7.27126311181e-19,True,0.0563231149823,True,-0.07330038006410002,-0.09924044553099999,-0.0429173305487,True
16916,845,16,4.12765844827e-16,True,0.055439618287500006,True,-0.06966529061980001,-0.0980307267354,-0.042591108447900004,True
16917,845,17,6.157185120760001e-15,True,0.059038958391899994,True,-0.071596372556,-0.10249050441600001,-0.0434515460238,True
16918,845,18,0.00126626152532,True,0.0573325352465,True,-0.0636858835038,-0.0926073026538,-0.035274767407300005,True
16919,845,19,0.0006963746388180001,True,0.0562861668622,True,-0.0637786947437,-0.09152665262710001,-0.035240485764900006,True
16920,846,0,31.838584865700003,False,0.140400933275,False,-0.011921339631299998,-0.082718163199,0.0576827700756,False
16921,846,1,30.927405104,False,0.104080745975,False,-0.0239536059699,-0.07384268305,0.0302380629251,False
16922,846,2,49.3876630139,False,0.09311193797110001,False,-0.009546706499610001,-0.054245342989300005,0.038866594981699996,False
16923,846,3,48.471920518199994,False,0.0802694372553,False,-0.014209725339600002,-0.0550473108736,0.0252221263818,False
16924,846,4,53.9892472278,False,0.0743554254452,True,-0.009950363788620001,-0.0455014043908,0.028854021054400002,False
16925,846,5,67.5253575698,False,0.069208608206,True,-0.00396824874822,-0.038504126308100003,0.030704481897900003,False
16926,846,6,39.8927973309,False,0.069340766662,True,-0.018472761611099998,-0.0533054302436,0.0160353364184,False
16927,846,7,16.418686005599998,False,0.06423788856030001,True,-0.030413539629099998,-0.0611619781283,0.0030759104319299994,False
16928,846,8,9.796986852060002,False,0.06255229172780001,True,-0.033237729693400005,-0.06485740266130001,-0.0023051109335,True
16929,846,9,3.01498403694,False,0.06237519904569999,True,-0.040425578312699995,-0.07011708483660001,-0.00774188579089,True
16930,846,10,1.16872541909,False,0.061849216086,True,-0.047513282808400004,-0.0796397547113,-0.017790538625299997,True
16931,846,11,0.935022348635,False,0.059597350208099996,True,-0.0470108091297,-0.0770361123178,-0.0174387621096,True
16932,846,12,3.76791496955,False,0.057710375143599994,True,-0.0381956754347,-0.0668633379674,-0.009152962823719999,True
16933,846,13,2.3464878273,False,0.058255032813800005,True,-0.0405647772246,-0.0718178562078,-0.013562823394,True
16934,846,14,2.97710711163,False,0.058750308297300005,True,-0.0387873326039,-0.0673435300859,-0.00859322178866,True
16935,846,15,2.94625495848,False,0.061160567142,True,-0.0418319190891,-0.0734322371005,-0.0122716699585,True
16936,846,16,0.102876492309,True,0.0550786543784,True,-0.0481090889444,-0.0751264464216,-0.0200477920432,True
16937,846,17,0.464228772549,False,0.056774716684800004,True,-0.051210152583099994,-0.0800407555292,-0.0232660388444,True
16938,846,18,0.285839975364,True,0.0583098729151,True,-0.0488827287691,-0.07804002602580001,-0.019730153110799998,True
16939,846,19,0.0443684973291,True,0.057244538807499995,True,-0.0533734811368,-0.0813911440832,-0.0241466052757,True
16940,847,0,23.592185624099997,False,0.14416588067299999,False,-0.030328085436299997,-0.100132811311,0.044033069361500005,False
16941,847,1,6.3363978989400005,False,0.10372308219200001,False,-0.0549011637136,-0.105160919499,-0.0014378373076800002,True
16942,847,2,12.745129198099999,False,0.0879681682592,False,-0.0389513661157,-0.08178897546529999,0.006179192793930001,False
16943,847,3,3.4015760181299997,False,0.0768394313688,True,-0.046699525142500004,-0.08554398982239998,-0.00870455845359,True
16944,847,4,2.95431074832,False,0.0726224998177,True,-0.0480977239026,-0.08510012685650001,-0.0124776270389,True
16945,847,5,8.543056245219999,False,0.07140856640089999,True,-0.0375057101986,-0.0746871906643,-0.00327862426339,True
16946,847,6,2.64349197096,False,0.0678584564644,True,-0.0463099003087,-0.0798396263599,-0.0119811698955,True
16947,847,7,9.70102856781,False,0.0654418752764,True,-0.0328973988987,-0.0671733555603,-0.0017314802838499998,True
16948,847,8,4.91351587769,False,0.0641254380018,True,-0.0393863150237,-0.0697319131573,-0.005606475155529999,True
16949,847,9,3.28305614744,False,0.0617647417698,True,-0.0412907039523,-0.07251627179839999,-0.010751530028600001,True
16950,847,10,1.7756832011900001,False,0.06259806822599999,True,-0.0471035755547,-0.0797420287373,-0.017143960511300002,True
16951,847,11,0.44690538152599996,False,0.05828324866930001,True,-0.0492301723282,-0.0778533964863,-0.019570147817,True
16952,847,12,0.513351696743,False,0.0616519245273,True,-0.0517843021241,-0.0813714122191,-0.019719487691799997,True
16953,847,13,0.231793370387,True,0.0578388353268,True,-0.051104122747800004,-0.0809302788098,-0.023091443483,True
16954,847,14,0.31638712208,True,0.0603192529588,True,-0.052919617439699994,-0.0833469470378,-0.023027694079,True
16955,847,15,0.239520285402,True,0.0596326121894,True,-0.052474400445,-0.0839066025141,-0.0242739903247,True
16956,847,16,0.000844198937406,True,0.057732298370900006,True,-0.058042585568900004,-0.0863593030688,-0.0286270046979,True
16957,847,17,0.00105087251362,True,0.057604326908800005,True,-0.052658341633599996,-0.0824485232168,-0.0248441963081,True
16958,847,18,0.000335800886794,True,0.0576031507775,True,-0.05663207627169999,-0.08557739509130001,-0.0279742443138,True
16959,847,19,1.74097463083e-06,True,0.0546970288848,True,-0.0579878854559,-0.0864384714456,-0.0317414425608,True
16960,848,0,32.0618964405,False,0.143569155614,False,-0.00917150292667,-0.0814552244262,0.0621139311881,False
16961,848,1,41.474190481,False,0.10471944484300001,False,-0.010013396029700002,-0.0650126249923,0.0397068198506,False
16962,848,2,14.784943551600001,False,0.08986171341350001,False,-0.0383660805502,-0.0829654364437,0.00689627696979,False
16963,848,3,6.80953162354,False,0.0753209064062,True,-0.0405239433414,-0.0782061043881,-0.0028851979819100003,True
16964,848,4,1.6784007496899997,False,0.06944875109,True,-0.0494451042536,-0.0842513867302,-0.014802635640200002,True
16965,848,5,1.9122252412799998,False,0.0682292953623,True,-0.048717452723,-0.0824756470759,-0.014246351713600001,True
16966,848,6,0.8457956776980001,False,0.064210554046,True,-0.0501115364807,-0.0837882289701,-0.0195776749241,True
16967,848,7,0.44417977167499995,False,0.0641767970047,True,-0.0552781014965,-0.08870001161010001,-0.0245232146053,True
16968,848,8,0.160920391647,True,0.0615509972222,True,-0.052962964817599996,-0.08492779896469999,-0.0233768017424,True
16969,848,9,4.25766580567e-06,True,0.0635608990709,True,-0.0671729993141,-0.09599122674069999,-0.032430327669799995,True
16970,848,10,1.3164799334799998e-12,True,0.0595922939272,True,-0.0726031390164,-0.101654721602,-0.0420624276746,True
16971,848,11,2.4493661342399997e-11,True,0.060204261429599996,True,-0.0721676805922,-0.101882958227,-0.0416786967977,True
16972,848,12,2.88676700436e-11,True,0.0603119220836,True,-0.07387601995660001,-0.10214352832399999,-0.041831606240099996,True
16973,848,13,9.10110666486e-29,True,0.057132933102900005,True,-0.0782362846037,-0.106181434321,-0.0490485012186,True
16974,848,14,7.56403642667e-14,True,0.0581207310288,True,-0.07369841601160002,-0.103493755347,-0.045373024318000006,True
16975,848,15,4.1403091455699997e-47,True,0.0568368572668,True,-0.08566815895030001,-0.11425612222999999,-0.0574192649629,True
16976,848,16,2.22039016556e-44,True,0.0581476594912,True,-0.09041069694739999,-0.118110889264,-0.0599632297726,True
16977,848,17,1.62203314832e-51,True,0.0559764780921,True,-0.0902773623693,-0.119235645746,-0.0632591676542,True
16978,848,18,7.644237249800001e-51,True,0.0566024075858,True,-0.08899603238630001,-0.118017595955,-0.061415188368899996,True
16979,848,19,5.184755899459999e-54,True,0.0559226508974,True,-0.09697264030689999,-0.124888784909,-0.0689661340112,True
16980,849,0,5.62548075077,False,0.136331935135,False,-0.0686443084269,-0.13841092027899998,-0.00207898514363,True
16981,849,1,2.21879950374,False,0.10039966143300001,False,-0.0638559913112,-0.115736039011,-0.015336377578,True
16982,849,2,6.4778870134,False,0.0888922238173,False,-0.0489291185883,-0.0936738998711,-0.00478167605382,True
16983,849,3,2.5873146981799997,False,0.081421160121,False,-0.05314612418319999,-0.0953413207128,-0.013920160591799999,True
16984,849,4,0.9346811843549999,False,0.07440168046630001,True,-0.0570496599125,-0.0942211453209,-0.0198194648546,True
16985,849,5,0.407291011619,False,0.0671972390152,True,-0.057692066863699994,-0.0916009929077,-0.0244037538925,True
16986,849,6,0.121142575395,True,0.0667477444011,True,-0.0604341042906,-0.093779620622,-0.027031876220900003,True
16987,849,7,1.6295420174200002,False,0.0662489204554,True,-0.0491285506723,-0.08141386858710001,-0.0151649481317,True
16988,849,8,1.28836209777,False,0.0622989627249,True,-0.0476287898666,-0.07896588011910001,-0.0166669173942,True
16989,849,9,0.671812377219,False,0.0636467107139,True,-0.0490025490986,-0.08005507648360001,-0.0164083657697,True
16990,849,10,1.6659465446500001,False,0.0610178356776,True,-0.04605355647749999,-0.0778051017459,-0.0167872660682,True
16991,849,11,0.570429425353,False,0.058257185131099995,True,-0.0497022089278,-0.0779779328287,-0.0197207476976,True
16992,849,12,1.6139262154799998,False,0.059866798977300004,True,-0.0436201812105,-0.07414090450880001,-0.0142741055315,True
16993,849,13,1.21217368814,False,0.0577571408826,True,-0.0444925046949,-0.0751614631236,-0.017404322241,True
16994,849,14,2.05552994142,False,0.056216036706,True,-0.0433469798203,-0.0713975537147,-0.015181517008700001,True
16995,849,15,0.341800291044,False,0.057982578999300004,True,-0.0502696950392,-0.0795969384898,-0.021614359490499998,True
16996,849,16,0.0030958003652100004,True,0.05692699290369999,True,-0.054704583789400005,-0.0834487472556,-0.0265217543519,True
16997,849,17,0.0677187798344,True,0.0561918914264,True,-0.054668484236,-0.08364288780019999,-0.027450996373799996,True
16998,849,18,0.148851451338,True,0.0555032856106,True,-0.054761244834199994,-0.0840133509207,-0.0285100653101,True
16999,849,19,0.00339160558257,True,0.056108790122,True,-0.058338548692199996,-0.08746892979139999,-0.0313601396694,True
17000,850,0,23.3677820332,False,0.138076949612,False,-0.0317510900586,-0.09927894063110002,0.0387980089805,False
17001,850,1,25.319305289000003,False,0.105263827983,False,-0.0291560863048,-0.08240226459710001,0.0228615633863,False
17002,850,2,45.69813710060001,False,0.0916085124082,False,-0.0118179928459,-0.056257730397899997,0.0353507820103,False
17003,850,3,2.24617361291,False,0.0784888436077,True,-0.0543394511185,-0.09529292425930001,-0.0168040806516,True
17004,850,4,0.674230860613,False,0.0760415320306,True,-0.0577462513014,-0.09854514094769999,-0.022503608917,True
17005,850,5,7.13449875625,False,0.0698705201265,True,-0.0377453710257,-0.07270385908430001,-0.0028333389578299997,True
17006,850,6,12.370297738800001,False,0.06974657733310001,True,-0.0329907814263,-0.0683525181342,0.0013940591989000002,False
17007,850,7,7.190518620239999,False,0.0658859346631,True,-0.0376931928761,-0.0709613821291,-0.00507544746601,True
17008,850,8,3.7854901064499997,False,0.0622752379467,True,-0.0392079778147,-0.0718010872194,-0.00952584927273,True
17009,850,9,13.2432480346,False,0.062325138806400004,True,-0.0304792366635,-0.06019531791669999,0.0021298208896400003,False
17010,850,10,10.949970085699999,False,0.060561153570099995,True,-0.0313769044212,-0.0612867874249,-0.0007256338547719999,True
17011,850,11,4.052447964230001,False,0.05865459582449999,True,-0.037582888021199995,-0.0654558001959,-0.0068012043713800005,True
17012,850,12,5.48069374659,False,0.0591888856248,True,-0.0355117794201,-0.0661925922723,-0.00700370664753,True
17013,850,13,6.25535086767,False,0.056999483521999995,True,-0.0345962004536,-0.062464199266,-0.00546471574409,True
17014,850,14,4.9526940903500005,False,0.0578715642232,True,-0.0358562319506,-0.0645507966676,-0.00667923244437,True
17015,850,15,1.53284868135,False,0.05901023084840001,True,-0.0434847625817,-0.0729142506563,-0.013904019808,True
17016,850,16,0.00017340433646699998,True,0.0578221457229,True,-0.0565278393501,-0.08638338271639999,-0.028561236993499998,True
17017,850,17,0.028916027230799998,True,0.056520213999899996,True,-0.058755518392,-0.0871832174687,-0.0306630034688,True
17018,850,18,0.0342081613467,True,0.055804489587900005,True,-0.0612659079842,-0.08841056805150001,-0.032606078463599995,True
17019,850,19,1.79508983233e-08,True,0.0584263512206,True,-0.06489506046009999,-0.09589392576469999,-0.037467574544,True
17020,851,0,30.8898068184,False,0.136805908099,False,-0.0182560227133,-0.08842213080610001,0.04838377729309999,False
17021,851,1,20.6654929105,False,0.10370575288999999,False,-0.0335296956226,-0.0847404442027,0.0189653086874,False
17022,851,2,7.708815379760001,False,0.08648415846560001,False,-0.044421672988599996,-0.08728932363849999,-0.000805165172935,True
17023,851,3,14.674739806300002,False,0.0790609670554,True,-0.0340442411423,-0.0734427137567,0.00561825329876,False
17024,851,4,47.8983924938,False,0.0735343323427,True,-0.015533887797100002,-0.052349438367099994,0.0211848939756,False
17025,851,5,13.3053341127,False,0.0707158344385,True,-0.0331403426303,-0.0677812444708,0.00293458996769,False
17026,851,6,9.54203729572,False,0.06496488005789999,True,-0.0327735575492,-0.0660512373431,-0.00108635728524,True
17027,851,7,28.4517847224,False,0.06443446376249999,True,-0.023736669794200003,-0.055649004211599996,0.00878545955089,False
17028,851,8,8.17988927007,False,0.061329888464599996,True,-0.0331804712898,-0.06481410728459999,-0.00348421882002,True
17029,851,9,12.2951599,False,0.06170157325950001,True,-0.030123809407099997,-0.0595366504736,0.0021649227858499998,False
17030,851,10,10.6415112474,False,0.06065201963880001,True,-0.0313722356497,-0.062148896167099996,-0.00149687652829,True
17031,851,11,12.533750106800001,False,0.060147747976799996,True,-0.030419380253,-0.059343580266899995,0.0008041677098849999,False
17032,851,12,4.80526238795,False,0.058811419202,True,-0.0359581900134,-0.0664449235576,-0.00763350435553,True
17033,851,13,7.069156921139999,False,0.06011460386609999,True,-0.034315178239700005,-0.063740401524,-0.00362579765791,True
17034,851,14,7.3903022393199995,False,0.059002909579800006,True,-0.034284618654,-0.0645202142448,-0.005517304665,True
17035,851,15,0.7165703847079999,False,0.057036925852300004,True,-0.0454200082208,-0.0733492578927,-0.016312332040399998,True
17036,851,16,0.158164640346,True,0.056267261056199995,True,-0.050857423666000004,-0.0784445434363,-0.0221772823801,True
17037,851,17,0.21049698442200002,True,0.059385701266,True,-0.052080597052300004,-0.0812695491675,-0.021883847901499998,True
17038,851,18,0.0416315313714,True,0.0541550710185,True,-0.053286930360000005,-0.0814006278621,-0.0272455568437,True
17039,851,19,0.04598534072430001,True,0.0578816046414,True,-0.054086198369000006,-0.08288192851,-0.0250003238686,True
17040,852,0,32.555772745700004,False,0.139788601554,False,-0.0138524034398,-0.08379527217560001,0.0559933293781,False
17041,852,1,25.890563934499998,False,0.10236491373199999,False,-0.0309976073895,-0.08492517424410001,0.017439739487599998,False
17042,852,2,53.0338399851,False,0.08989936128460001,False,-0.00767355600768,-0.0546348470625,0.0352645142221,False
17043,852,3,16.8421977499,False,0.0782904445864,True,-0.034005962179900005,-0.0735498250613,0.0047406195251099995,False
17044,852,4,7.92301101019,False,0.0742876119587,True,-0.0392732900118,-0.0771370281282,-0.00284941616948,True
17045,852,5,3.80783083313,False,0.0683619953198,True,-0.042313006020599994,-0.07914817715210001,-0.010786181832399998,True
17046,852,6,4.9659049737,False,0.06895860723010001,True,-0.0406773388807,-0.0755162341672,-0.0065576269371000005,True
17047,852,7,0.654829123325,False,0.0661136119289,True,-0.053524207489099994,-0.0877879845861,-0.0216743726572,True
17048,852,8,0.371001962585,False,0.0615487434411,True,-0.0520154249304,-0.0815092579996,-0.019960514558500002,True
17049,852,9,0.105738778897,True,0.0619228643966,True,-0.0562062624402,-0.08611911470450001,-0.024196250307900003,True
17050,852,10,0.418039260332,False,0.057748872553,True,-0.0522759071361,-0.08002661677539999,-0.022277744222400003,True
17051,852,11,0.213116070757,True,0.060874403710599996,True,-0.05309234681419999,-0.08445329362230002,-0.0235788899118,True
17052,852,12,1.4984906530700002,False,0.06021471328959999,True,-0.044612429101599994,-0.0751864465074,-0.0149717332178,True
17053,852,13,1.3541545503299999,False,0.0593202603102,True,-0.0475674537464,-0.0761407178136,-0.0168204575034,True
17054,852,14,0.503651897007,False,0.05814000900190001,True,-0.0494921745035,-0.07800369241010001,-0.0198636834082,True
17055,852,15,0.46429053583200003,False,0.058058380495699995,True,-0.051425523907000004,-0.07891904016950001,-0.0208606596738,True
17056,852,16,0.00710287650715,True,0.0562161303178,True,-0.0572001767219,-0.08585289639730001,-0.029636766079500002,True
17057,852,17,0.00184481732632,True,0.0543145644308,True,-0.0553560712797,-0.08340024383510002,-0.0290856794043,True
17058,852,18,4.96429538068e-06,True,0.0569231927071,True,-0.0565136440167,-0.08593244647949999,-0.029009253772400004,True
17059,852,19,0.0012162314238199998,True,0.056478425630199995,True,-0.0568519563981,-0.0851834964594,-0.0287050708292,True
17060,853,0,19.1037966406,False,0.14088461523,False,0.0389581398295,-0.0296473936656,0.11123722156400001,False
17061,853,1,38.1627581044,False,0.102700377511,False,0.017666045961900002,-0.0308316503732,0.0718687271373,False
17062,853,2,51.453288004399994,False,0.08783504871780001,False,0.00963769506551,-0.03539631497,0.052438733747800004,False
17063,853,3,59.149270996700004,False,0.0793705116998,True,0.00207617719866,-0.0370403273966,0.04233018430319999,False
17064,853,4,52.407380929700004,False,0.0755107488665,True,-0.0117204960087,-0.048531319362399995,0.0269794295041,False
17065,853,5,48.7719726319,False,0.06884260815139999,True,-0.015776413088400002,-0.0505988322193,0.018243775932099998,False
17066,853,6,72.2505206992,False,0.06798837418920001,True,-0.00127176229676,-0.0337872867889,0.0342010874003,False
17067,853,7,63.423809622,False,0.0660215390286,True,-0.007966747961439999,-0.0404620239573,0.0255595150713,False
17068,853,8,22.0241962569,False,0.0625794317027,True,-0.0258374720613,-0.0562843073855,0.00629512431722,False
17069,853,9,6.001463103990001,False,0.0635831175088,True,-0.03690207435619999,-0.0675632291158,-0.00398011160704,True
17070,853,10,1.05660121243,False,0.0583033116092,True,-0.045194608229599996,-0.07290864558389999,-0.0146053339747,True
17071,853,11,1.91137194392,False,0.061099355048699996,True,-0.044284512222800006,-0.0742467845131,-0.013147429464399998,True
17072,853,12,0.743199365222,False,0.0596606984607,True,-0.048643005320300005,-0.0786931488027,-0.019032450342,True
17073,853,13,0.521897397947,False,0.0595911750442,True,-0.05230439371330001,-0.0814632856311,-0.021872110587,True
17074,853,14,0.021888344868099995,True,0.0588547412654,True,-0.0528549543181,-0.0810039339227,-0.0221491926572,True
17075,853,15,0.057750502763099995,True,0.0568136124082,True,-0.0551121359944,-0.0829470351904,-0.026133422782200003,True
17076,853,16,0.325429048544,True,0.0566394452141,True,-0.0503172065619,-0.0773634778006,-0.020724032586599998,True
17077,853,17,0.0389241527088,True,0.05525238407980001,True,-0.048820634621599995,-0.0759205509161,-0.020668166836400003,True
17078,853,18,1.31829169935,False,0.058249606403000004,True,-0.0428859598207,-0.07206226667719999,-0.013812660274200002,True
17079,853,19,0.733469411619,False,0.0558356260233,True,-0.0476120685986,-0.07569052027789999,-0.019854894254700002,True
17080,854,0,4.28576967913,False,0.144000904868,False,-0.0765459338112,-0.150047337269,-0.0060464324014,True
17081,854,1,0.000612512676429,True,0.0996262103324,False,-0.100151215758,-0.150601362126,-0.050975151793599995,True
17082,854,2,0.289532145967,True,0.08875768392560002,False,-0.0730870039641,-0.11731000509199999,-0.028552321165999997,True
17083,854,3,2.49145283962,False,0.0798925818602,True,-0.052561654875300005,-0.09214134142210001,-0.0122487595619,True
17084,854,4,8.134927596939999,False,0.0746815427556,True,-0.0389768952283,-0.07595690090589999,-0.00127535815035,True
17085,854,5,14.401470846199999,False,0.0707014518525,True,-0.0315461266579,-0.06855985009030001,0.00214160176228,False
17086,854,6,24.252768565900002,False,0.0686981653111,True,-0.025888128784500003,-0.0618038417606,0.00689432355051,False
17087,854,7,18.123652998900003,False,0.06440222401269999,True,-0.029707891384799998,-0.0599903635161,0.0044118604966,False
17088,854,8,20.1735375318,False,0.0640905995926,True,-0.0276229753602,-0.0600730809062,0.00401751868645,False
17089,854,9,5.16824922826,False,0.061776438224900004,True,-0.036435721961800005,-0.066887941829,-0.0051115036041,True
17090,854,10,19.0024673649,False,0.0608936170952,True,-0.027028761143099996,-0.0575705116598,0.00332310543536,False
17091,854,11,27.3687587845,False,0.060220798410099995,True,-0.0229672087059,-0.0517141483404,0.008506650069679999,False
17092,854,12,20.5498575369,False,0.061667645317900005,True,-0.026056544578200003,-0.0551517615049,0.0065158838129200005,False
17093,854,13,29.223100292199998,False,0.0612802667466,True,-0.021946875112099997,-0.0511395444742,0.0101407222724,False
17094,854,14,10.5799322732,False,0.056848687532,True,-0.030307687781,-0.059057915425399996,-0.0022092278933600004,True
17095,854,15,8.07583921559,False,0.0559525479373,True,-0.0320594117695,-0.0604190028497,-0.00446645491239,True
17096,854,16,2.2769794168,False,0.0555542427762,True,-0.0390773921001,-0.0665767806906,-0.0110225379143,True
17097,854,17,2.06979362432,False,0.056905959622,True,-0.0408727986317,-0.06935103250960001,-0.012445072887600002,True
17098,854,18,4.53325033305,False,0.056838086707199996,True,-0.0361984903939,-0.0648683154397,-0.008030228732510001,True
17099,854,19,1.20200193029,False,0.0564808546296,True,-0.042443025912,-0.0718529763922,-0.0153721217625,True
17100,855,0,31.4866325457,False,0.142510374306,False,-0.0136738915998,-0.08556851639900001,0.05694185790680001,False
17101,855,1,24.3452387068,False,0.10496134965399999,False,-0.0298480074052,-0.0828809062773,0.022080443377,False
17102,855,2,7.937750793260001,False,0.08707109169590001,False,-0.0450503904621,-0.0865763243537,0.000494767342241,False
17103,855,3,2.80270002495,False,0.0808630908358,False,-0.053353177257000006,-0.0952563137747,-0.0143932229388,True
17104,855,4,2.88307007835,False,0.0743074889507,True,-0.047709298521,-0.08440631203500001,-0.010098823084299999,True
17105,855,5,1.6774769946599999,False,0.0711779536343,True,-0.0507093961209,-0.08463727455919999,-0.013459320924899999,True
17106,855,6,5.87385759824,False,0.068377965387,True,-0.0389127281627,-0.0737881077139,-0.005410142326850001,True
17107,855,7,12.7162848772,False,0.0653034555203,True,-0.032413889883699996,-0.0650411741052,0.000262281415178,False
17108,855,8,8.910807426,False,0.0635047180925,True,-0.0347435039368,-0.0660730924176,-0.0025683743251500002,True
17109,855,9,2.11203098825,False,0.060655725198099995,True,-0.041881573893400005,-0.07157121053339999,-0.010915485335299999,True
17110,855,10,0.651833574525,False,0.06015391937999999,True,-0.0501526199746,-0.07977822540969999,-0.0196243060298,True
17111,855,11,0.41705920119400003,False,0.0588616839238,True,-0.051261141386699995,-0.0802335454859,-0.021371861562,True
17112,855,12,0.000133871777268,True,0.0577299656378,True,-0.059551536135,-0.0877273089347,-0.029997343297,True
17113,855,13,0.0857019039791,True,0.0584991215527,True,-0.05901128606790001,-0.0880196986311,-0.029520577078400004,True
17114,855,14,1.3539728167400001e-09,True,0.058564297787100004,True,-0.06355841280640001,-0.09146200996210001,-0.0328977121751,True
17115,855,15,0.0010222974798500001,True,0.056645197852,True,-0.0672629228685,-0.09655132876160001,-0.0399061309096,True
17116,855,16,3.47130575435e-08,True,0.0564614279575,True,-0.0668586060626,-0.0941905916326,-0.037729163675,True
17117,855,17,3.97973512775e-15,True,0.055052292598800005,True,-0.07046950912069999,-0.0970496382542,-0.0419973456554,True
17118,855,18,2.64441935774e-21,True,0.057055934967900006,True,-0.0798225596962,-0.108041448213,-0.0509855132448,True
17119,855,19,6.41107363744e-20,True,0.0569996362251,True,-0.0807891475862,-0.110352628507,-0.053352992282300005,True
17120,856,0,18.8939739631,False,0.138709570578,False,-0.0396473080086,-0.108387282202,0.030322288375300002,False
17121,856,1,9.23834440259,False,0.104930035339,False,-0.0500486493081,-0.10267491302300001,0.00225512231637,False
17122,856,2,14.1073972426,False,0.0869361459878,False,-0.036928877501400004,-0.0791785941292,0.00775755185863,False
17123,856,3,7.247235584039999,False,0.07879564172410002,True,-0.0433065663581,-0.081390859955,-0.00259521823091,True
17124,856,4,10.8712750201,False,0.07287394222969999,True,-0.0354681969743,-0.07102358473060001,0.00185035749908,False
17125,856,5,8.05997380255,False,0.0708552457942,True,-0.0368503237941,-0.0739116695985,-0.00305642380434,True
17126,856,6,2.60412092339,False,0.0670336062195,True,-0.0457634609363,-0.07976608384660001,-0.0127324776271,True
17127,856,7,1.7230941717299997,False,0.0658226257238,True,-0.0470550879983,-0.0797724669256,-0.013949841201799998,True
17128,856,8,0.0831488640235,True,0.062830160382,True,-0.0539906224445,-0.0848000703505,-0.021969909968400002,True
17129,856,9,0.313426344503,True,0.060150056340100004,True,-0.05181183627619999,-0.08126700590750001,-0.0211169495674,True
17130,856,10,0.118994170761,True,0.0587245050693,True,-0.0564961382931,-0.08604167767989998,-0.0273171726106,True
17131,856,11,0.0502536809389,True,0.0581719338533,True,-0.061631161595400004,-0.0909674278966,-0.0327954940433,True
17132,856,12,0.0414507944624,True,0.0605728821349,True,-0.0554575661346,-0.08719714886739999,-0.0266242667325,True
17133,856,13,0.00295612521937,True,0.058256231551,True,-0.062960523298,-0.0907885755597,-0.0325323440087,True
17134,856,14,7.85443154218e-05,True,0.0579252830489,True,-0.0664892131361,-0.097058002225,-0.0391327191761,True
17135,856,15,6.71876966651e-06,True,0.056895097281,True,-0.0654202093122,-0.0932102366175,-0.0363151393365,True
17136,856,16,9.30707318793e-05,True,0.05670099800699999,True,-0.0609074500407,-0.08986290953849999,-0.0331619115314,True
17137,856,17,0.00265140412944,True,0.059197189762,True,-0.0586269378685,-0.0871488955494,-0.027951705787400003,True
17138,856,18,6.38612081895e-10,True,0.0569214794756,True,-0.0631196410082,-0.0915919054538,-0.0346704259782,True
17139,856,19,9.73499688094e-10,True,0.0575173715907,True,-0.0647238200064,-0.09304014942230002,-0.0355227778317,True
17140,857,0,31.4724487385,False,0.14084767418,False,-0.00957534023924,-0.07880112857760001,0.062046545602400006,False
17141,857,1,35.1502669485,False,0.103808893818,False,-0.0194934939701,-0.0718384047079,0.0319704891105,False
17142,857,2,14.277525056400002,False,0.0902271605727,False,-0.0382213888096,-0.0834578961655,0.00676926440728,False
17143,857,3,5.7269082861000005,False,0.0791350940384,True,-0.0453330549566,-0.0852602795954,-0.006125185557029999,True
17144,857,4,6.51071407322,False,0.07401531216589999,True,-0.042162325093400004,-0.07920216366499999,-0.00518685149912,True
17145,857,5,15.250573678,False,0.0692929902395,True,-0.031272483326500004,-0.0661574101779,0.0031355800615799996,False
17146,857,6,13.1654724674,False,0.06660565731990001,True,-0.0324809794074,-0.0660305536436,0.000575103676373,False
17147,857,7,4.1681272899,False,0.062276896004499996,True,-0.039353014317,-0.0703394445572,-0.008062548552689999,True
17148,857,8,1.9340146230200002,False,0.0624426044453,True,-0.043687036621,-0.07534495627110001,-0.0129023518258,True
17149,857,9,0.433589854007,False,0.06107752358969999,True,-0.051265127842600004,-0.08176241658969999,-0.020684893,True
17150,857,10,0.11921973374000001,True,0.062105679355499994,True,-0.056874686627199994,-0.0890432474364,-0.0269375680809,True
17151,857,11,0.19838353642,True,0.0612797080571,True,-0.0506511835109,-0.0794934349386,-0.0182137268815,True
17152,857,12,0.0031349754276,True,0.059969497871000005,True,-0.059526765564,-0.0895694540104,-0.029599956139400002,True
17153,857,13,0.00105805148604,True,0.05990167677680001,True,-0.0575595822936,-0.0862433681525,-0.026341691375700003,True
17154,857,14,0.000535775404747,True,0.0586672136359,True,-0.05747554146000001,-0.086030552293,-0.0273633386572,True
17155,857,15,7.6604967796e-06,True,0.0563083337995,True,-0.058282295100099996,-0.0866955962978,-0.0303872624983,True
17156,857,16,0.182315005048,True,0.05779367081069999,True,-0.0574090049259,-0.08800814019020001,-0.0302144693795,True
17157,857,17,0.015572643227,True,0.0578963542838,True,-0.0607923003661,-0.08872278977959999,-0.030826435495799998,True
17158,857,18,3.18538816016e-09,True,0.054900869425400005,True,-0.0598714272377,-0.0880289532075,-0.0331280837821,True
17159,857,19,0.00026497664773099996,True,0.0573987461056,True,-0.059691585594899996,-0.08891362057560001,-0.031514874469999996,True
17160,858,0,10.7024214298,False,0.140873565779,False,-0.0544549377085,-0.124820205086,0.0160533606931,False
17161,858,1,15.8562235058,False,0.10968845530999999,False,-0.0407336687901,-0.0971385055861,0.012549949723799999,False
17162,858,2,2.3226870118000003,False,0.0930129276743,False,-0.0581761859191,-0.10575355631899999,-0.012740628644399999,True
17163,858,3,0.495318023587,False,0.0785178663049,True,-0.0628774499217,-0.10103136359300001,-0.022513497288000003,True
17164,858,4,2.21306351348,False,0.07210565399060001,True,-0.048557782434300006,-0.0860869265799,-0.0139812725893,True
17165,858,5,1.78291497691,False,0.0684922890621,True,-0.047884477023400006,-0.0827147954495,-0.014222506387399999,True
17166,858,6,0.16949021881499998,True,0.0673077213847,True,-0.059947746195099995,-0.0948966909374,-0.0275889695527,True
17167,858,7,1.59509817764,False,0.06422838043380001,True,-0.046662657793500005,-0.080577993893,-0.0163496134592,True
17168,858,8,0.256643626503,True,0.0653783934456,True,-0.055922899724000004,-0.09138846645960001,-0.026010073014,True
17169,858,9,0.07205421089189999,True,0.0621035377365,True,-0.0624056877895,-0.09470631363849999,-0.032602775902,True
17170,858,10,0.000100634839957,True,0.059540073358500006,True,-0.0619009124467,-0.09139596530960001,-0.031855891951099995,True
17171,858,11,0.045647789858400005,True,0.058851230615600006,True,-0.0650205239366,-0.0947875934336,-0.035936362818,True
17172,858,12,0.008214257283729999,True,0.059835359003699996,True,-0.0621833939238,-0.0928189656133,-0.0329836066096,True
17173,858,13,3.2403682285500004e-16,True,0.0587008715417,True,-0.0725791543589,-0.100818207984,-0.0421173364425,True
17174,858,14,1.77417080405e-07,True,0.05827732757259999,True,-0.0683535000488,-0.0989434305125,-0.0406661029398,True
17175,858,15,2.4312660148300002e-11,True,0.056505838405599994,True,-0.0709032665018,-0.100497408793,-0.0439915703873,True
17176,858,16,1.9826537208399997e-33,True,0.0566432893096,True,-0.07833155484149999,-0.108309013181,-0.051665723871099994,True
17177,858,17,1.2912617977e-24,True,0.0554430235606,True,-0.0784002978284,-0.10612962647,-0.0506866029098,True
17178,858,18,6.736086233600001e-09,True,0.0548407397024,True,-0.07509594236310001,-0.10316679406099999,-0.048326054358699994,True
17179,858,19,3.56841736322e-21,True,0.0574230807294,True,-0.0719272940622,-0.101313645801,-0.04389056507180001,True
17180,859,0,24.4785873318,False,0.137321394123,False,-0.0304693847437,-0.102179327347,0.0351420667765,False
17181,859,1,22.9901321837,False,0.104684723322,False,-0.0300679925677,-0.08249268458839999,0.022192038733399998,False
17182,859,2,3.73037446925,False,0.08856438285389999,False,-0.052249449066,-0.098308178368,-0.009743795514059999,True
17183,859,3,3.54619728435,False,0.08064170241169999,False,-0.050446859870800005,-0.0907889980025,-0.0101472955908,True
17184,859,4,2.90750511191,False,0.07504083147900001,True,-0.0480223269009,-0.08454437899310001,-0.00950354751409,True
17185,859,5,2.52508300368,False,0.0688922945386,True,-0.0455534522415,-0.0781989986516,-0.00930670411299,True
17186,859,6,3.70770494438,False,0.0686406348391,True,-0.0437595700285,-0.0778125276432,-0.00917189280409,True
17187,859,7,0.9781549462260001,False,0.062359853125599995,True,-0.047171723208400004,-0.0776340618815,-0.015274208755900002,True
17188,859,8,6.262192411159999,False,0.0638581357713,True,-0.0382289427921,-0.06934806467089999,-0.00548992889967,True
17189,859,9,1.8047300472299999,False,0.0632192960059,True,-0.0454450636415,-0.07712543664560001,-0.0139061406397,True
17190,859,10,0.471585162591,False,0.059694905007999996,True,-0.0474534518497,-0.07750894985689999,-0.017814044848900003,True
17191,859,11,2.0812704112400002,False,0.058764006024000004,True,-0.04218646707550001,-0.0718645969717,-0.0131005909476,True
17192,859,12,0.566965335313,False,0.0594830304144,True,-0.0472741948086,-0.0758944763511,-0.016411445936700002,True
17193,859,13,0.495896396924,False,0.057190800815699994,True,-0.045997466565699995,-0.0732911054094,-0.0161003045937,True
17194,859,14,1.12486275038,False,0.059601967961300004,True,-0.0431793229626,-0.0713481822523,-0.0117462142909,True
17195,859,15,3.65367293863,False,0.0565626809732,True,-0.0371361784774,-0.0663771675007,-0.0098144865275,True
17196,859,16,1.00174853072,False,0.054415862591199994,True,-0.0418383586202,-0.06910964633710001,-0.014693783745899998,True
17197,859,17,2.24443080305,False,0.055362477637199994,True,-0.0377790533641,-0.06700066493580001,-0.0116381872986,True
17198,859,18,1.30297265628,False,0.05504782622380001,True,-0.040673087129599994,-0.0682202137724,-0.0131723875486,True
17199,859,19,0.9484476264700001,False,0.057061361524199994,True,-0.0453753762523,-0.0729228148082,-0.0158614532841,True
17200,860,0,33.916564498,False,0.137610547465,False,0.0107087615629,-0.059281526800499994,0.078329020665,False
17201,860,1,30.953303663000003,False,0.102473541621,False,-0.024739431212299996,-0.07502783553669999,0.027445706084199998,False
17202,860,2,7.2675948716,False,0.0876333109523,False,-0.047839349184600005,-0.08859606825239999,-0.000962757300073,True
17203,860,3,3.59262029625,False,0.0785118133092,True,-0.048475521138500004,-0.0871937507558,-0.00868193744663,True
17204,860,4,3.58859036112,False,0.07162054420280001,True,-0.046203935339199996,-0.0827931152191,-0.011172571016299999,True
17205,860,5,10.9749386719,False,0.0702391406683,True,-0.0349138409743,-0.0689680934425,0.0012710472258399999,False
17206,860,6,3.54987314542,False,0.0669336783709,True,-0.0418562051119,-0.0775609881629,-0.0106273097921,True
17207,860,7,0.7044238893379999,False,0.06276456565140001,True,-0.05204919287859999,-0.0849162139139,-0.0221516482625,True
17208,860,8,2.6601272313499997,False,0.0641846594827,True,-0.0442358585118,-0.0762778071913,-0.0120931477085,True
17209,860,9,0.744795405537,False,0.059975527829900004,True,-0.0450847966813,-0.0749740838674,-0.014998556037600001,True
17210,860,10,0.678307271024,False,0.059875079941499994,True,-0.0486659537361,-0.0782448854826,-0.018369805541099998,True
17211,860,11,0.927568710263,False,0.061086040970400005,True,-0.0509572599729,-0.0843460299109,-0.023259988940499996,True
17212,860,12,0.0167929986873,True,0.0594821218205,True,-0.0527323377301,-0.0825185939575,-0.023036472137,True
17213,860,13,0.09074976112,True,0.05796464044369999,True,-0.052684570325,-0.0818201494758,-0.023855509032099997,True
17214,860,14,0.27545049243700004,True,0.0574637423145,True,-0.050595649768599996,-0.0787131447667,-0.0212494024522,True
17215,860,15,0.49836339265699997,False,0.056631638522,True,-0.047754629280199995,-0.07656725565650001,-0.0199356171345,True
17216,860,16,0.44834108235500003,False,0.0570473640008,True,-0.0506076868605,-0.07920838999549999,-0.0221610259948,True
17217,860,17,0.0310705314457,True,0.0562587127498,True,-0.0492190613116,-0.0772459116104,-0.0209871988605,True
17218,860,18,0.00198442356666,True,0.0554497416216,True,-0.0515626672083,-0.0787406223087,-0.0232908806871,True
17219,860,19,0.7940613445999999,False,0.0554558387892,True,-0.048136964833699995,-0.0743953656385,-0.0189395268493,True
17220,861,0,29.8024331279,False,0.136223450685,False,0.0196248724177,-0.048587656481599996,0.08763579420360001,False
17221,861,1,30.6390417466,False,0.102800566006,False,-0.0257704553553,-0.0771358896925,0.0256646763139,False
17222,861,2,16.1482911011,False,0.087909778392,False,-0.0347854267196,-0.080919072258,0.00699070613397,False
17223,861,3,6.85056510941,False,0.07826094712880001,True,-0.0419434844661,-0.0807531438369,-0.0024921967081100002,True
17224,861,4,7.737576204860001,False,0.0749806431607,True,-0.040553419786,-0.0766096956738,-0.00162905251319,True
17225,861,5,0.8716654496009999,False,0.07122254665239999,True,-0.0553138036066,-0.0905915608845,-0.0193690142321,True
17226,861,6,0.660842064532,False,0.0686712455198,True,-0.054474637333199995,-0.0904275957323,-0.0217563502125,True
17227,861,7,0.0130950180367,True,0.0638153157809,True,-0.0641288042794,-0.0943968184155,-0.0305815026346,True
17228,861,8,0.0019391527881,True,0.0644533346953,True,-0.062134409969699995,-0.094505393825,-0.0300520591297,True
17229,861,9,0.341018733279,False,0.06144383636419999,True,-0.056545854506099995,-0.0884600469849,-0.0270162106206,True
17230,861,10,0.0114925551138,True,0.0607908643518,True,-0.0637666558791,-0.0952574903176,-0.0344666259658,True
17231,861,11,0.20299011321899998,True,0.0613421545008,True,-0.0638319835978,-0.09329627853389999,-0.0319541240331,True
17232,861,12,0.13108542057,True,0.0602921102553,True,-0.0543394230805,-0.0821394806313,-0.021847370375900003,True
17233,861,13,4.7038934148e-06,True,0.056355686643,True,-0.061930574721400004,-0.08924325523320001,-0.0328875685903,True
17234,861,14,0.11944795839500001,True,0.058445570537,True,-0.066806268865,-0.0953957928109,-0.036950222274,True
17235,861,15,0.0009704322735589999,True,0.056219260028,True,-0.0672870689727,-0.09659732586589999,-0.040378065837900004,True
17236,861,16,7.20440328652e-05,True,0.0583706355011,True,-0.0728427194443,-0.103161691672,-0.0447910561704,True
17237,861,17,4.4058947339099996e-13,True,0.055836649441300006,True,-0.0672170355385,-0.09520668033330001,-0.039370030891999995,True
17238,861,18,1.43811188573e-07,True,0.0567942231497,True,-0.0671998611393,-0.0946675513942,-0.0378733282445,True
17239,861,19,3.70586089319e-09,True,0.0566164037901,True,-0.0674344496305,-0.0959101363841,-0.039293732594,True
17240,862,0,26.508587760300003,False,0.14461611190600002,False,-0.0262933969162,-0.101813654209,0.04280245769780001,False
17241,862,1,44.9300624925,False,0.104200238473,False,-0.00882532521453,-0.059895963514099995,0.0443042749587,False
17242,862,2,51.583761628000005,False,0.0917696664346,False,-0.0106770748637,-0.0570267013062,0.0347429651284,False
17243,862,3,14.4420176498,False,0.0787683333562,True,-0.035740161464,-0.07512177457710001,0.00364655877902,False
17244,862,4,27.6794780846,False,0.0746657460094,True,-0.026188937368299997,-0.061811411104800006,0.0128543349046,False
17245,862,5,2.95122266997,False,0.0684924771832,True,-0.045072764170300005,-0.07971106113530001,-0.011218583951999999,True
17246,862,6,0.447111370901,False,0.0664580793067,True,-0.053859067430099994,-0.08691299317569999,-0.020454913869000002,True
17247,862,7,0.218608105649,True,0.0635542371223,True,-0.0554080320581,-0.0868957825786,-0.023341545456400003,True
17248,862,8,0.454921726894,False,0.06480194343859999,True,-0.055889150672399995,-0.090287594032,-0.0254856505934,True
17249,862,9,0.012577092399799998,True,0.0605078440821,True,-0.058350004291699994,-0.0894007850218,-0.028892940939700004,True
17250,862,10,7.08672505783e-05,True,0.05818934955630001,True,-0.06834409758740001,-0.097951319063,-0.039761969506699996,True
17251,862,11,3.72573956128e-05,True,0.0593108207983,True,-0.0686816100765,-0.0986944140667,-0.0393835932683,True
17252,862,12,2.1513064933299998e-11,True,0.057724434185800005,True,-0.0659412047024,-0.0936738250261,-0.03594939084030001,True
17253,862,13,0.018461736799,True,0.0581927953745,True,-0.0630875082076,-0.0911820875608,-0.0329892921864,True
17254,862,14,4.20269478383e-07,True,0.058742221909600004,True,-0.0652170328773,-0.0945244085272,-0.0357821866176,True
17255,862,15,2.3856152124e-05,True,0.0579282394718,True,-0.0605751166443,-0.089437196603,-0.0315089571312,True
17256,862,16,0.0016756023864300002,True,0.0582088605034,True,-0.06034674532959999,-0.09024432168580002,-0.0320354611823,True
17257,862,17,4.84098861935e-09,True,0.057083671328800004,True,-0.06799468372840001,-0.09702041525730001,-0.0399367439285,True
17258,862,18,7.36683446115e-13,True,0.056421796718300006,True,-0.0681108577665,-0.09599016740769999,-0.0395683706894,True
17259,862,19,7.5298727903e-15,True,0.0539851997382,True,-0.06696833671569999,-0.0941032114267,-0.0401180116885,True
17260,863,0,12.8433876499,False,0.138725388005,False,-0.0510505042932,-0.117974024856,0.020751363148700002,False
17261,863,1,17.4338287527,False,0.102801279005,False,-0.039829847356300005,-0.0918500367294,0.0109512422753,False
17262,863,2,8.52519563582,False,0.0890715254053,False,-0.044236542592,-0.0877818599075,0.00128966549779,False
17263,863,3,21.4476024536,False,0.0790397510729,True,-0.029182984522099997,-0.0670648439833,0.0119749070896,False
17264,863,4,34.315317466399996,False,0.07292005082780001,True,-0.0215339680753,-0.0593644082902,0.0135556425376,False
17265,863,5,14.7694999279,False,0.07094555324610001,True,-0.0319278764721,-0.0681270732079,0.0028184800382399997,False
17266,863,6,28.4274602512,False,0.0682077670848,True,-0.0245927748107,-0.0597685404297,0.00843922665513,False
17267,863,7,55.246954323000004,False,0.0640691502933,True,-0.013430741487700001,-0.045530203946099995,0.0185389463472,False
17268,863,8,27.650246504699997,False,0.0641085630844,True,-0.0239077269412,-0.0546103858151,0.00949817726923,False
17269,863,9,8.69362077821,False,0.0626085512469,True,-0.0343112576803,-0.06492044858570001,-0.00231189733875,True
17270,863,10,1.9391480952000002,False,0.059708478965,True,-0.0445546924999,-0.0746834259247,-0.0149749469597,True
17271,863,11,0.8488900132770001,False,0.059273001574800005,True,-0.0473748426116,-0.0773346888067,-0.0180616872319,True
17272,863,12,0.92245296871,False,0.060366756651999996,True,-0.0488243150575,-0.07837265415030001,-0.0180058974983,True
17273,863,13,1.3716241070500002,False,0.058784615372099995,True,-0.0456391632539,-0.0738742711029,-0.0150896557308,True
17274,863,14,0.10511116867100001,True,0.057078586281199994,True,-0.0530057098105,-0.0822250106828,-0.025146424401599997,True
17275,863,15,0.125336393893,True,0.059510496735300004,True,-0.051448439887499996,-0.0819645446384,-0.022454047903,True
17276,863,16,0.460499256625,False,0.057694824880300005,True,-0.048889998645599994,-0.07699184861160001,-0.0192970237313,True
17277,863,17,0.0931492112889,True,0.057312488870400004,True,-0.051162704249999996,-0.08076476300839999,-0.023452274138000002,True
17278,863,18,0.179203748237,True,0.0563491844319,True,-0.0533764725646,-0.08092528752349999,-0.024576103091599997,True
17279,863,19,0.0196682362935,True,0.0553845524716,True,-0.05218443381230001,-0.0804433134533,-0.025058760981700002,True
17280,864,0,8.84692416987,False,0.143732270299,False,-0.0607612037206,-0.13298003462400002,0.0107522356752,False
17281,864,1,5.89166126454,False,0.10179245245600001,False,-0.05402235696830001,-0.106304350106,-0.00451189765032,True
17282,864,2,4.00499336924,False,0.0855799384514,False,-0.050935852438,-0.09202666532410002,-0.00644672687274,True
17283,864,3,4.85972918615,False,0.0796695790364,True,-0.046790062854199996,-0.08544351648769999,-0.005773937451300001,True
17284,864,4,0.46062503963299994,False,0.0716739612567,True,-0.0564778042082,-0.09344685148589998,-0.0217728902293,True
17285,864,5,2.31828964414,False,0.07046344433660001,True,-0.048623995785600005,-0.0832900510637,-0.0128266067271,True
17286,864,6,3.0062973669499997,False,0.0679064498262,True,-0.043363562558399994,-0.0787820559865,-0.010875606160299998,True
17287,864,7,2.2973133152000003,False,0.0639804542707,True,-0.04465851154659999,-0.0765652575257,-0.012584803255,True
17288,864,8,0.8366235572540001,False,0.0628569271184,True,-0.049628759221099994,-0.0800301128896,-0.0171731857712,True
17289,864,9,0.0805193882625,True,0.0599714146462,True,-0.0570556168104,-0.08773835687130001,-0.027766942225099997,True
17290,864,10,0.5375813301,False,0.062202294979099994,True,-0.050302275909699996,-0.0808947435378,-0.0186924485587,True
17291,864,11,0.0448683376437,True,0.057359381861300004,True,-0.053685674713399995,-0.0823513778498,-0.024991995988500004,True
17292,864,12,0.402333120761,False,0.0604809322821,True,-0.0479770347226,-0.07902798105110001,-0.018547048769,True
17293,864,13,2.97807642745,False,0.0600251037832,True,-0.0415186863674,-0.07236845712060001,-0.0123433533375,True
17294,864,14,2.0879276617299998,False,0.05607645746719999,True,-0.0420592531477,-0.06915966022,-0.0130832027528,True
17295,864,15,1.0318878416600001,False,0.0560264746119,True,-0.0439271947635,-0.0720588709692,-0.0160323963573,True
17296,864,16,4.09006617776,False,0.056788206595700004,True,-0.0375832575599,-0.066551715926,-0.00976350933031,True
17297,864,17,3.9452745983099997,False,0.0572169489644,True,-0.0364273074931,-0.0649865002996,-0.007769551335210001,True
17298,864,18,2.61616314143,False,0.056758906002900004,True,-0.0395626603218,-0.0653461828182,-0.00858727681529,True
17299,864,19,0.713816971329,False,0.05664279997069999,True,-0.0455909656331,-0.0729505371386,-0.0163077371679,True
17300,865,0,3.3875768591799997,False,0.139736789109,False,-0.0778766664165,-0.149939111497,-0.0102023223876,True
17301,865,1,0.580263222152,False,0.10284342980000001,False,-0.0763003335392,-0.130188955205,-0.027345525405299997,True
17302,865,2,0.0475610144169,True,0.0876041965923,False,-0.07810102788750001,-0.11893441700200001,-0.031330220410000005,True
17303,865,3,3.0410386977900004e-08,True,0.0775660593811,True,-0.0807266861535,-0.120958192495,-0.0433921331138,True
17304,865,4,0.262371349316,True,0.07448551495900001,True,-0.0679506254349,-0.10602250083999999,-0.031536985881,True
17305,865,5,0.24139277888500002,True,0.07069150930089999,True,-0.0617113229861,-0.09908807632239999,-0.028396567021499997,True
17306,865,6,0.0540054874807,True,0.0659836587574,True,-0.061603476519099996,-0.0941676005559,-0.0281839417985,True
17307,865,7,0.2259811886,True,0.063829225192,True,-0.059577255294,-0.0889227576255,-0.0250935324335,True
17308,865,8,0.277365679546,True,0.0659127462306,True,-0.0578325328818,-0.090294225588,-0.0243814793574,True
17309,865,9,1.07125865938,False,0.0612202038384,True,-0.0472195874312,-0.0794053234077,-0.0181851195693,True
17310,865,10,0.07392373228999999,True,0.0604729780275,True,-0.0597039528399,-0.0890197173515,-0.028546739324,True
17311,865,11,0.000439205258304,True,0.0603405004321,True,-0.0614303881608,-0.09198750450310002,-0.0316470040709,True
17312,865,12,2.19023400669e-10,True,0.0602402196997,True,-0.0668820300165,-0.09763819954669999,-0.037397979846999996,True
17313,865,13,1.2608038117600001e-06,True,0.0566731186665,True,-0.0620836022674,-0.09211719193460001,-0.0354440732681,True
17314,865,14,2.84665783433e-07,True,0.0588323951078,True,-0.0621678241182,-0.09261263884860002,-0.0337802437408,True
17315,865,15,0.00706861331396,True,0.05641807259480001,True,-0.0636532310094,-0.0912581146658,-0.034840042071099996,True
17316,865,16,0.25325105477,True,0.0574933909654,True,-0.060912685536900005,-0.090622096329,-0.0331287053636,True
17317,865,17,6.57174539018e-06,True,0.057524955266,True,-0.0626169960537,-0.0914229335836,-0.0338979783176,True
17318,865,18,7.45758454654e-09,True,0.0555728489557,True,-0.0677776615931,-0.0955348676894,-0.0399620187337,True
17319,865,19,2.0688846154199997e-09,True,0.057616157963899996,True,-0.068926590877,-0.09775073763389999,-0.04013457967,True
17320,866,0,31.9148358563,False,0.140304883347,False,-0.0159353072532,-0.08489708328230001,0.055407800065,False
17321,866,1,41.4583686865,False,0.105985243579,False,0.011284759206799999,-0.041181331731800004,0.0648039118468,False
17322,866,2,53.14191748060001,False,0.0887294557549,False,-0.00272730523207,-0.0469560412125,0.0417734145424,False
17323,866,3,33.6311666649,False,0.0813204255164,False,-0.0241308048184,-0.0678539058427,0.0134665196737,False
17324,866,4,28.630182191,False,0.0749952166554,True,-0.025437353319999998,-0.06410555346680001,0.0108896631886,False
17325,866,5,19.946280266,False,0.0692517262405,True,-0.0281482952958,-0.0645622706174,0.00468945562317,False
17326,866,6,22.601571418699997,False,0.068544747926,True,-0.0275845995995,-0.0616283805411,0.00691636738487,False
17327,866,7,43.517160612299996,False,0.0640870547321,True,-0.017912691822900003,-0.0495787991209,0.0145082556112,False
17328,866,8,53.4047542959,False,0.0627161165057,True,-0.013433950811100001,-0.043640400871400004,0.019075715634299998,False
17329,866,9,43.958119223000004,False,0.062203455331199996,True,-0.0182619783307,-0.0505267537697,0.011676701561399999,False
17330,866,10,27.8961420044,False,0.059570133454599994,True,-0.0227095380021,-0.0526283037416,0.0069418297129899996,False
17331,866,11,11.1325375172,False,0.0594684371124,True,-0.030550383188,-0.061211102993099994,-0.0017426658807200002,True
17332,866,12,4.62717346787,False,0.060060160703499996,True,-0.037024110222699996,-0.06565468089769999,-0.0055945201942399995,True
17333,866,13,5.46161391362,False,0.0566984145033,True,-0.0346504866983,-0.0625475597385,-0.005849145235239999,True
17334,866,14,0.7193084010330001,False,0.0585896297887,True,-0.0449828341471,-0.0740083807797,-0.015418750991,True
17335,866,15,0.19641530238699997,True,0.0590729001898,True,-0.051255959892600005,-0.080742915463,-0.021670015273199998,True
17336,866,16,0.00442201155992,True,0.05781150280880001,True,-0.058992899866,-0.08819172073310001,-0.030380217924200002,True
17337,866,17,0.00850815182425,True,0.0567962780759,True,-0.0617822265923,-0.08931674605969998,-0.0325204679838,True
17338,866,18,1.06048225468e-06,True,0.0563203195321,True,-0.0650245517313,-0.0946033807027,-0.038283061170699996,True
17339,866,19,0.0066606050598,True,0.055580725595699994,True,-0.0665105551026,-0.09389197571260001,-0.038311250116800005,True
17340,867,0,34.8787512715,False,0.135713304752,False,0.00275293836357,-0.06447094977830001,0.0712423549738,False
17341,867,1,27.9869332137,False,0.102022272166,False,-0.0263176999958,-0.0758088569135,0.0262134152526,False
17342,867,2,16.5093059937,False,0.09184945234960001,False,-0.0349197265515,-0.0820584053169,0.009791047032700001,False
17343,867,3,14.7303942349,False,0.0802623350932,False,-0.0329287154458,-0.071535007776,0.0087273273172,False
17344,867,4,9.96476093435,False,0.0748713236794,True,-0.038527293657699996,-0.0760177359446,-0.0011464122651600002,True
17345,867,5,1.4605261380599999,False,0.0699253517382,True,-0.050481737095499996,-0.0853747145709,-0.0154493628327,True
17346,867,6,1.70929134544,False,0.066613936476,True,-0.0491258142256,-0.0825271605533,-0.0159132240773,True
17347,867,7,13.075710826199998,False,0.063801648009,True,-0.030690732576000003,-0.0634610436479,0.000340604361076,False
17348,867,8,7.633858677389999,False,0.0611291971934,True,-0.0337411519268,-0.06387480670330001,-0.0027456095098899996,True
17349,867,9,18.0866299885,False,0.0633272719615,True,-0.029060426141,-0.060446827348,0.00288044461353,False
17350,867,10,8.10679811,False,0.0618118936492,True,-0.0338250178868,-0.0641082347374,-0.00229634108824,True
17351,867,11,9.974047150830001,False,0.059998002881,True,-0.0316247053736,-0.0605857373487,-0.000587734467735,True
17352,867,12,17.902154757799998,False,0.056787970143699996,True,-0.0270184896704,-0.0555202156004,0.00126775454327,False
17353,867,13,4.66482444365,False,0.0596449561725,True,-0.0368408106522,-0.0650617916252,-0.00541683545272,True
17354,867,14,1.2358577961,False,0.057996508175999995,True,-0.043768365478099994,-0.0710601154766,-0.0130636073006,True
17355,867,15,0.830225646307,False,0.0580460248055,True,-0.0469436207364,-0.0744216234716,-0.0163755986662,True
17356,867,16,0.741089500203,False,0.0572014056293,True,-0.0490059136225,-0.07893687583039999,-0.021735470201099998,True
17357,867,17,0.35318212518299996,False,0.0568427751573,True,-0.0491303543286,-0.07649091397010001,-0.0196481388128,True
17358,867,18,1.30309115596,False,0.0573988117554,True,-0.04554026325090001,-0.07497995784080001,-0.0175811460853,True
17359,867,19,0.0633012026715,True,0.0554539257682,True,-0.0538319695866,-0.0827568600728,-0.0273029343046,True
17360,868,0,34.3883595445,False,0.141704480586,False,0.00682536458519,-0.0660006492739,0.075703831312,False
17361,868,1,32.6200281787,False,0.105027528082,False,-0.023050368212599995,-0.0775623241615,0.027465203920299996,False
17362,868,2,21.3528776112,False,0.08685041396410001,False,-0.0300781371429,-0.0750540041719,0.0117964097922,False
17363,868,3,14.2989062685,False,0.0794503969563,True,-0.0372466269922,-0.0761338275188,0.0033165694374899996,False
17364,868,4,12.5579577568,False,0.07177097852360001,True,-0.0353438505029,-0.0692364583408,0.00253452018279,False
17365,868,5,11.9305944871,False,0.0691458426858,True,-0.0339810169888,-0.0681469884903,0.000998854195487,False
17366,868,6,13.2784461219,False,0.0697267134257,True,-0.0325927809126,-0.0659055300058,0.0038211834199600005,False
17367,868,7,25.2223845577,False,0.0647611334904,True,-0.0257230535864,-0.057263524210099996,0.007497609280329999,False
17368,868,8,5.7155271790499995,False,0.061303199801400005,True,-0.0373488331583,-0.06839382488040001,-0.007090625078960001,True
17369,868,9,3.8356917359199993,False,0.0627806970648,True,-0.0396516276475,-0.0702758942365,-0.007495197171670001,True
17370,868,10,0.33213296161,True,0.0594203459189,True,-0.0472872093433,-0.0765349886524,-0.0171146427334,True
17371,868,11,0.879152695384,False,0.0583316876185,True,-0.0462182688682,-0.0755812849473,-0.0172495973288,True
17372,868,12,0.112866674913,True,0.0594952765145,True,-0.0590866748506,-0.0882795395931,-0.0287842630786,True
17373,868,13,2.53245352057e-05,True,0.061133825849,True,-0.0687061313962,-0.100486579387,-0.03935275353769999,True
17374,868,14,1.82178180416e-09,True,0.0557123582276,True,-0.0691437684124,-0.096252706098,-0.040540347870400006,True
17375,868,15,1.6924399225399999e-06,True,0.0579955862521,True,-0.0726075840013,-0.10088045664899999,-0.0428848703969,True
17376,868,16,3.68253599925e-06,True,0.0573474640314,True,-0.0688324204699,-0.0960834559105,-0.0387359918791,True
17377,868,17,7.39040247812e-05,True,0.0572141869128,True,-0.0627620402391,-0.091447395503,-0.0342332085901,True
17378,868,18,0.0009575259718119999,True,0.056554640986,True,-0.0673334010654,-0.0964661809503,-0.039911539964300004,True
17379,868,19,8.704956571219999e-07,True,0.055428856007900006,True,-0.0665846271024,-0.0943289421789,-0.038900086171,True
17380,869,0,18.9978624559,False,0.141866057539,False,-0.040141457185499996,-0.111671471197,0.0301945863423,False
17381,869,1,9.43095429727,False,0.108524002664,False,-0.0499728889838,-0.104074836424,0.00444916623951,False
17382,869,2,19.4608194106,False,0.08873076704769998,False,-0.033478147763900006,-0.07659569215419999,0.012135074893499999,False
17383,869,3,11.111633881800001,False,0.0794672463847,True,-0.0395261587505,-0.0783488027118,0.00111844367287,False
17384,869,4,1.2595909354000001,False,0.07335755646599999,True,-0.054978873185,-0.0912176575999,-0.017860101133900002,True
17385,869,5,2.67719167212,False,0.0725207436161,True,-0.046284382465399995,-0.08251280858260002,-0.009992064966459999,True
17386,869,6,0.9338682840189999,False,0.0684784247355,True,-0.0499052001149,-0.0841628864088,-0.0156844616733,True
17387,869,7,1.0592547077399999,False,0.06411674358529999,True,-0.04966338571019999,-0.0818802539843,-0.017763510398900003,True
17388,869,8,0.030944615538,True,0.06540237522390001,True,-0.059327132309,-0.09154167384430001,-0.0261392986204,True
17389,869,9,0.00374693168664,True,0.0629805991438,True,-0.060593646592800005,-0.0915375525465,-0.0285569534028,True
17390,869,10,0.277342837718,True,0.0599992282093,True,-0.0542839771084,-0.0828194688848,-0.0228202406755,True
17391,869,11,0.217156020064,True,0.059233372253,True,-0.0561020848209,-0.0858468041041,-0.026613431851,True
17392,869,12,0.180673077124,True,0.0589246676304,True,-0.0518514977676,-0.0808645787054,-0.021939911075,True
17393,869,13,0.0825201442805,True,0.0550270989125,True,-0.0583019681573,-0.0852966164404,-0.030269517528,True
17394,869,14,0.103381250435,True,0.058938045347699995,True,-0.0592524747035,-0.0879818506842,-0.0290438053365,True
17395,869,15,2.5922450377300003e-09,True,0.0572916712451,True,-0.065400817297,-0.0943238550194,-0.0370321837743,True
17396,869,16,4.12077537048e-05,True,0.056466002663599996,True,-0.0600978562615,-0.08884987690860001,-0.032383874245,True
17397,869,17,3.3046386918e-15,True,0.0576028554366,True,-0.0654146062222,-0.0929329493035,-0.035330093867,True
17398,869,18,2.9925608283200004e-07,True,0.0582475632351,True,-0.0663075814092,-0.0942263292392,-0.0359787660041,True
17399,869,19,7.620827974779999e-11,True,0.0550989825703,True,-0.0661345920082,-0.0929545189074,-0.037855536337099996,True
17400,870,0,13.2734370147,False,0.139982687836,False,-0.050581626401500004,-0.11959463750299999,0.020388050332799997,False
17401,870,1,8.22586738518,False,0.10486549685900001,False,-0.051522220808300004,-0.105043488465,-0.000177991605743,True
17402,870,2,2.62150822,False,0.08508963830779999,False,-0.054341943206000005,-0.10031055287599999,-0.015220914568,True
17403,870,3,7.685993260449999,False,0.0780788998133,True,-0.0416133571655,-0.08050070757450001,-0.00242180776121,True
17404,870,4,1.02659879415,False,0.0725806489803,True,-0.0543782855851,-0.09212628688249999,-0.0195456379022,True
17405,870,5,0.43611028965000004,False,0.0707337247198,True,-0.05927312260340001,-0.094743446268,-0.0240097215483,True
17406,870,6,0.362788234913,False,0.06669902607599999,True,-0.0608375873542,-0.0974661054605,-0.030767079384499997,True
17407,870,7,0.210582373706,True,0.06214445825119999,True,-0.0565552665386,-0.086532845801,-0.024388387549799998,True
17408,870,8,0.9053418732870001,False,0.06115564751849999,True,-0.0552032044328,-0.08660131276960001,-0.025445665251099998,True
17409,870,9,0.120220456492,True,0.060695057203,True,-0.06378193525619999,-0.09431669987420001,-0.0336216426712,True
17410,870,10,0.00930637807254,True,0.061896008719699996,True,-0.0617268691977,-0.09180575338469998,-0.029909744665,True
17411,870,11,0.013241276441500001,True,0.0600984226688,True,-0.061713199595999996,-0.0920412810657,-0.031942858397,True
17412,870,12,1.09976260212e-18,True,0.05959864642919999,True,-0.0743953466663,-0.10333462129799999,-0.043735974868599994,True
17413,870,13,6.80193079413e-05,True,0.0589011393609,True,-0.0725979422302,-0.10250033309800001,-0.0435991937375,True
17414,870,14,5.398505725619999e-08,True,0.057314311768500006,True,-0.0661231897594,-0.09467614602169999,-0.0373618342532,True
17415,870,15,0.000107973491854,True,0.0572300881809,True,-0.06410415507259999,-0.0930202687497,-0.035790180568800005,True
17416,870,16,0.00028415037445,True,0.0568835810303,True,-0.0627035997624,-0.08976611537180001,-0.032882534341599996,True
17417,870,17,3.88454329288e-06,True,0.057449900414699995,True,-0.06279736398369999,-0.0899122074188,-0.0324623070041,True
17418,870,18,0.12041471388,True,0.05816553076219999,True,-0.0574562717912,-0.08663354179789999,-0.028468011035599997,True
17419,870,19,0.028259092865599997,True,0.056838986025900005,True,-0.0569894099108,-0.0855702289078,-0.0287312428819,True
17420,871,0,11.068852158199999,False,0.143197105392,False,-0.0558628567277,-0.12783269980599998,0.0153644055856,False
17421,871,1,17.049334615699998,False,0.102719213377,False,-0.0386853120846,-0.08991393784060002,0.0128052755363,False
17422,871,2,53.1388704165,False,0.0891094610623,False,-0.007254235481819999,-0.052467549165500005,0.036641911896900005,False
17423,871,3,32.7498006411,False,0.08069551745039999,False,-0.0214457708562,-0.0596381542211,0.021057363229200002,False
17424,871,4,3.4868547677499997,False,0.0739266720596,True,-0.049222088340099994,-0.08566625837269999,-0.0117395863131,True
17425,871,5,0.09802034065439999,True,0.0687074717167,True,-0.0671385755019,-0.10094385117,-0.0322363794534,True
17426,871,6,2.4400410831499997e-13,True,0.0670584026965,True,-0.0757080233871,-0.10922475849199999,-0.0421663557957,True
17427,871,7,2.05319411773e-05,True,0.0651658886395,True,-0.069766113467,-0.103395524648,-0.0382296360084,True
17428,871,8,0.000249262231493,True,0.0617829624256,True,-0.0757419278105,-0.10767333272099999,-0.04589037029490001,True
17429,871,9,0.00034128919361599996,True,0.0629890785177,True,-0.0688988499358,-0.10063004402899998,-0.037640965511800004,True
17430,871,10,4.09946396703e-13,True,0.0606628373995,True,-0.06504924914429999,-0.09739797482349999,-0.036735137423999996,True
17431,871,11,1.5936106216899999e-12,True,0.0589225171837,True,-0.07693493378110002,-0.104664142918,-0.045741625734,True
17432,871,12,1.01001603794e-08,True,0.058593273893300005,True,-0.07214296834589999,-0.102171448871,-0.0435781749778,True
17433,871,13,2.84506179911e-08,True,0.057471791322400004,True,-0.078080576752,-0.10692121662999998,-0.049449425308,True
17434,871,14,0.0005570363264809999,True,0.0585585703214,True,-0.06830607792650001,-0.0982870007072,-0.039728430385800005,True
17435,871,15,1.10989891055e-11,True,0.055579430770699996,True,-0.07014946218439999,-0.0990118371043,-0.0434324063335,True
17436,871,16,4.39060874683e-28,True,0.0556237758538,True,-0.0761987315297,-0.10540271618,-0.0497789403261,True
17437,871,17,3.18496796225e-11,True,0.0560061040535,True,-0.0783369971022,-0.107665490931,-0.0516593868776,True
17438,871,18,1.0325899218999999e-29,True,0.055846467278199995,True,-0.0804773957328,-0.109103758519,-0.0532572912409,True
17439,871,19,1.92332244256e-23,True,0.055717224009099994,True,-0.08131412276000001,-0.107919269817,-0.0522020458079,True
17440,872,0,3.47945640994,False,0.143556475706,False,-0.0778894841366,-0.151364789734,-0.00780831402778,True
17441,872,1,2.36822208719,False,0.10458061969,False,-0.066454880999,-0.118548047837,-0.013967428147499999,True
17442,872,2,3.7114831220599998,False,0.0917546503324,False,-0.0544018857304,-0.102315546017,-0.010560895684499999,True
17443,872,3,9.635404109760001,False,0.0777201343835,True,-0.038861892295699994,-0.0801636689346,-0.00244353455112,True
17444,872,4,2.3895458326499996,False,0.0726533800934,True,-0.0472968624484,-0.0841938157175,-0.0115404356241,True
17445,872,5,1.93723367683,False,0.0689090193948,True,-0.0478357796287,-0.08146694385560001,-0.012557924460799999,True
17446,872,6,6.54735206615,False,0.06595786691569999,True,-0.0381254673845,-0.07040996938630001,-0.00445210247061,True
17447,872,7,18.5198883891,False,0.06486919200209999,True,-0.028799285298200004,-0.061340522053199995,0.0035286699489499996,False
17448,872,8,9.39672382713,False,0.0630160154872,True,-0.033667405971499996,-0.06674949486460001,-0.0037334793774099996,True
17449,872,9,4.8191546378,False,0.0645317338072,True,-0.0378413817925,-0.0682718990218,-0.0037401652146299997,True
17450,872,10,2.55062798167,False,0.0620019953142,True,-0.0436512528634,-0.0725886156431,-0.010586620328899999,True
17451,872,11,1.79483240508,False,0.0599614203045,True,-0.0450672440656,-0.0746861936389,-0.014724773334399999,True
17452,872,12,0.7267487093520001,False,0.0584768567921,True,-0.0471550914384,-0.0772579852898,-0.0187811284977,True
17453,872,13,0.468159793006,False,0.060238293031699995,True,-0.0456926882787,-0.07328192761360001,-0.013043634581899999,True
17454,872,14,0.22967176966999997,True,0.0560251247327,True,-0.051733226029599996,-0.0793957721192,-0.023370647386500003,True
17455,872,15,0.07835970273199999,True,0.0554633598221,True,-0.0536655053434,-0.0812487814068,-0.025785421584700003,True
17456,872,16,3.34743499909e-11,True,0.0561985458096,True,-0.066350586277,-0.0942813199597,-0.038082774150099995,True
17457,872,17,1.50569401305e-07,True,0.057159940421400005,True,-0.06959500144939999,-0.0978063299934,-0.040646389572,True
17458,872,18,1.36272539425e-19,True,0.055290622662899996,True,-0.0756289968539,-0.102035742301,-0.046745119638,True
17459,872,19,8.31570707277e-22,True,0.0565031457307,True,-0.07526382286510001,-0.10359198319900001,-0.047088837467900005,True
17460,873,0,30.2346344613,False,0.141643501299,False,-0.020355830978400002,-0.09226598783639998,0.0493775134624,False
17461,873,1,2.75386212568,False,0.102718716697,False,-0.0635921191249,-0.115276434071,-0.012557717374200002,True
17462,873,2,2.4239118888999998,False,0.0905314808152,False,-0.0574977949916,-0.102471503606,-0.0119400227908,True
17463,873,3,1.51393216718,False,0.0800071861054,False,-0.0562984317536,-0.0947714037909,-0.014764217685499998,True
17464,873,4,3.82244779824,False,0.07553681288200001,True,-0.0466778271483,-0.0851178000134,-0.00958098713133,True
17465,873,5,2.7474676665599995,False,0.0695651001122,True,-0.0449495277667,-0.0796010524933,-0.0100359523811,True
17466,873,6,2.36334838336,False,0.0673296054042,True,-0.0458621214877,-0.07979186461410001,-0.0124622592099,True
17467,873,7,2.10512750519,False,0.0664818076174,True,-0.0466160602604,-0.07881033621339999,-0.0123285285959,True
17468,873,8,2.1105170056,False,0.06348275976130001,True,-0.045480397727300004,-0.07715780195500001,-0.0136750421937,True
17469,873,9,2.6394273952200002,False,0.0613804997323,True,-0.041552001699,-0.0745387824846,-0.0131582827523,True
17470,873,10,0.306546560626,True,0.0604159153785,True,-0.0518096392356,-0.081343351002,-0.020927435623400003,True
17471,873,11,0.141115101322,True,0.0596845364931,True,-0.053316226239300005,-0.0838909431614,-0.0242064066683,True
17472,873,12,0.5370727244169999,False,0.060671208639900005,True,-0.0496559531219,-0.0825434534272,-0.021872244787300002,True
17473,873,13,0.0117345808504,True,0.058024117001400005,True,-0.054254566870099996,-0.0840716367547,-0.026047519753400004,True
17474,873,14,6.28724980783e-05,True,0.0583301475863,True,-0.060176887768,-0.09078968917030002,-0.032459541584,True
17475,873,15,4.90360939792e-10,True,0.0575672969961,True,-0.0660944125151,-0.09556835613980001,-0.0380010591438,True
17476,873,16,1.95998874169e-09,True,0.057869154505699995,True,-0.06842921145229999,-0.09916101854139998,-0.0412918640356,True
17477,873,17,4.3444769675900003e-16,True,0.0542515445969,True,-0.0764022047255,-0.103104247995,-0.048852703398400005,True
17478,873,18,5.582675264e-20,True,0.0563373013625,True,-0.0794641902122,-0.107527243366,-0.051189942003600004,True
17479,873,19,5.1386321792699995e-43,True,0.0558299196678,True,-0.08689531175139999,-0.113925942232,-0.0580960225641,True
17480,874,0,30.921265857399998,False,0.139445462231,False,-0.0168819841331,-0.08409461885019999,0.055350843381099996,False
17481,874,1,41.1310010703,False,0.103330476503,False,-0.0117626943405,-0.060997557958699995,0.0423329185438,False
17482,874,2,35.5597761664,False,0.08836975452160001,False,-0.0206572100915,-0.0664262839674,0.0219434705542,False
17483,874,3,48.9364132659,False,0.0828490179245,False,-0.013665217355200002,-0.054754682373000005,0.0280943355515,False
17484,874,4,17.824944519000002,False,0.07068870375149999,True,-0.0313471819873,-0.0663288962249,0.0043598075266200005,False
17485,874,5,22.62409202,False,0.0704355176813,True,-0.028242304013200003,-0.0639279326576,0.00650758502369,False
17486,874,6,10.8668079721,False,0.0667986146823,True,-0.0334462313507,-0.0672610258224,-0.00046241114018799996,True
17487,874,7,9.07331390882,False,0.0654246132304,True,-0.0329110775998,-0.0687546720725,-0.0033300588421,True
17488,874,8,10.717165124700001,False,0.0639280421274,True,-0.0328933047826,-0.06548208481930001,-0.00155404269195,True
17489,874,9,17.3233755678,False,0.061092060468199996,True,-0.027698322715599997,-0.058626809981800004,0.0024652504863200003,False
17490,874,10,11.0607250098,False,0.060753984317899995,True,-0.0312813525339,-0.0624956009547,-0.0017416166368299998,True
17491,874,11,8.80781225878,False,0.0609964601565,True,-0.0326813498673,-0.06517603233580001,-0.00417957217932,True
17492,874,12,3.63266771704,False,0.060103057033400006,True,-0.0388967767836,-0.0681539654767,-0.00805090844325,True
17493,874,13,2.5914649919799997,False,0.057979823897900004,True,-0.0386682592104,-0.06809133482350001,-0.010111510925700002,True
17494,874,14,5.11383825686,False,0.05768798186000001,True,-0.0356042487654,-0.0647143075495,-0.007026325689399999,True
17495,874,15,2.77768419032,False,0.05728657202,True,-0.039361577462,-0.0675890546348,-0.010302482614799999,True
17496,874,16,2.94644179662,False,0.057675903831699994,True,-0.0403614374485,-0.0685119046101,-0.010836000778399999,True
17497,874,17,0.238601408072,True,0.05422683500080001,True,-0.0490775808569,-0.0764306394906,-0.0222038044898,True
17498,874,18,0.077094893741,True,0.057529650350599995,True,-0.0503161502889,-0.0778275749345,-0.0202979245839,True
17499,874,19,0.46199969600699997,False,0.0569206118045,True,-0.0483281486117,-0.0759434151821,-0.019022803377599998,True
17500,875,0,28.2722465795,False,0.13687780635299998,False,0.024742367937,-0.0430482409468,0.09382956540580001,False
17501,875,1,44.186804651,False,0.102726141306,False,-0.00784068208159,-0.0586849915226,0.0440411497832,False
17502,875,2,35.4840544718,False,0.086532727616,False,-0.022194114648000002,-0.0658385968254,0.0206941307905,False
17503,875,3,9.51347611273,False,0.0767743426756,True,-0.0380612610656,-0.0766298669605,0.00014447571515399999,False
17504,875,4,2.19496959385,False,0.0710201046859,True,-0.0484652347514,-0.0849925382577,-0.013972433571799997,True
17505,875,5,8.15492021556,False,0.0706135304711,True,-0.037805347373300005,-0.07181446607269999,-0.00120093560158,True
17506,875,6,1.21931883127,False,0.0667941573291,True,-0.0499027624807,-0.084116561479,-0.0173224041499,True
17507,875,7,1.5102544242700002,False,0.06576953693030001,True,-0.0489105221691,-0.0828165736207,-0.0170470366904,True
17508,875,8,5.15385764478,False,0.0636575010581,True,-0.0383742191121,-0.07346683570189999,-0.00980933464385,True
17509,875,9,2.2139363643900003,False,0.059959606539,True,-0.0417262118441,-0.07227862687560001,-0.0123190203366,True
17510,875,10,0.28529215566300004,True,0.0625741408103,True,-0.049881547563899994,-0.08254005510250001,-0.019965914292099998,True
17511,875,11,0.00277407782323,True,0.058830997650100005,True,-0.0598309611761,-0.0903685517606,-0.031537554110400004,True
17512,875,12,0.199427013695,True,0.058736091612599996,True,-0.0538255373447,-0.08439400327060001,-0.025657911658,True
17513,875,13,0.48338289932800005,False,0.0603828484301,True,-0.0482232944816,-0.0784849375089,-0.0181020890788,True
17514,875,14,1.44972568998,False,0.05815643428730001,True,-0.0435373443402,-0.07266072030189999,-0.0145042860146,True
17515,875,15,0.9104263240520001,False,0.0571744818929,True,-0.044657386027800006,-0.0730517123044,-0.0158772304116,True
17516,875,16,2.1812861311400003,False,0.0586150087675,True,-0.0417179182895,-0.0707620857614,-0.0121470769939,True
17517,875,17,0.183367465836,True,0.0552408647016,True,-0.048221899143000006,-0.076727197193,-0.0214863324914,True
17518,875,18,0.409564159939,False,0.056378264400500006,True,-0.0460977948503,-0.07386139562260001,-0.0174831312221,True
17519,875,19,0.309464237616,True,0.0558171287634,True,-0.0487027487598,-0.07715172648350001,-0.0213345977201,True
17520,876,0,21.8484555998,False,0.14436448837000002,False,-0.03460983112280001,-0.109610854463,0.0347536339068,False
17521,876,1,44.549303941999995,False,0.106583096774,False,-0.0105150795114,-0.0651426247695,0.041440472004300004,False
17522,876,2,32.1425798083,False,0.08747510150730001,False,-0.024319228609199998,-0.0671609703213,0.0203141311859,False
17523,876,3,5.0518000111,False,0.08074516854689999,False,-0.046418166215199994,-0.08701040596699999,-0.006265237420100001,True
17524,876,4,4.22909325189,False,0.07694124842339999,True,-0.0470841655891,-0.0852081500394,-0.00826690161598,True
17525,876,5,5.35516559475,False,0.0691153550992,True,-0.0412935904099,-0.07761050934330001,-0.0084951542441,True
17526,876,6,9.20594062545,False,0.0654851307196,True,-0.0339946255869,-0.0657780421724,-0.000292911452838,True
17527,876,7,8.63943366665,False,0.0656592045057,True,-0.0347533077066,-0.067984097792,-0.00232489328635,True
17528,876,8,4.21714741004,False,0.0651837999763,True,-0.0410709625851,-0.0722278596669,-0.00704405969062,True
17529,876,9,0.515709316448,False,0.0638030845366,True,-0.0530405528157,-0.0859539746543,-0.022150890117599995,True
17530,876,10,0.7389624238310001,False,0.0617171626151,True,-0.0478625321098,-0.0799913639848,-0.0182742013697,True
17531,876,11,3.13454892764,False,0.0603537464011,True,-0.039302375077400004,-0.0665263612564,-0.0061726148552799995,True
17532,876,12,1.5602200783200002,False,0.059656822166,True,-0.044433316009900005,-0.073801828676,-0.0141450065099,True
17533,876,13,0.9874175986779999,False,0.0589424276938,True,-0.0450435979149,-0.0747597662048,-0.015817338511,True
17534,876,14,1.10976872452,False,0.0584512549591,True,-0.0448144051991,-0.07170567114960001,-0.013254416190500001,True
17535,876,15,1.40199832558,False,0.0574737880782,True,-0.0421649864341,-0.0706630244826,-0.0131892364044,True
17536,876,16,0.530067206639,False,0.060114271523199994,True,-0.049744542163699994,-0.0806999635783,-0.020585692055099997,True
17537,876,17,0.73051559114,False,0.058024433992599996,True,-0.0455697934035,-0.0758667788027,-0.0178423448102,True
17538,876,18,0.415595693557,False,0.05533376718119999,True,-0.048231554012,-0.0755208582821,-0.0201870911008,True
17539,876,19,0.0750781487358,True,0.0575508907236,True,-0.052691844930999994,-0.0831722198729,-0.0256213291493,True
17540,877,0,32.1388521819,False,0.139407049267,False,-0.0118851801174,-0.080236246153,0.0591708031136,False
17541,877,1,6.1815707171200005,False,0.107578395216,False,-0.0569760322081,-0.10943008908,-0.0018516938635699998,True
17542,877,2,1.07658089502,False,0.08641729553239999,False,-0.062036700310800004,-0.105060367075,-0.0186430715423,True
17543,877,3,0.45729514210600003,False,0.0798612971236,True,-0.062234950840600003,-0.102592732513,-0.022731435389799996,True
17544,877,4,5.34631890979e-05,True,0.0737060842066,True,-0.0828004137183,-0.12025303099500001,-0.04654694678830001,True
17545,877,5,8.13229935751e-05,True,0.0693397153129,True,-0.0726838830009,-0.10699255927899999,-0.0376528439661,True
17546,877,6,0.00134366412942,True,0.0675624350627,True,-0.073295077571,-0.106882328461,-0.0393198933984,True
17547,877,7,2.9396801984500003e-08,True,0.0650287769768,True,-0.0716124773987,-0.106303983981,-0.0412752070044,True
17548,877,8,8.20462672085e-07,True,0.06269617554790001,True,-0.0761479680628,-0.10805577923800001,-0.045359603689900004,True
17549,877,9,3.97491953864e-11,True,0.059127240306,True,-0.07551399466589999,-0.104997114081,-0.0458698737754,True
17550,877,10,1.5546618021600001e-06,True,0.059478896891099996,True,-0.0802371316555,-0.110230570587,-0.0507516736956,True
17551,877,11,4.375224268419999e-08,True,0.0585392287297,True,-0.0822087824005,-0.109534527803,-0.050995299073599995,True
17552,877,12,4.69739523427e-13,True,0.0596385902541,True,-0.08209462462980001,-0.113319420792,-0.0536808305377,True
17553,877,13,7.36301910483e-22,True,0.0569026651209,True,-0.0849922955937,-0.11239886134199999,-0.0554961962209,True
17554,877,14,2.19372219598e-14,True,0.056343440889,True,-0.0802693869635,-0.10899843200099998,-0.05265499111190001,True
17555,877,15,5.4087298465e-26,True,0.057449888726500004,True,-0.0797204755312,-0.10786046865,-0.05041057992319999,True
17556,877,16,6.08454683319e-30,True,0.055597733626699994,True,-0.07908845787930001,-0.10633487796,-0.050737144332900004,True
17557,877,17,3.24964680731e-11,True,0.05878512363530001,True,-0.07514865811339999,-0.102007800523,-0.043222676887300006,True
17558,877,18,7.799496219200001e-33,True,0.055255270005,True,-0.08040842335319999,-0.10766562232999999,-0.05241035232459999,True
17559,877,19,2.08818402372e-15,True,0.058613337370999996,True,-0.0808495635934,-0.111107390297,-0.052494052925899995,True
17560,878,0,0.0942153371855,True,0.1418507979,False,-0.11722239973200001,-0.18517026161,-0.0433194637098,True
17561,878,1,0.022647806578,True,0.102381462801,False,-0.09500496609369999,-0.14834010168099998,-0.04595863888,True
17562,878,2,0.167701421077,True,0.08953811200549999,False,-0.0790321478823,-0.125912985961,-0.0363748739554,True
17563,878,3,0.104703393931,True,0.0787594001183,True,-0.0709297116075,-0.108537068671,-0.029777668552799997,True
17564,878,4,0.139268362595,True,0.07766363269330001,True,-0.0649850363155,-0.10472422764799999,-0.027060594954499997,True
17565,878,5,0.279699008373,True,0.0686896103393,True,-0.057522540726100004,-0.0919522619002,-0.023262651560900002,True
17566,878,6,2.0047991214,False,0.06638784597439999,True,-0.0472542503389,-0.08221109969889999,-0.0158232537245,True
17567,878,7,1.28704520126,False,0.0643788987919,True,-0.048646070309699994,-0.0806033459018,-0.016224447109900002,True
17568,878,8,1.2590360269,False,0.0642494170989,True,-0.047532890026900004,-0.0799029404306,-0.0156535233317,True
17569,878,9,0.950926388063,False,0.06319610638709999,True,-0.0484088870244,-0.0814645748017,-0.0182684684145,True
17570,878,10,1.4987563449399999,False,0.0625429043992,True,-0.047084043384999996,-0.0770207714014,-0.0144778670022,True
17571,878,11,0.135707203359,True,0.058260897232900004,True,-0.0486213561675,-0.0761473867753,-0.017886489542400002,True
17572,878,12,0.282498717079,True,0.061296407665599996,True,-0.0532303181403,-0.0839807725437,-0.022684364877999998,True
17573,878,13,0.9858106644,False,0.058285023350099996,True,-0.045706100715300006,-0.0745009874877,-0.0162159641376,True
17574,878,14,0.529810254809,False,0.059768545739,True,-0.047949249251800004,-0.0763713501916,-0.016602804452599998,True
17575,878,15,0.609021399746,False,0.0592054761048,True,-0.0501940909302,-0.077783098561,-0.018577622456200003,True
17576,878,16,0.388427989195,False,0.0580978071355,True,-0.054227864491099995,-0.08285840080689999,-0.024760593671400002,True
17577,878,17,0.00987040944133,True,0.0568011038421,True,-0.0593303169689,-0.08727852865739999,-0.0304774248153,True
17578,878,18,5.613902743200001e-08,True,0.0557719742263,True,-0.0651107853133,-0.09405907545089999,-0.038287101224599995,True
17579,878,19,1.7942080668200001e-09,True,0.054954397071699995,True,-0.0680473467938,-0.0953167288075,-0.0403623317358,True
17580,879,0,33.2571477706,False,0.137838331028,False,-0.009910409994889999,-0.0776705361245,0.060167794903800004,False
17581,879,1,44.100704367700004,False,0.10006774838199999,False,-0.012455769005499998,-0.0637796703072,0.0362880780752,False
17582,879,2,21.28150515,False,0.0894909159111,False,-0.0323096612045,-0.07515085624689999,0.014340059664200001,False
17583,879,3,2.94945059913,False,0.0787146871301,True,-0.0491191930119,-0.0875366729752,-0.008821985845120001,True
17584,879,4,0.792783148137,False,0.0743486125769,True,-0.0585615611544,-0.0964903245314,-0.0221417119546,True
17585,879,5,0.221414810075,True,0.0699210465044,True,-0.0642471954118,-0.09786617620989999,-0.0279451297055,True
17586,879,6,0.24238752445,True,0.0689196024526,True,-0.06824651286719999,-0.104415805297,-0.0354962028443,True
17587,879,7,0.0318521458331,True,0.0640652055871,True,-0.060404183227,-0.0924511586466,-0.0283859530596,True
17588,879,8,0.07395336792330001,True,0.060269166616400006,True,-0.058681505588499994,-0.08886679829289999,-0.0285976316765,True
17589,879,9,0.132826494756,True,0.0607593425659,True,-0.0536490105513,-0.08330051923889999,-0.022541176673,True
17590,879,10,0.107823142925,True,0.057362301952400004,True,-0.0600671732809,-0.0877387923623,-0.030376490409800002,True
17591,879,11,1.70360367128e-07,True,0.0585547137182,True,-0.0648804912937,-0.0938720676807,-0.0353173539625,True
17592,879,12,1.27277282178e-21,True,0.0595807809956,True,-0.0727924669057,-0.10286547691299999,-0.043284695916999995,True
17593,879,13,0.032132896927099995,True,0.0584170612966,True,-0.0658032609384,-0.0950764146394,-0.0366593533428,True
17594,879,14,1.35385283621e-05,True,0.0582393094879,True,-0.0632040384963,-0.0921378887535,-0.0338985792656,True
17595,879,15,0.0266962400201,True,0.0589749222358,True,-0.0629496356202,-0.09239814874579999,-0.03342322651,True
17596,879,16,2.12030208012e-12,True,0.0579177786804,True,-0.0678618715787,-0.09603219550339999,-0.0381144168231,True
17597,879,17,3.11770386991e-19,True,0.0584354062899,True,-0.07438255209710001,-0.102948443333,-0.0445130370429,True
17598,879,18,9.30080842175e-36,True,0.0543503351877,True,-0.0734090823845,-0.09948474874739999,-0.0451344135596,True
17599,879,19,2.44156111636e-38,True,0.0546850649299,True,-0.08223819096979999,-0.108320189005,-0.0536351240751,True
17600,880,0,22.9683145903,False,0.144583436677,False,-0.029594698250400002,-0.09805629012610001,0.046527146550500005,False
17601,880,1,43.0602060613,False,0.106913015,False,-0.00868167442066,-0.061699345351300006,0.045213669648699994,False
17602,880,2,14.5366811547,False,0.08926732274299999,False,-0.0380393134875,-0.08175838841519999,0.00750893432779,False
17603,880,3,3.1759243324599997,False,0.0816225206267,False,-0.052902185896699996,-0.09037821448730002,-0.008755693860600001,True
17604,880,4,1.0042222249700001,False,0.07483823352860001,True,-0.0546191014178,-0.0910787221129,-0.0162404885843,True
17605,880,5,0.191796544534,True,0.0680138439633,True,-0.0719777613236,-0.105222229469,-0.03720838550569999,True
17606,880,6,0.00463219508697,True,0.0640218719678,True,-0.0736271733913,-0.10711097567399999,-0.043089103706400005,True
17607,880,7,0.000654595275311,True,0.06440347027000001,True,-0.0657291890239,-0.09730720262489999,-0.0329037323548,True
17608,880,8,0.006009380980069999,True,0.0645820492651,True,-0.0708839901843,-0.10428487093599999,-0.039702821670800005,True
17609,880,9,0.03516721842,True,0.0634479773452,True,-0.058144680116400005,-0.0905227373659,-0.0270747600207,True
17610,880,10,0.112750123398,True,0.061438963153699996,True,-0.060835195290800004,-0.0921684370789,-0.030729473925200004,True
17611,880,11,0.49159926002,False,0.058916090454,True,-0.051317677565000004,-0.0802070956028,-0.021291005148800002,True
17612,880,12,0.6768077033759999,False,0.0579738990041,True,-0.04674049970269999,-0.07455529864760001,-0.0165813996435,True
17613,880,13,0.286597123627,True,0.057892279720900004,True,-0.0501754171325,-0.0799490205121,-0.0220567407912,True
17614,880,14,0.0817591587428,True,0.0570152749918,True,-0.05115305040019999,-0.07837869500110001,-0.0213634200092,True
17615,880,15,0.08236770907339999,True,0.059090220859199995,True,-0.056514787777,-0.0869087537103,-0.0278185328511,True
17616,880,16,0.0101406893417,True,0.0588787658936,True,-0.0546656646598,-0.0862082443905,-0.0273294784969,True
17617,880,17,0.236759023835,True,0.059133830170800004,True,-0.059526620363300004,-0.0881841851842,-0.0290503550133,True
17618,880,18,7.63120219337e-07,True,0.0574413703988,True,-0.0653914109176,-0.0930442560808,-0.035602885682099995,True
17619,880,19,1.3286095737500001e-09,True,0.0569805134847,True,-0.0702847248837,-0.09984558008649999,-0.042865066601800006,True
17620,881,0,6.26379013623,False,0.139571336089,False,-0.0676101592181,-0.136865166605,0.00270616948396,False
17621,881,1,14.581059959000001,False,0.107531052866,False,-0.042547204342900005,-0.09130250087410001,0.0162285519916,False
17622,881,2,10.463749009199999,False,0.0877366075307,False,-0.0415745457133,-0.0841746384903,0.00356196904042,False
17623,881,3,12.3797947607,False,0.0798011769829,True,-0.0380000889681,-0.0781700373752,0.0016311396077599999,False
17624,881,4,4.1017847494,False,0.07277770083139999,True,-0.0448011285332,-0.0808500924899,-0.00807239165851,True
17625,881,5,2.23889673926,False,0.0683007235584,True,-0.0470184061085,-0.0808307727619,-0.0125300492034,True
17626,881,6,0.481688089539,False,0.065626836551,True,-0.0525559869322,-0.0853152062818,-0.019688369730799998,True
17627,881,7,0.807102663698,False,0.0659999899911,True,-0.0549560059279,-0.08759179206980001,-0.021591802078599998,True
17628,881,8,0.10422251965700001,True,0.0642009166555,True,-0.059599061290800004,-0.0920473817976,-0.027846465142099996,True
17629,881,9,0.0113904814703,True,0.061092873953200004,True,-0.06331275500149999,-0.0936374296585,-0.0325445557053,True
17630,881,10,0.004987690173979999,True,0.0571568710616,True,-0.06334779625760001,-0.0921964945208,-0.035039623459199996,True
17631,881,11,4.8214785403e-06,True,0.0599346734107,True,-0.0655501991706,-0.0977707752097,-0.037836101799,True
17632,881,12,4.02006880409e-06,True,0.058310575028,True,-0.0643203222459,-0.0934824208766,-0.035171845848599996,True
17633,881,13,7.48376533271e-10,True,0.05904370194519999,True,-0.06970219854,-0.09687136715849999,-0.037827665213300006,True
17634,881,14,1.8914141405599998e-06,True,0.0593078773898,True,-0.06931550814160001,-0.09980341112369999,-0.040495533733900003,True
17635,881,15,1.1931749044200001e-23,True,0.0572810012813,True,-0.07501214764219999,-0.103959282816,-0.0466782815345,True
17636,881,16,8.75726666207e-16,True,0.057546072795099996,True,-0.07651187776389999,-0.10372964731699999,-0.0461835745215,True
17637,881,17,4.31942991873e-20,True,0.056071369729500005,True,-0.0737528693982,-0.103539250069,-0.04746788034,True
17638,881,18,2.39907805647e-07,True,0.0554494773719,True,-0.0690697847808,-0.0970655330033,-0.0416160556314,True
17639,881,19,3.1561161439699997e-13,True,0.0563960182673,True,-0.06689701169909999,-0.09441526718360001,-0.03801924891630001,True
17640,882,0,31.7930045414,False,0.148014734557,False,-0.00431922450272,-0.08123753946010001,0.0667771950968,False
17641,882,1,31.4030818017,False,0.106054882495,False,-0.0232621833929,-0.0761575136088,0.029897368886500002,False
17642,882,2,13.7580790507,False,0.088622725093,False,-0.037950013984400004,-0.0790947396443,0.009527985448690001,False
17643,882,3,7.630346251860001,False,0.0802218234025,False,-0.042952776023,-0.0830379519389,-0.00281612853637,True
17644,882,4,1.14432633196,False,0.0748610282525,True,-0.05577384716369999,-0.09215472048560001,-0.0172936922332,True
17645,882,5,4.4241222657599995,False,0.07080864694019999,True,-0.0419043858532,-0.07774574857489999,-0.00693710163471,True
17646,882,6,2.5603170548299996,False,0.0673136494639,True,-0.045791825855199995,-0.07724095734980001,-0.00992730788584,True
17647,882,7,2.9448948716600003,False,0.0659073188773,True,-0.0441534402769,-0.07607872027280001,-0.010171401395499999,True
17648,882,8,0.173628537517,True,0.0621088129875,True,-0.0540982757294,-0.0860629371432,-0.023954124155700002,True
17649,882,9,0.110814369383,True,0.0625936303867,True,-0.059213323039999995,-0.09036294692579999,-0.0277693165391,True
17650,882,10,0.256663142844,True,0.05852560568469999,True,-0.051155224068499996,-0.080217198655,-0.0216915929703,True
17651,882,11,0.0484225794849,True,0.0606394958201,True,-0.0573477400886,-0.0868602925839,-0.0262207967638,True
17652,882,12,0.010618924856100002,True,0.059891412730900005,True,-0.06100224165030001,-0.09282085382079999,-0.0329294410898,True
17653,882,13,0.0336469641776,True,0.056288901773499996,True,-0.061381145185099996,-0.08947099870660001,-0.0331820969331,True
17654,882,14,0.0106209008363,True,0.056115591439199995,True,-0.0614275748547,-0.08856586592849999,-0.0324502744894,True
17655,882,15,0.0432721169629,True,0.0551430064025,True,-0.056400697724800004,-0.08279631262180001,-0.0276533062193,True
17656,882,16,0.501704794546,False,0.0594949880609,True,-0.051103481080800005,-0.08248613414219999,-0.022991146081300002,True
17657,882,17,0.202312532984,True,0.055380751832300006,True,-0.0498951738049,-0.0787675989682,-0.023386847135900002,True
17658,882,18,0.478059143103,False,0.0573457948833,True,-0.0497238410123,-0.0795980827018,-0.0222522878185,True
17659,882,19,0.145945213834,True,0.058178858450300006,True,-0.05507839732469999,-0.08418046494489999,-0.0260016064946,True
17660,883,0,27.6916383743,False,0.146055315108,False,-0.021443024139,-0.0978430751913,0.0482122399166,False
17661,883,1,16.865578303299998,False,0.103441503953,False,-0.0392645296305,-0.08880829006989999,0.0146332138835,False
17662,883,2,1.84723683588,False,0.090868683259,False,-0.06068662141480001,-0.110699860025,-0.019831176765900002,True
17663,883,3,1.4935529949700002,False,0.08047345660560001,False,-0.0575382942258,-0.0960852263225,-0.0156117697169,True
17664,883,4,1.2512116639700002,False,0.07561852312339999,True,-0.055045911012,-0.0921703733285,-0.0165518502052,True
17665,883,5,0.750275112593,False,0.0666931317043,True,-0.0512288281384,-0.084353226691,-0.0176600949867,True
17666,883,6,0.164207833586,True,0.0664071181455,True,-0.0573891091039,-0.09166237478269999,-0.0252552566372,True
17667,883,7,0.290103628518,True,0.0643838267475,True,-0.0569451611261,-0.0892015711482,-0.0248177444007,True
17668,883,8,0.00147191564117,True,0.0616144945127,True,-0.0628833354488,-0.0927921151579,-0.0311776206452,True
17669,883,9,0.199151817455,True,0.063642609971,True,-0.0582240241868,-0.09248260861169999,-0.028839998640700002,True
17670,883,10,0.166763011471,True,0.0589977984275,True,-0.0571402055695,-0.0880800940842,-0.029082295656699998,True
17671,883,11,0.00017773376574800002,True,0.0610258384913,True,-0.0678046850552,-0.09967359583460002,-0.038647757343300004,True
17672,883,12,0.00426443784831,True,0.0591948563976,True,-0.0649796182746,-0.0924615652317,-0.033266708834099996,True
17673,883,13,1.61666242313e-20,True,0.055028533593699996,True,-0.0724529825628,-0.100058616931,-0.04503008333769999,True
17674,883,14,2.8556360518699997e-13,True,0.0572639479017,True,-0.0762501935228,-0.105815008184,-0.048551060282699995,True
17675,883,15,2.6456694146999997e-15,True,0.057326810019199995,True,-0.078127818516,-0.10747477184599999,-0.050147961826300005,True
17676,883,16,1.96228345286e-27,True,0.055329962020699994,True,-0.07495731677789999,-0.102064154855,-0.0467341928345,True
17677,883,17,3.5874913929e-27,True,0.05438481925969999,True,-0.07922659323089999,-0.106958627619,-0.0525738083595,True
17678,883,18,8.14620747048e-42,True,0.0547424429535,True,-0.0816261948871,-0.108666487107,-0.053924044153699995,True
17679,883,19,4.22018823299e-29,True,0.0563903973321,True,-0.0758961853842,-0.10537909575400001,-0.0489886984214,True
17680,884,0,2.98870666629,False,0.147110205815,False,-0.08497710698689999,-0.157570451043,-0.0104602452286,True
17681,884,1,6.012574266180001,False,0.102470523873,False,-0.054475969603199996,-0.103077128209,-0.0006066043362979999,True
17682,884,2,8.50857952679,False,0.0880161182003,False,-0.045601680461,-0.08800917373980001,6.944460582669999e-06,False
17683,884,3,3.98785032797,False,0.0834848477532,False,-0.0514887773773,-0.09444492016389999,-0.0109600724107,True
17684,884,4,0.16763781990499999,True,0.071725375302,True,-0.062099903850499995,-0.0982220417871,-0.026496666485200004,True
17685,884,5,1.8655185197599997,False,0.06906593871689999,True,-0.0490309123206,-0.0821073569549,-0.013041418237999999,True
17686,884,6,0.670436008175,False,0.0666130878627,True,-0.0528167693174,-0.08567349559800001,-0.0190604077353,True
17687,884,7,1.05365209814,False,0.0639193784812,True,-0.04773936704,-0.0803129092538,-0.016393530772599998,True
17688,884,8,1.03961193421,False,0.0634455700351,True,-0.0493688217504,-0.08192988602250001,-0.0184843159874,True
17689,884,9,1.7737579945400002,False,0.059345468119199996,True,-0.04329712630969999,-0.07185616052619999,-0.012510692407,True
17690,884,10,0.0761378298369,True,0.058548893958199996,True,-0.0556679040061,-0.0850349781892,-0.026486084230999997,True
17691,884,11,0.14304359162,True,0.059871642203,True,-0.057059833645,-0.0876796454312,-0.0278080032282,True
17692,884,12,0.304466327371,True,0.0602304704629,True,-0.056560033199699995,-0.084461047763,-0.0242305773002,True
17693,884,13,0.119104999651,True,0.059223915552,True,-0.053411232480899996,-0.0812079098892,-0.0219839943372,True
17694,884,14,0.187683060977,True,0.05835701195259999,True,-0.0512481116559,-0.0816510282906,-0.023294016338,True
17695,884,15,0.159336733517,True,0.05596567908030001,True,-0.0511358124832,-0.0797264726447,-0.0237607935644,True
17696,884,16,0.306814148325,True,0.056740166206999995,True,-0.0529525327235,-0.080260051634,-0.023519885427000002,True
17697,884,17,0.039319347407300004,True,0.0570007363609,True,-0.0569870025033,-0.0859137301977,-0.028912993836900002,True
17698,884,18,0.00369800561896,True,0.056360674801500005,True,-0.0545451624737,-0.0822412072023,-0.025880532400700002,True
17699,884,19,0.0037523123098499997,True,0.055348722184499995,True,-0.054896884331099995,-0.0807310510911,-0.0253823289066,True
17700,885,0,6.841281511699999,False,0.144401707724,False,-0.06513602135390001,-0.134641249677,0.009760458047040002,False
17701,885,1,0.939203243891,False,0.10529380528200001,False,-0.07672120404749999,-0.128420427715,-0.0231266224322,True
17702,885,2,8.41260223868,False,0.0913045315718,False,-0.044899897818599994,-0.0909387260722,0.00036580549959,False
17703,885,3,4.7466790243800006,False,0.07902167764399999,True,-0.0478833192714,-0.0888450113909,-0.00982333374684,True
17704,885,4,3.36784584195,False,0.07494453324260002,True,-0.0465127605113,-0.0817189465838,-0.00677441334117,True
17705,885,5,4.53018109782,False,0.0693372874741,True,-0.0422654431654,-0.0779092469345,-0.0085719594604,True
17706,885,6,1.5239012031499999,False,0.0674166253265,True,-0.049438987804199995,-0.0806739002224,-0.013257274895799998,True
17707,885,7,0.0496523250185,True,0.062065908425199996,True,-0.05711946168330001,-0.08755636312439999,-0.0254904546991,True
17708,885,8,0.422259403041,False,0.0644004653528,True,-0.0520721124952,-0.0850559680384,-0.020655502685599996,True
17709,885,9,2.19099659803,False,0.0632365242422,True,-0.0434737833279,-0.07733009401980001,-0.014093569777600002,True
17710,885,10,4.62697294947,False,0.0599678653156,True,-0.0374626033687,-0.0666689238215,-0.00670105850596,True
17711,885,11,3.08173611556,False,0.06032502961069999,True,-0.039462599371599995,-0.0697244350827,-0.009399405472000001,True
17712,885,12,2.94613946172,False,0.058448865407499995,True,-0.038772397735699994,-0.0691654250099,-0.010716559602399998,True
17713,885,13,3.16750148552,False,0.0579225583306,True,-0.039120208862300006,-0.0674762690699,-0.009553710739370001,True
17714,885,14,1.7239141308700001,False,0.057626564273300006,True,-0.0406097103452,-0.06858186953789999,-0.0109553052646,True
17715,885,15,0.747756305882,False,0.05713824507759999,True,-0.048813814292999996,-0.07631448015100001,-0.019176235073299998,True
17716,885,16,0.270268062674,True,0.05829351208740001,True,-0.051536553948,-0.07926301935619999,-0.0209695072688,True
17717,885,17,0.207830834765,True,0.05794376843830001,True,-0.0522242447645,-0.0821747949777,-0.0242310265394,True
17718,885,18,5.6376911412699996e-06,True,0.0564252789283,True,-0.0628586494252,-0.0901168728754,-0.033691593947099994,True
17719,885,19,0.00062625138536,True,0.054976244602699995,True,-0.0618573433904,-0.08989297242910002,-0.034916727826400006,True
17720,886,0,14.847446961800001,False,0.141198442634,False,-0.0457355173605,-0.11308807226600001,0.0281103703688,False
17721,886,1,6.49979107219,False,0.10615249983899999,False,-0.054317801846400005,-0.10706078214800001,-0.000908282308283,True
17722,886,2,0.10071834612,True,0.0895609408567,False,-0.078360581202,-0.12217066635299999,-0.032609725496099994,True
17723,886,3,0.0148175973447,True,0.080746458262,False,-0.07315175814899999,-0.112459687906,-0.031713229644,True
17724,886,4,0.156130661668,True,0.074872066828,True,-0.0694315847844,-0.106596341879,-0.0317242750508,True
17725,886,5,0.24236045089000002,True,0.071471244077,True,-0.0640602261884,-0.10031558938400001,-0.028844345306700003,True
17726,886,6,0.551486565142,False,0.0675270378281,True,-0.0545652780879,-0.0880126728288,-0.0204856350007,True
17727,886,7,0.34983227742899997,False,0.0647798031613,True,-0.0600961617621,-0.0924578729555,-0.0276780697942,True
17728,886,8,0.0038486945009,True,0.063381791553,True,-0.0589412396074,-0.0904558901399,-0.027074098586900002,True
17729,886,9,0.057427789912599995,True,0.0634374623882,True,-0.063032966639,-0.09530097114769999,-0.031863508759499996,True
17730,886,10,1.22729304408e-06,True,0.06220939656669999,True,-0.0682552960244,-0.09921757698999999,-0.0370081804233,True
17731,886,11,1.98263406906e-12,True,0.0605393047171,True,-0.08038457346969999,-0.10984809964299999,-0.0493087949256,True
17732,886,12,2.68506268055e-17,True,0.058774750049,True,-0.0737116795201,-0.10233126877,-0.043556518721400005,True
17733,886,13,3.0138426556500005e-14,True,0.0596456461235,True,-0.0742744723434,-0.10222406841399999,-0.04257842229040001,True
17734,886,14,2.8555701960400005e-16,True,0.05855193418869999,True,-0.0763046551702,-0.10495449151599999,-0.0464025573269,True
17735,886,15,3.4023128262e-14,True,0.0579968820024,True,-0.07590322085119999,-0.104796244624,-0.0467993626215,True
17736,886,16,7.37525274566e-27,True,0.0568306942698,True,-0.0782942191306,-0.10686819531099999,-0.050037501040900004,True
17737,886,17,6.21411596695e-25,True,0.0543564094118,True,-0.0749965687116,-0.10317088952400001,-0.0488144801117,True
17738,886,18,4.47860434239e-08,True,0.05488657297669999,True,-0.0695037810178,-0.0966042295699,-0.041717656593199995,True
17739,886,19,2.29433133927e-12,True,0.0559159936105,True,-0.0727827781725,-0.0996138040033,-0.043697810392800004,True
17740,887,0,32.7485593293,False,0.141869084124,False,-0.0071475562588100006,-0.07515571640669999,0.0667133677169,False
17741,887,1,25.2648340086,False,0.103226687573,False,-0.0294682614787,-0.0814100660473,0.021816621526099998,False
17742,887,2,3.85419621703,False,0.08821015897569999,False,-0.05233535830969999,-0.0975695844929,-0.00935942551716,True
17743,887,3,1.1953107264700003,False,0.0818808331994,False,-0.061625075226,-0.103821970538,-0.021941137338200002,True
17744,887,4,0.507196623014,False,0.0722513112612,True,-0.059259756112599996,-0.09494502981660001,-0.022693718555400005,True
17745,887,5,0.315599532169,True,0.07143770058889999,True,-0.0591570067826,-0.0938308211545,-0.0223931205656,True
17746,887,6,0.231160725523,True,0.064549721709,True,-0.0615083275995,-0.09436614647939999,-0.0298164247703,True
17747,887,7,0.04738379130749999,True,0.0650142049546,True,-0.0605181003912,-0.0934181080982,-0.028403903143599998,True
17748,887,8,0.09747235853080001,True,0.0646762787085,True,-0.0668571119326,-0.0986359422954,-0.0339596635869,True
17749,887,9,0.292251890887,True,0.0614474524787,True,-0.0557085776205,-0.08454845920460001,-0.0231010067259,True
17750,887,10,0.987203557508,False,0.0619128054847,True,-0.04730481542719999,-0.07913840461350001,-0.0172255991288,True
17751,887,11,0.497116881567,False,0.0598173282911,True,-0.0478748113855,-0.0781108138507,-0.0182934855595,True
17752,887,12,0.528039410215,False,0.060499845540699995,True,-0.050612809355300006,-0.0804812386582,-0.0199813931175,True
17753,887,13,0.000552983441742,True,0.0578266429897,True,-0.0560006262266,-0.08480109198339998,-0.026974448993700002,True
17754,887,14,0.20272463390599998,True,0.057514248769899995,True,-0.0529909415145,-0.0815840268843,-0.024069778114400003,True
17755,887,15,0.00011465252159499999,True,0.0582717304965,True,-0.0555147687948,-0.083163097546,-0.0248913670496,True
17756,887,16,1.44768760015e-06,True,0.0566996797939,True,-0.0611300444102,-0.08859581877969999,-0.031896138985799995,True
17757,887,17,6.12056304017e-06,True,0.0579227682324,True,-0.0610246342217,-0.0913328113383,-0.033410043105900004,True
17758,887,18,0.000506296510707,True,0.056897394539900004,True,-0.058707012354,-0.08781344346830001,-0.030916048928400004,True
17759,887,19,6.35469556609e-06,True,0.0556702381747,True,-0.0598246750253,-0.0898375952576,-0.0341673570829,True
17760,888,0,25.8529941711,False,0.139652177311,False,0.0271965793997,-0.0458328530282,0.09381932428310001,False
17761,888,1,38.5571702182,False,0.104040677702,False,-0.0165782420746,-0.0709331902763,0.0331074874261,False
17762,888,2,35.3796437425,False,0.08542145065649999,False,-0.0216945050784,-0.063550853888,0.0218705967685,False
17763,888,3,31.6381500489,False,0.08100271682639999,False,-0.0235116268313,-0.0633928156217,0.0176099012047,False
17764,888,4,38.5662199175,False,0.0726639374252,True,-0.0202731232582,-0.0573294039173,0.0153345335079,False
17765,888,5,45.7204533873,False,0.0711432870232,True,-0.0164714821719,-0.0527007116038,0.0184425754195,False
17766,888,6,31.4269245793,False,0.0656058837816,True,-0.0227840620238,-0.0558846400144,0.00972124376724,False
17767,888,7,23.602268065900002,False,0.0625887920448,True,-0.025188604827200003,-0.0547469816715,0.007841810373289999,False
17768,888,8,3.0146670576,False,0.06305518775340001,True,-0.0406559044002,-0.07249533788649999,-0.00944015013312,True
17769,888,9,7.682273066889999,False,0.062224608486000005,True,-0.0349911921358,-0.06545292695730001,-0.0032283184712300003,True
17770,888,10,2.0437643418700002,False,0.059189339120399996,True,-0.0425355254454,-0.0729774904708,-0.0137881513504,True
17771,888,11,1.5080838716100002,False,0.05996363393569999,True,-0.0442057600571,-0.07447201754539999,-0.0145083836097,True
17772,888,12,2.50168794553,False,0.058981613462399995,True,-0.0404749434356,-0.06927964139510001,-0.0102980279326,True
17773,888,13,8.44259564614,False,0.0601590883681,True,-0.033479393347900004,-0.0632685657043,-0.00310947733617,True
17774,888,14,3.6501220747900005,False,0.059118871938899996,True,-0.0402445251295,-0.0701910079647,-0.011072136025799999,True
17775,888,15,2.0614683692099995,False,0.058697229745300006,True,-0.0408012105676,-0.0712101898527,-0.0125129601074,True
17776,888,16,0.601494706717,False,0.05709588978619999,True,-0.0455586592372,-0.0746731547187,-0.0175772649326,True
17777,888,17,0.34360330732600003,False,0.055759114684100004,True,-0.05072956021240001,-0.0797028692895,-0.023943754605400002,True
17778,888,18,0.658075808709,False,0.05711953630699999,True,-0.0472660325232,-0.0732338955262,-0.0161143592191,True
17779,888,19,0.8479375268029999,False,0.055573129841099994,True,-0.047397649023400004,-0.0737729489362,-0.018199819095,True
17780,889,0,31.98500787,False,0.147804608167,False,-0.0100364596248,-0.0855829496032,0.0622216585639,False
17781,889,1,29.1678201446,False,0.106465907219,False,-0.026199761904799997,-0.0805692133902,0.0258966938289,False
17782,889,2,4.69995343106,False,0.08678908952189998,False,-0.0512039877964,-0.0922633662411,-0.005474276719260001,True
17783,889,3,0.802346732503,False,0.0810671568657,False,-0.0617464953139,-0.10478205320299999,-0.0237148963373,True
17784,889,4,0.367676007497,False,0.0732473355896,True,-0.0602024382544,-0.0964415103278,-0.0231941747382,True
17785,889,5,0.247729204627,True,0.071169556604,True,-0.0634092680221,-0.0969081064378,-0.0257385498338,True
17786,889,6,2.5627722820599996,False,0.0680353593981,True,-0.047046728307099994,-0.0801493900295,-0.0121140306314,True
17787,889,7,0.911254979241,False,0.0645643057535,True,-0.0519051490736,-0.0834420870724,-0.0188777813189,True
17788,889,8,0.8079971092199999,False,0.061802253172699995,True,-0.051951760777000006,-0.08179155984230001,-0.0199893066696,True
17789,889,9,0.20840544020399998,True,0.06159001996809999,True,-0.052712398089199995,-0.0836177845394,-0.0220277645713,True
17790,889,10,1.03786160639,False,0.0611504528438,True,-0.0435553751634,-0.0739525022501,-0.012802049406299998,True
17791,889,11,2.9346550761000003,False,0.0599875499188,True,-0.0415854074309,-0.07179511766669999,-0.011807567747899999,True
17792,889,12,0.635886191677,False,0.0583719096786,True,-0.051166946041699995,-0.0808154738097,-0.022443564131099995,True
17793,889,13,0.130255383251,True,0.058096861250099996,True,-0.0582090861625,-0.0894106555045,-0.03131379425440001,True
17794,889,14,6.71455430215e-06,True,0.05925619899119999,True,-0.0674780110802,-0.09844083247919999,-0.039184633488,True
17795,889,15,4.75168520399e-08,True,0.0566533631111,True,-0.0654369030691,-0.09464070139010002,-0.037987338279,True
17796,889,16,7.91240087638e-14,True,0.054776211022,True,-0.07074235999180001,-0.09722767920780001,-0.042451468185800006,True
17797,889,17,1.9066674273700002e-12,True,0.0572933106045,True,-0.0667992188555,-0.095957946341,-0.0386646357365,True
17798,889,18,8.16908274415e-06,True,0.0554850637161,True,-0.0639707220376,-0.0921008105498,-0.0366157468336,True
17799,889,19,5.15505286575e-14,True,0.0558178912601,True,-0.0645982781319,-0.0926076616875,-0.0367897704274,True
17800,890,0,10.5643902255,False,0.14391684180199998,False,-0.056466658064199995,-0.12993024342599999,0.013986598376200001,False
17801,890,1,20.4301584038,False,0.10357291719900001,False,-0.0337006866565,-0.0817148114991,0.021858105699800002,False
17802,890,2,18.1103471732,False,0.08811931079140001,False,-0.0337671539258,-0.07631003889349999,0.0118092718979,False
17803,890,3,24.675441425,False,0.0815615773769,False,-0.027203917023099995,-0.0673366139066,0.014224963470299999,False
17804,890,4,24.3964706172,False,0.0742233343232,True,-0.0270306552938,-0.0647066445003,0.00951668982285,False
17805,890,5,18.9752213426,False,0.07012006475,True,-0.029264874697500002,-0.063110646982,0.00700941776801,False
17806,890,6,5.70502815406,False,0.0667269248546,True,-0.0392928256258,-0.0727340000418,-0.006007075187189999,True
17807,890,7,2.2837979298900004,False,0.0638821700727,True,-0.043535306686,-0.07434804574310001,-0.0104658756704,True
17808,890,8,1.7829200744099998,False,0.0643950103767,True,-0.047808009660099994,-0.08080544727260001,-0.016410436895899997,True
17809,890,9,0.34653757272200003,False,0.0600286030945,True,-0.0527714833056,-0.083204611326,-0.0231760082315,True
17810,890,10,0.00030926396482,True,0.058955394735099996,True,-0.0602842166556,-0.0872820885792,-0.028326693844099998,True
17811,890,11,0.00819245415534,True,0.057258567225500004,True,-0.0595182816248,-0.08823149138430002,-0.030972924158799996,True
17812,890,12,0.152405048784,True,0.0585211336213,True,-0.058728102197599996,-0.0879051120153,-0.029383978393900004,True
17813,890,13,3.05758501835e-09,True,0.059969716185699996,True,-0.0691581918157,-0.09700783432910001,-0.0370381181434,True
17814,890,14,0.00128904305784,True,0.0588741170489,True,-0.0695301450391,-0.100617170253,-0.0417430532044,True
17815,890,15,5.07500554098e-16,True,0.0581246689991,True,-0.0719364573585,-0.101332458389,-0.043207789390199994,True
17816,890,16,3.27572081292e-13,True,0.055957459640699994,True,-0.0700473427757,-0.0963483246794,-0.0403908650387,True
17817,890,17,0.000387382129595,True,0.0567105117937,True,-0.0634306782046,-0.0912559429259,-0.034545431132199995,True
17818,890,18,2.77814447519e-13,True,0.056290951720199996,True,-0.067665515716,-0.096605453237,-0.0403145015168,True
17819,890,19,3.6226923627e-14,True,0.0560267789,True,-0.0651784056771,-0.0936648709481,-0.0376380920482,True
17820,891,0,21.3740747225,False,0.141017611917,False,-0.0352506031836,-0.105013722566,0.0360038893505,False
17821,891,1,0.0654228416248,True,0.102980516052,False,-0.09760829298630001,-0.15059257132099998,-0.0476120552694,True
17822,891,2,8.257728812619999e-08,True,0.0869126728875,False,-0.0967680123707,-0.138569973101,-0.05165730021369999,True
17823,891,3,1.11970295934e-05,True,0.0752192352722,True,-0.0857637213648,-0.123317281713,-0.0480980464413,True
17824,891,4,1.1386990941200001e-14,True,0.07279649493780001,True,-0.08679911455910001,-0.121215604111,-0.0484191091735,True
17825,891,5,0.00626885701232,True,0.0702934267035,True,-0.0729776206868,-0.10862379114600001,-0.0383303644421,True
17826,891,6,0.00193524695348,True,0.0665011421493,True,-0.0718809739526,-0.10485490101,-0.0383537588603,True
17827,891,7,2.58528933173e-06,True,0.0628514426673,True,-0.0787678613042,-0.111362717661,-0.0485112749941,True
17828,891,8,0.00011867477544200001,True,0.0634949336845,True,-0.0789513594813,-0.110682427544,-0.04718749385919999,True
17829,891,9,2.25080311511e-20,True,0.06395534331410001,True,-0.0788500726809,-0.10992781274499999,-0.04597246943109999,True
17830,891,10,2.2857143271799997e-31,True,0.0594978566158,True,-0.08310564315880001,-0.11348571345999998,-0.0539878568441,True
17831,891,11,5.65100145403e-23,True,0.058205375299300005,True,-0.0833243376907,-0.11232254497300001,-0.0541171696735,True
17832,891,12,1.74478751087e-26,True,0.0574591074448,True,-0.0804917603102,-0.10973383199999999,-0.052274724555,True
17833,891,13,3.81979905071e-27,True,0.05831932678230001,True,-0.0864477128795,-0.11553066628799999,-0.0572113395058,True
17834,891,14,1.2629102964400001e-31,True,0.0585158324668,True,-0.08505161832000001,-0.113779165173,-0.0552633327057,True
17835,891,15,1.4263152343299998e-53,True,0.0563407344613,True,-0.08691345345939999,-0.114517980733,-0.05817724627169999,True
17836,891,16,7.76587944552e-41,True,0.0558525593131,True,-0.0864879602754,-0.11478331595,-0.058930756637,True
17837,891,17,5.4991780348e-22,True,0.056355950028499996,True,-0.0880830598271,-0.116121130923,-0.059765180894499996,True
17838,891,18,2.5463583123400002e-43,True,0.0578766144987,True,-0.08557261979,-0.114136405453,-0.0562597909542,True
17839,891,19,1.6319905751899998e-24,True,0.0562958378582,True,-0.0797734335317,-0.10585716330700001,-0.0495613254483,True
17840,892,0,24.197647440700003,False,0.139938703288,False,-0.0315076907777,-0.09706250752569999,0.042876195762599996,False
17841,892,1,5.34857353754,False,0.103457282259,False,-0.055425833261099997,-0.107500137343,-0.00404285508366,True
17842,892,2,9.98916330868,False,0.09061494680739998,False,-0.042366636886300005,-0.08651045219039999,0.004104494617010001,False
17843,892,3,14.0788272119,False,0.0802568147733,False,-0.0344476627035,-0.0746020541376,0.00565476063569,False
17844,892,4,21.2092095149,False,0.0748192849536,True,-0.028927995417299998,-0.0669287408435,0.0078905441101,False
17845,892,5,7.61149874857,False,0.0693670113352,True,-0.0374950488558,-0.0725642381738,-0.00319722683861,True
17846,892,6,8.40812452245,False,0.0673991958945,True,-0.0372671411981,-0.0711346730088,-0.00373547711422,True
17847,892,7,2.54798431842,False,0.0630404620398,True,-0.04262535793549999,-0.07316862908630001,-0.0101281670465,True
17848,892,8,1.08034403052,False,0.061796616865,True,-0.0456377805461,-0.0754228461056,-0.013626229240600002,True
17849,892,9,3.7093728218199997,False,0.0608523388146,True,-0.040496054663,-0.0706559270763,-0.00980358826175,True
17850,892,10,1.0962341864299998,False,0.0601917230145,True,-0.046844141526800005,-0.0774335654177,-0.0172418424032,True
17851,892,11,1.3281945057,False,0.059714250189899995,True,-0.0453993438861,-0.0745429622405,-0.0148287120506,True
17852,892,12,2.18355854009,False,0.0597482848552,True,-0.0422471824404,-0.0713482196255,-0.0115999347702,True
17853,892,13,0.929531100633,False,0.0591708982995,True,-0.046352712085600004,-0.07410884378600001,-0.0149379454865,True
17854,892,14,0.11515237017,True,0.0597068958568,True,-0.0537167647676,-0.08215335446949999,-0.0224464586127,True
17855,892,15,0.000403320167414,True,0.0575731647605,True,-0.058857079283600004,-0.0867776630363,-0.029204498275900003,True
17856,892,16,7.19645937737e-06,True,0.0576748427351,True,-0.0618284417379,-0.0905085437983,-0.0328337010633,True
17857,892,17,3.86269946018e-12,True,0.0585812770753,True,-0.06838651394209999,-0.0980646750264,-0.0394833979511,True
17858,892,18,1.11718041156e-13,True,0.0555645156882,True,-0.0655445993501,-0.09097811767319999,-0.035413601985,True
17859,892,19,0.0841293604751,True,0.057733014444399995,True,-0.0630698831047,-0.0930215144379,-0.0352884999935,True
17860,893,0,18.3501986095,False,0.137188527436,False,-0.0408166046613,-0.10750793828400002,0.0296805891518,False
17861,893,1,7.489353404489999,False,0.10778796807,False,-0.052174722396599996,-0.107410400599,0.000377567470677,False
17862,893,2,2.78163357433,False,0.0889706669378,False,-0.059003122333699996,-0.10473249049799999,-0.015761823560500002,True
17863,893,3,0.7094615895199999,False,0.0814583877388,False,-0.0656390697895,-0.107751601406,-0.0262932136674,True
17864,893,4,0.42480423097,False,0.07369454003810001,True,-0.061155792396200004,-0.09794878914310001,-0.024254249105099997,True
17865,893,5,0.480394947206,False,0.0682774305527,True,-0.05846877627119999,-0.09248257311760001,-0.0242051425649,True
17866,893,6,0.054512422779599994,True,0.06757423218169999,True,-0.060435471014800006,-0.0916621045887,-0.024087872407,True
17867,893,7,0.06519141166119999,True,0.0629860651095,True,-0.0616912982032,-0.0926778164987,-0.029691751389200004,True
17868,893,8,0.327999854333,True,0.0652688664476,True,-0.0562052295053,-0.091666758291,-0.026397891843300002,True
17869,893,9,0.000587286858748,True,0.06060387428180001,True,-0.0613688492456,-0.0918325377618,-0.031228663480000002,True
17870,893,10,0.030678598939400004,True,0.059745005124199994,True,-0.0571622321502,-0.086782565248,-0.027037560123799997,True
17871,893,11,0.197884532099,True,0.0600872256613,True,-0.053763286248399995,-0.0826304382868,-0.0225432126254,True
17872,893,12,0.0022347817203699997,True,0.0606190839108,True,-0.056526858523900006,-0.08789616630380001,-0.0272770823929,True
17873,893,13,0.326497063046,True,0.0559043426038,True,-0.0534051190984,-0.08269531889239999,-0.026790976288700002,True
17874,893,14,0.470736096252,False,0.0572575205169,True,-0.0475288708892,-0.0746230228554,-0.017365502338599997,True
17875,893,15,2.3644590810799997,False,0.0586264910158,True,-0.0406580842551,-0.0708964090322,-0.012269918016299999,True
17876,893,16,2.5738973922799997,False,0.057261756832499996,True,-0.039783142557300005,-0.0684566784891,-0.0111949216566,True
17877,893,17,0.7351598862369999,False,0.053837190360900004,True,-0.042358595369199996,-0.06959169189110001,-0.015754501530200003,True
17878,893,18,3.36463529425,False,0.057033902329699994,True,-0.037884710536,-0.0666013652327,-0.00956746290301,True
17879,893,19,0.563131893245,False,0.054074383061100004,True,-0.0445164277201,-0.0727666969011,-0.018692313840000002,True
17880,894,0,24.3872677348,False,0.140553538864,False,-0.0307651672211,-0.0971023035046,0.0434512353598,False
17881,894,1,28.395283186500002,False,0.10016398400599999,False,-0.0257216310509,-0.07601722212880001,0.0241467618768,False
17882,894,2,3.75362514552,False,0.08759773207900001,False,-0.0531129562622,-0.0976576043127,-0.0100598722337,True
17883,894,3,0.447144577764,False,0.0783790697852,True,-0.0601806203266,-0.09880334669749999,-0.0204242769123,True
17884,894,4,1.49193024378,False,0.073373126589,True,-0.0524872983774,-0.09035706727250001,-0.016983940683600002,True
17885,894,5,0.29599707916400003,True,0.06905353704969999,True,-0.056851024748900005,-0.09300601018600001,-0.023952473136299997,True
17886,894,6,0.129282015192,True,0.06974341408210001,True,-0.05809971418869999,-0.09163137597939999,-0.0218879618973,True
17887,894,7,2.43377621308,False,0.0664287689198,True,-0.04434818435869999,-0.0776872484781,-0.011258479558299998,True
17888,894,8,3.00641533379,False,0.0622665486773,True,-0.04058755504580001,-0.0715029505256,-0.00923640184829,True
17889,894,9,1.9458002336200002,False,0.06054821649040001,True,-0.04231851580900001,-0.0723854298834,-0.0118372133929,True
17890,894,10,2.58237486671,False,0.0591924129334,True,-0.0429335666125,-0.0713157855733,-0.0121233726399,True
17891,894,11,0.5408721883500001,False,0.0593172902895,True,-0.0488285896949,-0.07844525515930001,-0.019127964869799997,True
17892,894,12,0.0666188013605,True,0.0600426348025,True,-0.05680930835109999,-0.086194606391,-0.0261519715885,True
17893,894,13,0.20151629049699998,True,0.0588407712988,True,-0.0600488671147,-0.09064513095039999,-0.031804359651599994,True
17894,894,14,1.9575623631e-08,True,0.0573857432724,True,-0.06359966018680001,-0.09238345221989999,-0.0349977089475,True
17895,894,15,7.858625690810001e-07,True,0.056275238671000004,True,-0.0676500456709,-0.09495302260209999,-0.0386777839311,True
17896,894,16,2.2489833003500003e-10,True,0.058498616112599995,True,-0.0675502281702,-0.09673545521770001,-0.038236839105,True
17897,894,17,1.7349128719599996e-14,True,0.057607651471499995,True,-0.0720497422961,-0.10163676500299999,-0.044029113531900005,True
17898,894,18,1.23397556985e-05,True,0.0563107213036,True,-0.0716221009702,-0.10283657931399999,-0.046525858010099994,True
17899,894,19,7.09247794604e-31,True,0.0563313889695,True,-0.0847586189432,-0.114426679222,-0.0580952902525,True
17900,895,0,16.1981812957,False,0.14277176746099998,False,-0.0458553243327,-0.11639364633400001,0.0263781211263,False
17901,895,1,2.48324312462,False,0.105008621427,False,-0.067543470837,-0.12210640228700001,-0.017097780859700002,True
17902,895,2,6.42620502941,False,0.0878572114105,False,-0.045968570943200004,-0.0918882948535,-0.004031083443,True
17903,895,3,22.727902158200003,False,0.0782646060155,True,-0.028852288100299998,-0.0665069244424,0.011757681573099999,False
17904,895,4,17.5253225584,False,0.07243073205350001,True,-0.0320075901449,-0.0684405126056,0.00399021944791,False
17905,895,5,27.5793874608,False,0.0707882857525,True,-0.0249289164034,-0.0615082729158,0.0092800128367,False
17906,895,6,5.31466326125,False,0.0666653108896,True,-0.0393650010256,-0.07238773380489999,-0.00572242291527,True
17907,895,7,0.568225535749,False,0.0644109386061,True,-0.0495922975009,-0.081772934326,-0.0173619957198,True
17908,895,8,0.0339460056671,True,0.0631792605947,True,-0.0556004685429,-0.086440846631,-0.0232615860363,True
17909,895,9,0.39461856182599997,False,0.0605344382251,True,-0.0544106984545,-0.08397610744100001,-0.023441669215899998,True
17910,895,10,0.592781511661,False,0.0598924915364,True,-0.0513857171964,-0.08261233507889999,-0.022719843542400003,True
17911,895,11,0.999138368468,False,0.0600098320078,True,-0.0450765503896,-0.07551688031760001,-0.015507048309799999,True
17912,895,12,0.270991228105,True,0.0579064451614,True,-0.0521722383515,-0.0803497318162,-0.0224432866548,True
17913,895,13,0.0487359547855,True,0.0601954238674,True,-0.0581395893324,-0.09002363618550001,-0.029828212318,True
17914,895,14,0.277013959694,True,0.0569107911059,True,-0.0566895252411,-0.0842353768629,-0.027324585757,True
17915,895,15,7.26535947084e-06,True,0.057677272179999996,True,-0.06110689275359999,-0.0908014184643,-0.0331241462843,True
17916,895,16,1.7843463779900003e-06,True,0.0577925538935,True,-0.0777832410815,-0.105749726653,-0.047957172759300004,True
17917,895,17,3.0371829443100004e-11,True,0.0563982587806,True,-0.0771201785959,-0.105462221352,-0.049063962571099996,True
17918,895,18,1.16847704828e-29,True,0.058121917691,True,-0.0865736342476,-0.115410353948,-0.0572884362568,True
17919,895,19,1.4842844540699998e-42,True,0.056515993433999996,True,-0.08321876269230001,-0.112573572355,-0.056057578920999995,True
17920,896,0,32.762576473,False,0.1450615485,False,-0.006288527801530001,-0.0792432337747,0.0658183147253,False
17921,896,1,22.0944625053,False,0.105499969101,False,-0.0337889107459,-0.0883936957487,0.0171062733528,False
17922,896,2,3.44509481069,False,0.09109075915079999,False,-0.053948906347199996,-0.10215602012700001,-0.011065260975799998,True
17923,896,3,0.61571703361,False,0.0802040141508,False,-0.0627629495413,-0.10213559417500001,-0.021931580024500002,True
17924,896,4,2.4308743328799998,False,0.0734864673538,True,-0.051541399915300004,-0.08752839536939999,-0.0140419280156,True
17925,896,5,5.89492276123,False,0.06873971060060001,True,-0.0406699551961,-0.0765902051113,-0.00785049451065,True
17926,896,6,8.37842139714,False,0.0686578690325,True,-0.03630967403930001,-0.0704946153885,-0.00183674635594,True
17927,896,7,0.501888412945,False,0.0648557246922,True,-0.054009380081,-0.086873073748,-0.0220173490558,True
17928,896,8,0.225053222271,True,0.0635138600808,True,-0.0558189917435,-0.08979123140519998,-0.026277371324400004,True
17929,896,9,2.85946433082e-05,True,0.0619253343873,True,-0.059717447171099995,-0.09147045812270001,-0.0295451237354,True
17930,896,10,0.027620032050700002,True,0.0597133872999,True,-0.0666485427869,-0.0960851197245,-0.0363717324246,True
17931,896,11,4.9753906123899996e-09,True,0.058022291231899996,True,-0.07346815116880001,-0.10167576175200001,-0.0436534705203,True
17932,896,12,5.10858189302e-05,True,0.0592901610138,True,-0.0705492398136,-0.101042986291,-0.0417528252769,True
17933,896,13,7.2633967997199995e-09,True,0.0585923807364,True,-0.071803945637,-0.101965696195,-0.043373315458199994,True
17934,896,14,9.565390761010001e-10,True,0.0586123335881,True,-0.069142739803,-0.0987590770981,-0.04014674351,True
17935,896,15,5.23366576753e-14,True,0.0602023318124,True,-0.07211700540799999,-0.10330787812100001,-0.043105546308199995,True
17936,896,16,2.1749794801199998e-20,True,0.0560023134126,True,-0.0758972695993,-0.10474462031,-0.0487423068974,True
17937,896,17,1.6355960266799999e-09,True,0.05723338628980001,True,-0.0836932863668,-0.11182874023099999,-0.054595353941,True
17938,896,18,2.65092833109e-19,True,0.0591918213331,True,-0.08558759079889999,-0.113170781758,-0.0539789604254,True
17939,896,19,1.11614717708e-21,True,0.056839120043699995,True,-0.08926708878910002,-0.11634237396199999,-0.0595032539187,True
17940,897,0,27.9883306843,False,0.137618490071,False,-0.0251333492648,-0.0932463449415,0.0443721451293,False
17941,897,1,34.6920556587,False,0.09784969754339999,False,-0.021388892621499997,-0.07144749086680001,0.0264022066766,False
17942,897,2,24.653191405799998,False,0.08786961754219999,False,-0.028798258707499996,-0.0724178466647,0.0154517708775,False
17943,897,3,4.315560849690001,False,0.08096689909310001,False,-0.0486431200796,-0.09172240403370001,-0.0107555049406,True
17944,897,4,2.6565413160699998,False,0.073519679297,True,-0.0480393801839,-0.0832022246913,-0.009682545394239999,True
17945,897,5,0.56932494005,False,0.06786035836,True,-0.057195664289999996,-0.09237005674149999,-0.0245096983815,True
17946,897,6,0.422142042076,False,0.0663269920506,True,-0.0561713599581,-0.0879241068299,-0.0215971147794,True
17947,897,7,1.59006592433,False,0.065144308571,True,-0.04990436807580001,-0.0814906805805,-0.0163463720095,True
17948,897,8,0.0036386142503499995,True,0.060325983674300004,True,-0.0597992177886,-0.0902714761126,-0.0299454924383,True
17949,897,9,0.0921942765804,True,0.0601145859286,True,-0.061061121820700004,-0.0919890874237,-0.031874501495,True
17950,897,10,0.118391414,True,0.059471531864,True,-0.06450119626730001,-0.0931732858504,-0.033701753986400004,True
17951,897,11,0.028612344791599995,True,0.0597007380754,True,-0.0633806539366,-0.09254501384680001,-0.0328442757713,True
17952,897,12,4.7157229447e-06,True,0.056193091765300004,True,-0.060558185149800006,-0.08984674490910001,-0.0336536531438,True
17953,897,13,1.75123865893e-05,True,0.05693750666400001,True,-0.0608303112108,-0.0896650413796,-0.0327275347157,True
17954,897,14,0.00196806400647,True,0.0573871637799,True,-0.05923201401880001,-0.0884557619397,-0.0310685981598,True
17955,897,15,1.47882404884e-07,True,0.0581568325696,True,-0.0620651533543,-0.0897803495732,-0.0316235170036,True
17956,897,16,0.0009632177187710001,True,0.05992351062000001,True,-0.0631157956989,-0.09227959661270001,-0.0323560859927,True
17957,897,17,1.6535420687399997e-08,True,0.056762951576500006,True,-0.0626365495585,-0.0912288876522,-0.0344659360757,True
17958,897,18,7.62941779399e-10,True,0.055566836807500006,True,-0.06596188823009999,-0.0941907816891,-0.038623944881599995,True
17959,897,19,0.000195037497893,True,0.05598724830630001,True,-0.0671724074314,-0.09529566523489999,-0.0393084169286,True
17960,898,0,24.340492340500003,False,0.140273765196,False,-0.0298020191658,-0.102534370318,0.037739394878300005,False
17961,898,1,26.9216026185,False,0.10493845547599999,False,-0.0292495992712,-0.08297085841400001,0.0219675970617,False
17962,898,2,34.290501809,False,0.08845112207239998,False,-0.0225173194472,-0.0675542752087,0.0208968468636,False
17963,898,3,43.0191951124,False,0.07928426369319999,True,-0.0172409006021,-0.0558624839954,0.0234217796978,False
17964,898,4,11.661801128699999,False,0.0727499107438,True,-0.035027377470199995,-0.07056436147310001,0.00218554927066,False
17965,898,5,8.46817617253,False,0.0659601544499,True,-0.035452819567400005,-0.0698139377838,-0.0038537833339699996,True
17966,898,6,33.0411187836,False,0.0661637779899,True,-0.0214976210012,-0.054730153168,0.0114336248219,False
17967,898,7,13.798122366500001,False,0.064627401103,True,-0.0306810542805,-0.0635138740201,0.0011135270829,False
17968,898,8,30.362025786,False,0.0646352104514,True,-0.021650934693400004,-0.0547967659154,0.00983844453605,False
17969,898,9,13.9048499452,False,0.062299106182000005,True,-0.0305351943763,-0.061864301625,0.000434804556905,False
17970,898,10,11.0339193775,False,0.06133329074319999,True,-0.0326261492838,-0.0636931785144,-0.0023598877712600005,True
17971,898,11,5.58267299086,False,0.059855810236499996,True,-0.0367211997997,-0.0653705119587,-0.005514701722149999,True
17972,898,12,1.0350387989799998,False,0.059528631360499996,True,-0.0461283245912,-0.07576520750419999,-0.016236576143700002,True
17973,898,13,3.17499303273,False,0.0605517698854,True,-0.0415923627604,-0.0712312217364,-0.010679451851,True
17974,898,14,0.675061680264,False,0.056918745274199996,True,-0.046758515358800004,-0.0761622697463,-0.0192435244721,True
17975,898,15,1.11337555062,False,0.058396945457,True,-0.042961651477699994,-0.07037421593510002,-0.0119772704781,True
17976,898,16,0.203022963247,True,0.0578275847738,True,-0.0498710663206,-0.0786578304166,-0.020830245642699998,True
17977,898,17,0.17152309969,True,0.055256041287099995,True,-0.050093514704300006,-0.07850103671269999,-0.0232449954257,True
17978,898,18,0.8031223495559999,False,0.0546501308502,True,-0.0454442906041,-0.07219167518849999,-0.0175415443383,True
17979,898,19,0.450604270209,False,0.056094574194,True,-0.047249087298300005,-0.0745982716792,-0.0185036974852,True
17980,899,0,18.347495168,False,0.141297188235,False,0.0411590300195,-0.0327819475061,0.10851524072899998,False
17981,899,1,14.1486574069,False,0.10483133555,False,-0.041378971266699996,-0.0928799388614,0.0119513966882,False
17982,899,2,11.3154454234,False,0.09118016545980001,False,-0.041113425189699994,-0.0891236311139,0.00205653434598,False
17983,899,3,3.35862354212,False,0.08223411068610001,False,-0.0510262509154,-0.09242935547310001,-0.0101952447871,True
17984,899,4,6.154518195980001,False,0.0736338196676,True,-0.041732143852,-0.079081240025,-0.00544742035749,True
17985,899,5,1.27473144264,False,0.0703569353612,True,-0.0532543728266,-0.08735878040850001,-0.0170018450473,True
17986,899,6,0.374449397171,False,0.0681666009429,True,-0.0563032972609,-0.0913481311976,-0.023181530254700003,True
17987,899,7,0.0573799082137,True,0.0647199224942,True,-0.0636985896792,-0.0938993376454,-0.0291794151512,True
17988,899,8,0.00595750791343,True,0.0629392093247,True,-0.059506538154499994,-0.0900645934313,-0.027125384106600002,True
17989,899,9,1.7214802030099999e-06,True,0.0610580264633,True,-0.0672350126695,-0.09876922332730001,-0.037711196864,True
17990,899,10,1.69714874573e-14,True,0.0620146965101,True,-0.0751339515403,-0.10704986256000001,-0.0450351660499,True
17991,899,11,1.51764531179e-05,True,0.061483051276000004,True,-0.06893987404360001,-0.09938977606080002,-0.037906724784800006,True
17992,899,12,5.455614617590001e-24,True,0.0580683720449,True,-0.0767102834375,-0.10540649392200001,-0.0473381218776,True
17993,899,13,7.61061161653e-13,True,0.0571470902514,True,-0.0694357066803,-0.09761215603830001,-0.040465065786900005,True
17994,899,14,1.38923958096e-18,True,0.057104293430199994,True,-0.07420090102919999,-0.10245326667199998,-0.04534897324230001,True
17995,899,15,1.65017888296e-24,True,0.0578543341739,True,-0.0744055129156,-0.101882389463,-0.0440280552891,True
17996,899,16,4.4306807368199997e-11,True,0.056650215677500004,True,-0.07508914200849999,-0.103662335663,-0.0470121199859,True
17997,899,17,4.547766065e-12,True,0.0566353792949,True,-0.07198394100269999,-0.100545248394,-0.0439098690994,True
17998,899,18,2.23496255919e-07,True,0.0591992868344,True,-0.0749300238946,-0.104750487956,-0.045551201122,True
17999,899,19,1.4348631487399999e-27,True,0.056757192980500006,True,-0.0788141620356,-0.10602236374099999,-0.04926517076090001,True
18000,900,0,34.390802961700004,False,0.141247517072,False,0.0025914198991500003,-0.06889494727989999,0.0723525697926,False
18001,900,1,24.908379588800003,False,0.104145643722,False,-0.029430616658400004,-0.0804051866639,0.023740457058200003,False
18002,900,2,34.1906532,False,0.08644329790710001,False,-0.021512580070799998,-0.0633632620684,0.0230800358387,False
18003,900,3,14.332488978499999,False,0.07879907893730001,True,-0.034702976814,-0.0721103891111,0.006688689826260001,False
18004,900,4,6.98978706796,False,0.0737989966,True,-0.040335251911100004,-0.0767015466169,-0.00290255001686,True
18005,900,5,1.51039209887,False,0.0710469377531,True,-0.050929213832999996,-0.08707417236310001,-0.01602723461,True
18006,900,6,0.023601630115400004,True,0.06861678520959999,True,-0.0607220969819,-0.09304413340389998,-0.0244273481943,True
18007,900,7,1.03850726864e-05,True,0.0648075236948,True,-0.0754374630193,-0.107737294427,-0.0429297707327,True
18008,900,8,0.0376012987198,True,0.06720961261780001,True,-0.0683772414619,-0.101505492825,-0.034295880206900005,True
18009,900,9,0.168077836645,True,0.0620828221056,True,-0.059758723114599996,-0.0914360037277,-0.029353181622000003,True
18010,900,10,0.19496333454300002,True,0.060915422698599994,True,-0.0580873368759,-0.09024006517760001,-0.029324642478999997,True
18011,900,11,0.000132446065162,True,0.059152040224199995,True,-0.0629232723097,-0.0921652078562,-0.033013167632,True
18012,900,12,1.12351592111e-05,True,0.058983552958699996,True,-0.0660571428475,-0.09653569982589999,-0.037552146867199994,True
18013,900,13,0.00513638589621,True,0.058922169723399996,True,-0.059943037284300005,-0.0896969275211,-0.0307747577977,True
18014,900,14,0.0023438477744200004,True,0.0591303857648,True,-0.060996117415300005,-0.09084015846110001,-0.0317097726963,True
18015,900,15,0.0328559844112,True,0.0555595948076,True,-0.057452557546399996,-0.08437853740319999,-0.028818942595700003,True
18016,900,16,0.0660713994155,True,0.05875110190780001,True,-0.053731215593300005,-0.0842265506843,-0.0254754487765,True
18017,900,17,0.000978211149404,True,0.0556416729685,True,-0.0574290373431,-0.0862298757481,-0.030588202779599998,True
18018,900,18,0.00662388531984,True,0.056888863286499995,True,-0.0562503156058,-0.083768064967,-0.026879201680400002,True
18019,900,19,7.3584866698e-07,True,0.0551899769549,True,-0.057599609370400005,-0.08508226468499999,-0.02989228773,True
18020,901,0,21.4853870421,False,0.14034658172800002,False,-0.0365437551281,-0.10895652908600001,0.031390052641400004,False
18021,901,1,7.7909897157,False,0.101956461324,False,-0.0514109498048,-0.10244312820599999,-0.00048666688189300005,True
18022,901,2,15.305787325999999,False,0.0883601479122,False,-0.0389285537465,-0.085877320855,0.00248282705717,False
18023,901,3,6.6358530386800005,False,0.0782113041753,True,-0.0431287529724,-0.0834435169915,-0.00523221281616,True
18024,901,4,3.9724365881800003,False,0.0720802492177,True,-0.0455070241299,-0.08254025536989999,-0.0104600061522,True
18025,901,5,6.835230687109999,False,0.0711529317115,True,-0.0398500643801,-0.0764763615486,-0.00532342983708,True
18026,901,6,1.5351027287299999,False,0.066437212406,True,-0.0477072694656,-0.0817248926496,-0.0152876802437,True
18027,901,7,1.12388576852,False,0.06412800686369999,True,-0.046328131643500005,-0.07861217093280001,-0.014484164069000001,True
18028,901,8,0.7197837789139999,False,0.0645803281728,True,-0.051796218514800006,-0.08459560352710001,-0.020015275354299998,True
18029,901,9,0.440708578724,False,0.0625860113871,True,-0.05701764082280001,-0.08881331110400001,-0.0262272997169,True
18030,901,10,0.0730366251818,True,0.058984225495100004,True,-0.060048096418000005,-0.0886021513094,-0.0296179258143,True
18031,901,11,0.21680381467300003,True,0.0599483032809,True,-0.0525795988989,-0.0810576803658,-0.0211093770848,True
18032,901,12,0.502514064115,False,0.058546940112699994,True,-0.053393787492500004,-0.0816509037493,-0.0231039636367,True
18033,901,13,0.47683620030699997,False,0.0592310741043,True,-0.04948334741859999,-0.0782744711113,-0.019043397006999998,True
18034,901,14,0.6047421134350001,False,0.0568700743324,True,-0.046388218846500004,-0.07351756475710002,-0.016647490424600002,True
18035,901,15,0.136926189099,True,0.0582126322076,True,-0.0545244712081,-0.0832980651465,-0.025085432938799997,True
18036,901,16,0.0728563901388,True,0.0566339809945,True,-0.0553488582962,-0.0835603473447,-0.026926366350199998,True
18037,901,17,7.04210988596e-07,True,0.0577842344698,True,-0.0612584634811,-0.09148232870449999,-0.0336980942347,True
18038,901,18,0.000765395980362,True,0.0574264514848,True,-0.0594073017189,-0.08827051431119999,-0.030844062826400002,True
18039,901,19,9.98644551393e-08,True,0.055677219534200004,True,-0.058866690200500005,-0.08610459178539999,-0.0304273722512,True
18040,902,0,4.469419766630001,False,0.14599913621,False,-0.07756723108239999,-0.147361458144,-0.0013623219344200002,True
18041,902,1,2.44566572854,False,0.108580971799,False,-0.0687071938953,-0.125524321263,-0.0169433494643,True
18042,902,2,3.29859985977,False,0.08784342457830001,False,-0.0556029985215,-0.10011062043199999,-0.012267195853600001,True
18043,902,3,8.51189119305,False,0.0781559775515,True,-0.0410419825714,-0.08067606519619999,-0.00252008764469,True
18044,902,4,19.7138085186,False,0.07462493888169999,True,-0.029219273560299998,-0.066074064875,0.008550874006740001,False
18045,902,5,13.4426735548,False,0.0683804055286,True,-0.0329167118364,-0.0666071630141,0.00177324251448,False
18046,902,6,32.9534423625,False,0.0683184189221,True,-0.022337759618900003,-0.056410918104300004,0.011907500817700001,False
18047,902,7,37.1656274303,False,0.0654582665757,True,-0.0191325571834,-0.0510978602695,0.014360406306200002,False
18048,902,8,25.1365573976,False,0.0639448047221,True,-0.024353515942599997,-0.057915260294500004,0.00602954442759,False
18049,902,9,21.0703431892,False,0.058819706779500006,True,-0.0264530688719,-0.0544241967581,0.00439551002134,False
18050,902,10,13.6184260924,False,0.0598671625359,True,-0.029885519714,-0.0608989960781,-0.0010318335421200002,True
18051,902,11,5.28665521371,False,0.06109175022030001,True,-0.0375855430863,-0.0691348789024,-0.00804312868215,True
18052,902,12,10.1888313948,False,0.0600744401305,True,-0.0316730165802,-0.0612272065996,-0.0011527664690699998,True
18053,902,13,7.06620192072,False,0.06051140837399999,True,-0.0348335136399,-0.0643780158284,-0.0038666074544000005,True
18054,902,14,4.37093734834,False,0.0559273029613,True,-0.034768139139300006,-0.06328812030480001,-0.00736081734345,True
18055,902,15,4.18711374877,False,0.0577396141012,True,-0.038190761249000005,-0.06598179254530001,-0.008242178444149999,True
18056,902,16,0.9846723437029999,False,0.0563118165163,True,-0.0440337611424,-0.0704269658272,-0.014115149310899999,True
18057,902,17,0.16918761466499999,True,0.0553593743305,True,-0.0512327908999,-0.07897479707999999,-0.0236154227496,True
18058,902,18,1.0632529583499999,False,0.05667789641419999,True,-0.0449673071337,-0.0744577766869,-0.0177798802727,True
18059,902,19,0.44396535256999997,False,0.05469321799309999,True,-0.0486861400935,-0.0764441435665,-0.021750925573400002,True
18060,903,0,34.367047323499996,False,0.145848632933,False,-0.00400820172944,-0.0778740358938,0.0679745970395,False
18061,903,1,41.8036231651,False,0.10541074801400001,False,-0.00977765257769,-0.0641532839433,0.0412574640704,False
18062,903,2,14.3732547243,False,0.09175546517550001,False,-0.038542035278,-0.0854943590258,0.00626110614972,False
18063,903,3,5.677465120569999,False,0.08221304949010001,False,-0.045031465250000006,-0.08453716265769999,-0.00232411316762,True
18064,903,4,0.942566040282,False,0.0759577153356,True,-0.057852288593600004,-0.09389765132580001,-0.017939935990200002,True
18065,903,5,0.39509403859700004,False,0.0670141465027,True,-0.056444530665800005,-0.0908457974592,-0.0238316509565,True
18066,903,6,2.0765563953,False,0.066949701331,True,-0.0454649467122,-0.080117188739,-0.013167487408,True
18067,903,7,0.833468363204,False,0.0640655110801,True,-0.051525645709699995,-0.08356248272260001,-0.0194969716425,True
18068,903,8,0.00109596814092,True,0.0636910846509,True,-0.0622027123097,-0.09653767620449999,-0.0328465915536,True
18069,903,9,0.07423821598500001,True,0.0625821300204,True,-0.0592045498925,-0.0911168425357,-0.0285347125153,True
18070,903,10,0.005426258398919999,True,0.0586868880674,True,-0.0611066345694,-0.08872857831910001,-0.030041690251700004,True
18071,903,11,5.05112123049e-07,True,0.0578922811643,True,-0.0630817895105,-0.0928553771113,-0.034963095947,True
18072,903,12,0.06118898713050001,True,0.0601523078473,True,-0.06676485226250001,-0.0957614943477,-0.0356091865004,True
18073,903,13,1.17784702232e-06,True,0.0555808101108,True,-0.0648445785121,-0.0913538414072,-0.0357730312964,True
18074,903,14,0.0009406817237860001,True,0.059147706102499996,True,-0.0646349433258,-0.09462525436489999,-0.0354775482624,True
18075,903,15,0.00135674246694,True,0.0558963527494,True,-0.0636301353864,-0.09158370663560002,-0.035687353886300004,True
18076,903,16,0.010727226089000001,True,0.05631138166130001,True,-0.059533423956500006,-0.0882335246653,-0.031922143004,True
18077,903,17,1.28586756373e-13,True,0.0554653387358,True,-0.0680612467497,-0.0960592894181,-0.040593950682300005,True
18078,903,18,0.0221928031783,True,0.0571814197389,True,-0.0644649250712,-0.09289340615430002,-0.0357119864155,True
18079,903,19,0.00038556942005800004,True,0.0564140563992,True,-0.059314161072699996,-0.0854489795761,-0.0290349231769,True
18080,904,0,18.6136347375,False,0.140278447005,False,-0.0416512091481,-0.111460743781,0.0288177032249,False
18081,904,1,45.1865082014,False,0.10739158313200001,False,-0.006816731384949999,-0.062493593551900005,0.0448979895796,False
18082,904,2,52.8374317041,False,0.088293558457,False,0.00891731200026,-0.0347904467776,0.0535031116794,False
18083,904,3,59.5072286767,False,0.0784281475183,True,-0.005015292484270001,-0.0447864941412,0.0336416533771,False
18084,904,4,66.674108667,False,0.07259974540960001,True,-0.0031431886141199995,-0.0384181143164,0.0341816310932,False
18085,904,5,67.3460308737,False,0.0705399097006,True,-0.00337970546257,-0.039356651657300006,0.031183258043299997,False
18086,904,6,51.534309898500005,False,0.0689487857747,True,-0.015000244426899999,-0.050346726709400005,0.0186020590653,False
18087,904,7,21.4614729092,False,0.0626264957651,True,-0.026905205690900002,-0.057966423775800004,0.00466007198927,False
18088,904,8,8.77857440749,False,0.0630477609822,True,-0.0337460560766,-0.0672359761321,-0.00418821514983,True
18089,904,9,7.22340062265,False,0.0626550241983,True,-0.0361528877171,-0.0669797860079,-0.00432476180961,True
18090,904,10,1.5469468170200003,False,0.0600832678166,True,-0.04519326461709999,-0.07412367014219999,-0.014040402325600002,True
18091,904,11,0.8829980757770001,False,0.059812157588800006,True,-0.048810020470699995,-0.07821635125660001,-0.0184041936678,True
18092,904,12,0.726822809791,False,0.057400639393,True,-0.0454966244142,-0.0741543996965,-0.0167537603035,True
18093,904,13,0.9310169140360001,False,0.0588796217421,True,-0.048487280275999994,-0.0772853590015,-0.0184057372595,True
18094,904,14,1.23100224994,False,0.0581163416132,True,-0.04245261366780001,-0.0714696187063,-0.0133532770931,True
18095,904,15,1.67426816896,False,0.0579819799237,True,-0.0439004960566,-0.074283987244,-0.0163020073203,True
18096,904,16,1.54186718463,False,0.057167331115600004,True,-0.0456148290106,-0.07367862901200001,-0.016511297896399997,True
18097,904,17,0.43572702452100004,False,0.056243935288699996,True,-0.05050523221869999,-0.0766482587864,-0.0204043234977,True
18098,904,18,0.0211921097145,True,0.0579445320146,True,-0.056833052554699996,-0.08573633369619998,-0.0277918016816,True
18099,904,19,0.000190772098392,True,0.058070617081900006,True,-0.0598504681788,-0.08616885278349999,-0.028098235701700003,True
18100,905,0,25.745648833,False,0.142536135176,False,-0.0262871993761,-0.0945178040669,0.048018331108599994,False
18101,905,1,19.1043197321,False,0.10306704985300001,False,-0.0359066527678,-0.0892882976237,0.0137787522295,False
18102,905,2,40.1488803724,False,0.08706268991289999,False,-0.0175892725758,-0.0616727701963,0.0253899197166,False
18103,905,3,8.28035920819,False,0.0803565490821,False,-0.041397663502800004,-0.08023776193639999,0.00011878714575899999,False
18104,905,4,5.16553753228,False,0.0775114236462,True,-0.045019005954400004,-0.0833678851293,-0.005856461483090001,True
18105,905,5,1.2520675524299998,False,0.070027898709,True,-0.050995232055,-0.0838475260785,-0.0138196273694,True
18106,905,6,0.646599751411,False,0.06546992213790001,True,-0.05175578532430001,-0.0836432733735,-0.018173351235700002,True
18107,905,7,0.647611821693,False,0.0663015405451,True,-0.0520186833493,-0.08313517132170001,-0.0168336307766,True
18108,905,8,0.381857869387,False,0.0636785936043,True,-0.052074369505900005,-0.0840743192908,-0.0203957256866,True
18109,905,9,0.00417877237717,True,0.060409701387099994,True,-0.0600452093706,-0.0909330272129,-0.030523325825700002,True
18110,905,10,0.0400887535201,True,0.061164668363,True,-0.0623765217459,-0.0934196819245,-0.0322550135615,True
18111,905,11,0.131904340548,True,0.0602039320003,True,-0.056131445971999996,-0.0871976013102,-0.026993669309799996,True
18112,905,12,0.242744586534,True,0.0585286187027,True,-0.0532527291818,-0.0816852390245,-0.023156620321900002,True
18113,905,13,0.45785556506700004,False,0.0592839421249,True,-0.050592537199,-0.07865523608580001,-0.019371293960900003,True
18114,905,14,0.0984014979874,True,0.05643062095919999,True,-0.055448011373600004,-0.0822380264944,-0.0258074055352,True
18115,905,15,0.00102333877776,True,0.05590520551659999,True,-0.0619394796539,-0.08917685943739999,-0.0332716539207,True
18116,905,16,1.17982554799e-06,True,0.0593773587872,True,-0.0634918816396,-0.09611204548350001,-0.036734686696300006,True
18117,905,17,0.0259077341452,True,0.058194449372199995,True,-0.0630324627608,-0.0923020121696,-0.0341075627974,True
18118,905,18,1.4230059885000001e-13,True,0.0570041901535,True,-0.0652948541701,-0.0909301400983,-0.0339259499449,True
18119,905,19,2.54754795268e-05,True,0.0561171795312,True,-0.0614163944919,-0.08905183351870001,-0.0329346539875,True
18120,906,0,11.3963273344,False,0.14789768867699998,False,-0.0567387633537,-0.13057222641799998,0.0173254622594,False
18121,906,1,2.94946094939,False,0.106040192677,False,-0.0665221622216,-0.11870596382000001,-0.012665771142799999,True
18122,906,2,0.7639753238429999,False,0.08390040551550002,False,-0.063668512396,-0.104902110251,-0.0210017047355,True
18123,906,3,0.0257468612642,True,0.08182272043160001,False,-0.078643160245,-0.11805369900999999,-0.0362309785779,True
18124,906,4,1.58722567268e-05,True,0.0747636640995,True,-0.08722995387119999,-0.126942428923,-0.0521787648233,True
18125,906,5,1.17694432098e-11,True,0.0716027754678,True,-0.0861363455234,-0.123050554519,-0.051447779051199995,True
18126,906,6,1.47338518882e-10,True,0.06685523438230001,True,-0.0752526580727,-0.10938095726399999,-0.0425257228814,True
18127,906,7,9.44652558905e-18,True,0.0661657370911,True,-0.0826039709806,-0.11644687305,-0.0502811359594,True
18128,906,8,4.56262132449e-12,True,0.06398623390949999,True,-0.0770042703352,-0.107818745723,-0.0438325118132,True
18129,906,9,2.5368651270299997e-12,True,0.0616396977155,True,-0.07538588412880001,-0.10532192630000001,-0.043682228584400004,True
18130,906,10,0.0024335665930300004,True,0.059574246585599996,True,-0.0824859800643,-0.11194537771,-0.052371131124,True
18131,906,11,7.130937756e-24,True,0.0598492990556,True,-0.0811423139147,-0.11143249102,-0.051583191964600004,True
18132,906,12,3.1300907384000002e-18,True,0.0585110027982,True,-0.0804943448083,-0.110147595587,-0.0516365927885,True
18133,906,13,3.1505293111099996e-40,True,0.0606875100923,True,-0.08660146520220001,-0.117822687356,-0.0571351772635,True
18134,906,14,4.43787545673e-32,True,0.057718326788,True,-0.0838627050452,-0.114679839261,-0.056961512473499995,True
18135,906,15,1.6413986844299998e-41,True,0.055773597890400005,True,-0.08159698772469999,-0.110993536552,-0.0552199386616,True
18136,906,16,5.3998107138e-22,True,0.056614440220099996,True,-0.0780320248632,-0.105094535388,-0.0484800951676,True
18137,906,17,3.7314412482700005e-11,True,0.0566342270689,True,-0.0698341885887,-0.0992361337279,-0.042601906659,True
18138,906,18,5.18253015082e-05,True,0.056665763536,True,-0.06935136208619999,-0.09720504342599999,-0.040539279889999995,True
18139,906,19,6.35069336239e-18,True,0.05406121832119999,True,-0.0720553716578,-0.0996073635851,-0.0455461452639,True
18140,907,0,0.00583080933841,True,0.140965046904,False,-0.137158105171,-0.20935608762000002,-0.0683910407154,True
18141,907,1,0.186803470777,True,0.104338191803,False,-0.0876067029508,-0.140154707735,-0.035816515932800004,True
18142,907,2,1.76497316627e-05,True,0.0913321967774,False,-0.0892373257819,-0.13494640819,-0.04361421141269999,True
18143,907,3,0.0904690824652,True,0.0807406839265,False,-0.08266289811139999,-0.122943665568,-0.0422029816414,True
18144,907,4,0.00276244310106,True,0.0722668146925,True,-0.0821368034038,-0.117459078363,-0.045192263670300006,True
18145,907,5,0.0026278913473200003,True,0.0714290970428,True,-0.0731905959348,-0.10896971320900001,-0.0375406161666,True
18146,907,6,5.48982625392e-05,True,0.0693663849383,True,-0.0737888065433,-0.109723408866,-0.0403570239278,True
18147,907,7,9.51982028157e-07,True,0.0653841109692,True,-0.077416904044,-0.10933671104699999,-0.0439526000777,True
18148,907,8,4.58433469756e-21,True,0.06162244850330001,True,-0.079005828959,-0.110078073838,-0.0484556253352,True
18149,907,9,0.018394498320400004,True,0.0628663227681,True,-0.0701937501865,-0.101304021347,-0.0384376985793,True
18150,907,10,0.00668248440343,True,0.0609723996483,True,-0.0639261889505,-0.096164342946,-0.0351919432977,True
18151,907,11,0.0408411808352,True,0.061311112381999995,True,-0.0667842940429,-0.0974224438139,-0.036111331431900005,True
18152,907,12,1.47829589615e-06,True,0.0604365955305,True,-0.0647463745913,-0.0940146717052,-0.0335780761747,True
18153,907,13,0.005150140317850001,True,0.0583519211644,True,-0.0592982840655,-0.0873070765695,-0.0289551554051,True
18154,907,14,1.9758338525e-07,True,0.0592820118798,True,-0.0621652657054,-0.09283772936410001,-0.0335557174843,True
18155,907,15,0.000234262557702,True,0.058233720397699994,True,-0.057387631999399995,-0.0884904818795,-0.0302567614818,True
18156,907,16,0.0009044333348180001,True,0.05742895447369999,True,-0.06632377735280001,-0.09489145078320001,-0.0374624963095,True
18157,907,17,0.0134239649621,True,0.0577622346155,True,-0.061391518765699996,-0.0893139031793,-0.0315516685638,True
18158,907,18,1.54100846931e-08,True,0.0552525445689,True,-0.0641134593512,-0.09304045073069998,-0.03778790616180001,True
18159,907,19,4.1100202186e-09,True,0.0559651177286,True,-0.0655827110031,-0.093804828078,-0.0378397103495,True
18160,908,0,2.46068216694,False,0.139792669225,False,-0.08209977289169999,-0.152833021649,-0.0130403524239,True
18161,908,1,0.006573346803819999,True,0.103731137246,False,-0.09537975734660001,-0.14489478925899998,-0.041163652013,True
18162,908,2,0.37931837193000006,False,0.09129894046779999,False,-0.0712302694125,-0.114124151238,-0.0228252107705,True
18163,908,3,2.25249108745,False,0.0783623327181,True,-0.0525960218229,-0.0915866048428,-0.013224272124600001,True
18164,908,4,0.636242406972,False,0.07195503632450001,True,-0.058213153081199995,-0.09462043680919999,-0.0226654004847,True
18165,908,5,0.0295699608903,True,0.0694533479099,True,-0.063858514982,-0.09936571521410001,-0.0299123673042,True
18166,908,6,0.0031151039780899998,True,0.066689243546,True,-0.06978968563589999,-0.104033022073,-0.0373437785266,True
18167,908,7,0.0011173086773499999,True,0.06443331786,True,-0.0705572863267,-0.10244237879200001,-0.0380090609325,True
18168,908,8,0.06773067796690001,True,0.0622483609182,True,-0.0751410116645,-0.10586312093599999,-0.0436147600175,True
18169,908,9,5.447026660630001e-16,True,0.06227474217759999,True,-0.08183959329110001,-0.111714461341,-0.0494397191634,True
18170,908,10,8.43407047572e-11,True,0.061913501462000003,True,-0.0784949201437,-0.10856864937699999,-0.0466551479146,True
18171,908,11,5.3814716235800006e-14,True,0.061202680821,True,-0.0807287916407,-0.11128297519000001,-0.050080294368900005,True
18172,908,12,2.82334423394e-18,True,0.060523801558999994,True,-0.0799209547212,-0.11019571630200001,-0.049671914743099996,True
18173,908,13,7.739488437600001e-19,True,0.056541826561,True,-0.0785466307573,-0.106839216973,-0.05029739041180001,True
18174,908,14,3.79515671802e-16,True,0.058278558786,True,-0.0701416663359,-0.09947971138089999,-0.0412011525949,True
18175,908,15,4.48289238426e-14,True,0.0551697856826,True,-0.07165864527860001,-0.0992683166673,-0.0440985309847,True
18176,908,16,6.54378070966e-13,True,0.057296390164599996,True,-0.0706875819587,-0.10102134332999999,-0.043724953165,True
18177,908,17,3.0078584158200003e-07,True,0.0561489394713,True,-0.0738190161413,-0.10134760369200001,-0.04519866422069999,True
18178,908,18,4.179763088680001e-18,True,0.05577309114369999,True,-0.07036084890939999,-0.0976358523704,-0.0418627612266,True
18179,908,19,2.9779069447099995e-08,True,0.0568540434055,True,-0.06264439179690001,-0.09115179472370001,-0.0342977513182,True
18180,909,0,33.812545563899995,False,0.140354064513,False,-0.0056279566115100006,-0.0749154611145,0.0654386033982,False
18181,909,1,45.115560738599996,False,0.104704515791,False,0.00153725399442,-0.04967479068990001,0.0550297251007,False
18182,909,2,55.4319669475,False,0.08636374299249999,False,-0.0010785273558900001,-0.0419442279945,0.0444195149981,False
18183,909,3,45.5027049938,False,0.07835525291010001,True,-0.014941741106,-0.0539132982469,0.024441954663299997,False
18184,909,4,17.713042566800002,False,0.0750131748595,True,-0.030756845905299996,-0.0690655544785,0.00594762038092,False
18185,909,5,7.088842870260001,False,0.0697615125179,True,-0.0377350341018,-0.0731402083248,-0.00337869580691,True
18186,909,6,0.284461357533,True,0.0661477079571,True,-0.05811065487000001,-0.09150515832489999,-0.0253574503678,True
18187,909,7,0.00135855010024,True,0.0662647119867,True,-0.065156286043,-0.0983068627114,-0.0320421507247,True
18188,909,8,8.421963053399999e-05,True,0.0630910563177,True,-0.06982126164819999,-0.103228957272,-0.0401379009545,True
18189,909,9,5.1690462368e-06,True,0.06250831969409999,True,-0.0682100999495,-0.0991317723205,-0.0366234526265,True
18190,909,10,3.35357939031e-09,True,0.060421620366199996,True,-0.0748098882883,-0.104702623307,-0.0442810029411,True
18191,909,11,2.1260105769599996e-16,True,0.0617730388638,True,-0.07908368791119999,-0.108735307739,-0.046962268874699994,True
18192,909,12,1.08136190029e-21,True,0.059648327875,True,-0.078111278731,-0.10817988069199999,-0.048531552816900005,True
18193,909,13,1.49294534331e-13,True,0.059178964064,True,-0.07869730147639999,-0.108436133225,-0.0492571691605,True
18194,909,14,2.41671684954e-06,True,0.0583261580148,True,-0.07222298065260001,-0.10048172607200001,-0.042155568056899996,True
18195,909,15,1.2252357109e-18,True,0.058296540504,True,-0.0728996744965,-0.102349975053,-0.0440534345491,True
18196,909,16,1.2260023194299999e-14,True,0.0565726287081,True,-0.0721268223729,-0.100489912132,-0.0439172834237,True
18197,909,17,0.00010571761582700001,True,0.055654319344199996,True,-0.0735501316766,-0.10125961215700001,-0.0456052928125,True
18198,909,18,5.878806056080001e-13,True,0.0584664235216,True,-0.0719938158218,-0.100281505546,-0.041815082024,True
18199,909,19,2.41117130309e-10,True,0.0568382717738,True,-0.0696408298955,-0.0972458383274,-0.0404075665535,True
18200,910,0,3.70270881883,False,0.140726748616,False,-0.076326167751,-0.148782699865,-0.00805595124854,True
18201,910,1,3.26952764568,False,0.10398609306199999,False,-0.061668454162,-0.11314923666200001,-0.00916314359982,True
18202,910,2,2.0759898761400004,False,0.08566733338410001,False,-0.059155928721699995,-0.101840085209,-0.016172751824700002,True
18203,910,3,1.33662514428,False,0.08360124367119999,False,-0.0604608072929,-0.102578372868,-0.0189771291972,True
18204,910,4,2.15477571303,False,0.0755015729887,True,-0.052064123839,-0.09026819005629999,-0.0147666170676,True
18205,910,5,2.22275985622,False,0.069156866824,True,-0.046272194669900006,-0.0818149659599,-0.0126580991359,True
18206,910,6,0.352992186029,False,0.066125884172,True,-0.054367082472800005,-0.08600348365730001,-0.0198775994853,True
18207,910,7,0.176383430375,True,0.0623364128523,True,-0.0573089660149,-0.0882198542708,-0.0258834414185,True
18208,910,8,0.049156036167400004,True,0.061512848053199995,True,-0.06271390762199999,-0.093738359179,-0.0322255111257,True
18209,910,9,5.60645401325e-05,True,0.0615068610661,True,-0.0645995794302,-0.09626967350919999,-0.0347628124431,True
18210,910,10,0.000589887911696,True,0.061657027021399996,True,-0.06757928083510001,-0.0981919100575,-0.0365348830362,True
18211,910,11,1.75464222609e-05,True,0.0579054744809,True,-0.06541783125339999,-0.0934889329889,-0.0355834585079,True
18212,910,12,0.00012086171286499999,True,0.0593986364616,True,-0.0692722481046,-0.09874843624710002,-0.0393497997856,True
18213,910,13,2.1978002526e-08,True,0.05891645186819999,True,-0.07149705653689999,-0.102513722256,-0.043597270387900004,True
18214,910,14,0.0323196113367,True,0.0567229821277,True,-0.07277135308789999,-0.100125949211,-0.04340296708380001,True
18215,910,15,5.13365187631e-16,True,0.058468987140600004,True,-0.0753582914842,-0.103318120221,-0.044849133080400005,True
18216,910,16,1.11894897253e-18,True,0.054150560336499995,True,-0.0760250138213,-0.1017625933,-0.0476120329636,True
18217,910,17,4.13357367586e-07,True,0.0584912797269,True,-0.073715993055,-0.10476019684599999,-0.046268917118800004,True
18218,910,18,7.91135826597e-08,True,0.057975388060300004,True,-0.07089713709460001,-0.09922073016380001,-0.0412453421035,True
18219,910,19,1.8201574960299997e-17,True,0.0556300228197,True,-0.07156178813019999,-0.0995642878084,-0.0439342649888,True
18220,911,0,27.8267793573,False,0.14408773981599998,False,-0.024052858022500002,-0.094871880022,0.0492158597941,False
18221,911,1,24.408179235,False,0.105572216467,False,-0.030730861726799997,-0.0847527422637,0.0208194742029,False
18222,911,2,10.110403457,False,0.09252080947869999,False,-0.0426547386391,-0.0885090876549,0.00401172182382,False
18223,911,3,6.039647919349999,False,0.0790522647263,True,-0.0447367757479,-0.0836831784093,-0.00463091368302,True
18224,911,4,3.42270196203,False,0.0726154230747,True,-0.04661804750990001,-0.082410466738,-0.009795043663299998,True
18225,911,5,0.741858369095,False,0.0688366321795,True,-0.052692916951699996,-0.0858402973622,-0.017003665182700002,True
18226,911,6,0.181929401822,True,0.0686262654687,True,-0.0633049433025,-0.0994260504002,-0.0307997849315,True
18227,911,7,1.3308291592100001e-08,True,0.0649139639508,True,-0.0773631621758,-0.11084657009000001,-0.0459326061387,True
18228,911,8,1.62953537228e-07,True,0.0614878907233,True,-0.0813386587444,-0.110032201308,-0.0485443105847,True
18229,911,9,6.22072760691e-21,True,0.0596259799569,True,-0.07524629036389999,-0.105011721926,-0.045385741969099995,True
18230,911,10,3.67467146588e-15,True,0.0611944923553,True,-0.07556047978460001,-0.107370018226,-0.046175525871199996,True
18231,911,11,1.23138649797e-16,True,0.060298107823,True,-0.0766825195604,-0.107418792017,-0.047120684194,True
18232,911,12,1.86890467209e-14,True,0.058529192863499994,True,-0.0696587445082,-0.09721859008760002,-0.03868939722419999,True
18233,911,13,5.63542332077e-06,True,0.0596730685656,True,-0.0701020267822,-0.0993097764205,-0.0396367078549,True
18234,911,14,1.57515816911e-07,True,0.0577973203949,True,-0.0667679694055,-0.09600051624129999,-0.0382031958464,True
18235,911,15,0.00029320001837599997,True,0.0571253168521,True,-0.0625068692338,-0.0892886400038,-0.0321633231517,True
18236,911,16,1.12737449597e-15,True,0.056872267299199995,True,-0.07302727734619999,-0.102649877391,-0.045777610091900005,True
18237,911,17,5.12678215493e-26,True,0.05579533425390001,True,-0.0769867134605,-0.105915496832,-0.050120162577800005,True
18238,911,18,7.89314504045e-35,True,0.0553615127494,True,-0.0789863379298,-0.106106513991,-0.050745001241300006,True
18239,911,19,4.75643960569e-26,True,0.0568168191883,True,-0.08053391588889999,-0.10954152533500001,-0.0527247061462,True
18240,912,0,0.401653391584,False,0.14149947322,False,-0.110213540992,-0.180646135299,-0.0391466620787,True
18241,912,1,3.9427622659800003,False,0.105755026301,False,-0.060532461726699995,-0.112561091581,-0.00680606527934,True
18242,912,2,1.48428530631,False,0.08817736232869999,False,-0.0630029385118,-0.107111795043,-0.018934432714400002,True
18243,912,3,0.467679336511,False,0.0770619366907,True,-0.0680402270043,-0.10848017889599999,-0.0314182422054,True
18244,912,4,0.254167330932,True,0.0750459862259,True,-0.0631390903559,-0.0986366585737,-0.0235906723478,True
18245,912,5,0.6569881124629999,False,0.0709058030234,True,-0.055282266061699996,-0.0894632045844,-0.018557401561,True
18246,912,6,3.88505548751,False,0.0675093035222,True,-0.043483642183600006,-0.0782878960865,-0.010778592564299999,True
18247,912,7,2.00211683542,False,0.062494532527,True,-0.043320013011999996,-0.07445233296289999,-0.0119578004359,True
18248,912,8,7.376486934560001,False,0.06282746824799999,True,-0.0367709332976,-0.0663164841206,-0.0034890158726399996,True
18249,912,9,6.8253799408599996,False,0.060446117478300004,True,-0.0352616081452,-0.0651987743183,-0.00475265684,True
18250,912,10,6.53007624401,False,0.0588354434677,True,-0.0335720497616,-0.0634059795141,-0.00457053604639,True
18251,912,11,2.73132318584,False,0.0590019544065,True,-0.041035276333699994,-0.0708553052965,-0.0118533508901,True
18252,912,12,1.7706763328400001,False,0.057923700697300004,True,-0.0427579367692,-0.07168341097389999,-0.013759710276600001,True
18253,912,13,2.1643327653099997,False,0.058447453983,True,-0.0408061215876,-0.0702932743364,-0.0118458203534,True
18254,912,14,1.4269316822999998,False,0.05723312660489999,True,-0.0427212678297,-0.0714941647339,-0.014261038129,True
18255,912,15,1.69412940154,False,0.05799518023709999,True,-0.043590110140699995,-0.0732934065294,-0.015298226292299998,True
18256,912,16,1.06115562279,False,0.055941463776599996,True,-0.0433343066034,-0.0709408621198,-0.014999398343200002,True
18257,912,17,1.56541183621,False,0.0597407711024,True,-0.045919850031000006,-0.07677256597,-0.0170317948676,True
18258,912,18,0.0088936628773,True,0.0562596245108,True,-0.0583716191993,-0.0869529901918,-0.030693365681,True
18259,912,19,0.0765411534519,True,0.0563880337476,True,-0.055016836758,-0.0833318124031,-0.026943778655500003,True
18260,913,0,31.4996575109,False,0.145327149421,False,0.017812859915900002,-0.05242795540780001,0.0928991940133,False
18261,913,1,41.7090867193,False,0.105197711412,False,-0.0141569210772,-0.0652290760827,0.03996863532890001,False
18262,913,2,44.5325965766,False,0.08713333450660002,False,-0.0161144633984,-0.061482443163099997,0.025650891343499998,False
18263,913,3,16.481661797,False,0.07918643044780001,True,-0.034424255481,-0.0733905924023,0.00579583804554,False
18264,913,4,12.507609336500002,False,0.0710229741179,True,-0.033930090734799995,-0.0697922006307,0.00123077348719,False
18265,913,5,31.3435869567,False,0.07154322398850001,True,-0.0224092375354,-0.0589244702874,0.012618753701100001,False
18266,913,6,19.8588033117,False,0.0677410600134,True,-0.027471992342699997,-0.062281859370099994,0.0054592006433299995,False
18267,913,7,6.68519068391,False,0.0638068362252,True,-0.0364103790424,-0.0693834182479,-0.005576582022640001,True
18268,913,8,0.756368553596,False,0.06466600782769999,True,-0.0508063901343,-0.08336356529019999,-0.0186975574625,True
18269,913,9,1.02911708684,False,0.06337385693900001,True,-0.04850499623980001,-0.08016219451949999,-0.0167883375804,True
18270,913,10,1.4213265028600002,False,0.0640177560817,True,-0.04556234102,-0.0771197006029,-0.0131019445212,True
18271,913,11,0.640583345729,False,0.0580394031817,True,-0.0480121288582,-0.0763533688257,-0.018313965644099997,True
18272,913,12,0.294505375244,True,0.059560078888300005,True,-0.0500182022314,-0.08126599621399999,-0.0217059173257,True
18273,913,13,0.0170052715069,True,0.0580429857059,True,-0.056773338460300006,-0.08519050704539999,-0.027147521339500002,True
18274,913,14,1.26750918637e-05,True,0.059611761641199995,True,-0.062430531671199996,-0.0918165158876,-0.032204754246299996,True
18275,913,15,1.52932027349e-06,True,0.0574392975401,True,-0.0650957707201,-0.0940557047083,-0.0366164071682,True
18276,913,16,3.86226227189e-10,True,0.057194643080199996,True,-0.0654008535902,-0.0942921677586,-0.0370975246784,True
18277,913,17,0.0583835781763,True,0.056026123398699994,True,-0.0638465723694,-0.0921634858628,-0.036137362464099994,True
18278,913,18,7.56844728078e-05,True,0.0561664511267,True,-0.0686669438851,-0.09605021430369999,-0.039883763177,True
18279,913,19,0.0135156320119,True,0.056838224983,True,-0.0678516705003,-0.09518682257919998,-0.0383485975963,True
18280,914,0,29.6326933268,False,0.138703195543,False,-0.0192946017306,-0.0869510810022,0.05175211454130001,False
18281,914,1,28.550141678200003,False,0.106600122173,False,-0.025363588721699998,-0.0776835343088,0.0289165878638,False
18282,914,2,17.1105961874,False,0.08725318616149999,False,-0.036416546457300004,-0.0792701921545,0.007982994006989999,False
18283,914,3,18.0653401281,False,0.0782192534567,True,-0.031608972943000004,-0.07011916534689999,0.00810008810982,False
18284,914,4,4.45286254641,False,0.0747338747683,True,-0.044881027326100005,-0.0833425756142,-0.00860870084593,True
18285,914,5,6.187391685190001,False,0.06885039355480001,True,-0.0405552899543,-0.07367755262339999,-0.0048271590685799995,True
18286,914,6,9.8384679775,False,0.0687447025478,True,-0.0362228334124,-0.07063019057589999,-0.00188548802815,True
18287,914,7,2.00484362872,False,0.06546056110449999,True,-0.0458222536164,-0.0792866369755,-0.013826075871,True
18288,914,8,0.613324406397,False,0.0634293562243,True,-0.053067653637699996,-0.08468410619160001,-0.021254749967299997,True
18289,914,9,1.3052421964799998,False,0.0628064091794,True,-0.04659697641919999,-0.0779927737591,-0.0151863645796,True
18290,914,10,3.04209886552,False,0.0604105178863,True,-0.0397908059604,-0.0712664039927,-0.010855886106399999,True
18291,914,11,0.7140321215659999,False,0.0602504512887,True,-0.04968227565359999,-0.078725338047,-0.018474886758400002,True
18292,914,12,0.0799269023862,True,0.0564634211891,True,-0.055971343550399996,-0.082758926447,-0.026295505257900004,True
18293,914,13,0.07418441071239999,True,0.0565945777747,True,-0.05544515018730001,-0.08462263636939998,-0.028028058594800002,True
18294,914,14,0.0906545835018,True,0.0564561207435,True,-0.0596346722914,-0.08811226531819999,-0.031656144574799996,True
18295,914,15,0.00476847967205,True,0.0569133178219,True,-0.061907748899800004,-0.09274886502900001,-0.0358355472071,True
18296,914,16,9.167577502170001e-15,True,0.0563612962944,True,-0.0672792053601,-0.0945592438115,-0.0381979475171,True
18297,914,17,9.00813627049e-05,True,0.0599316410075,True,-0.0695810623618,-0.101444666919,-0.041513025911800006,True
18298,914,18,0.00249700768996,True,0.0566983843406,True,-0.06554319706119999,-0.09314896961069999,-0.0364505852701,True
18299,914,19,0.00269540202455,True,0.0553565317213,True,-0.0693643908502,-0.09867705102539999,-0.043320519304,True
18300,915,0,31.1256755434,False,0.141468053129,False,-0.0136092377611,-0.0831483035228,0.0583197496065,False
18301,915,1,11.9136227081,False,0.104535016797,False,-0.047280617756599995,-0.09846154111269999,0.00607347568418,False
18302,915,2,12.3327170174,False,0.08796741505769999,False,-0.042059056841,-0.0836446652213,0.00432274983637,False
18303,915,3,0.248926644252,True,0.0796215066784,True,-0.0663966618678,-0.10574741863600001,-0.0261259119576,True
18304,915,4,2.26578623008,False,0.0771264368265,True,-0.05153182996569999,-0.0896647828314,-0.0125383460049,True
18305,915,5,1.6105674343599998,False,0.07121424508810001,True,-0.0494915832424,-0.0844501084895,-0.0132358634014,True
18306,915,6,0.41071827351499995,False,0.0664864435841,True,-0.05639907349909999,-0.089479502094,-0.022993058509999997,True
18307,915,7,0.420186943559,False,0.06625399860430001,True,-0.0506131064721,-0.0831884191351,-0.0169344205308,True
18308,915,8,1.58804127739,False,0.0622223494496,True,-0.0471687596625,-0.0793600603912,-0.0171377109416,True
18309,915,9,0.839074338241,False,0.0631619559981,True,-0.04745784012069999,-0.0772755816389,-0.014113625640700001,True
18310,915,10,4.79435636845,False,0.060013712258800006,True,-0.0359911097839,-0.0673242245822,-0.00731051232346,True
18311,915,11,6.7457443894,False,0.05826855276819999,True,-0.0342042457591,-0.06304439225689999,-0.00477583948871,True
18312,915,12,3.4294636775,False,0.0581282336156,True,-0.0397763196119,-0.070154894954,-0.0120266613384,True
18313,915,13,0.916364116793,False,0.0581863463999,True,-0.0459613290089,-0.0737648462886,-0.0155784998887,True
18314,915,14,0.974449943433,False,0.059415899984,True,-0.0459886240979,-0.0739643737677,-0.0145484737837,True
18315,915,15,1.30655770411,False,0.0590286443683,True,-0.045325286617,-0.07474374330969999,-0.0157150989414,True
18316,915,16,0.518757133071,False,0.0573970264994,True,-0.0496225019607,-0.07846562881699999,-0.021068602317599997,True
18317,915,17,0.223448485409,True,0.057743639252599996,True,-0.0521400669821,-0.0827191445525,-0.024975505299900003,True
18318,915,18,0.13144317300799999,True,0.057392385148400005,True,-0.0529334671918,-0.08090880836089999,-0.023516423212500002,True
18319,915,19,0.000127702380446,True,0.0567737238275,True,-0.058225153527899996,-0.08648216234400001,-0.0297084385164,True
18320,916,0,33.6195362821,False,0.144249906328,False,-0.00498186126054,-0.0762554618278,0.0679944445003,False
18321,916,1,11.7385647774,False,0.10989759106699999,False,-0.0455263688631,-0.0976639343025,0.012233656764499999,False
18322,916,2,0.7128290103560001,False,0.08650265701539998,False,-0.0648623160927,-0.10606365868300001,-0.019561001667799997,True
18323,916,3,0.210519222328,True,0.08077412592960001,False,-0.0679823725674,-0.106061001525,-0.025286875595900003,True
18324,916,4,0.6100830369470001,False,0.0740726103518,True,-0.059952732611100006,-0.09737122046800001,-0.0232986101162,True
18325,916,5,0.54597097242,False,0.07064785550139999,True,-0.054717213810800004,-0.09036502896130001,-0.019717173459999997,True
18326,916,6,0.267946933497,True,0.0669812876542,True,-0.0531041869018,-0.08817278819180001,-0.0211915005376,True
18327,916,7,0.35254731069300005,False,0.06477649380230001,True,-0.0582158487779,-0.09051478663769999,-0.025738292835400002,True
18328,916,8,0.246429397705,True,0.0650281272798,True,-0.0592701921189,-0.08874164545119999,-0.023713518171399998,True
18329,916,9,0.00017077363072,True,0.062477689888199996,True,-0.0642314859479,-0.09443212454250001,-0.0319544346543,True
18330,916,10,1.4842454855e-10,True,0.059111368828,True,-0.0713516532146,-0.100200022237,-0.041088653409300006,True
18331,916,11,0.000172319646174,True,0.062305982546699994,True,-0.0711130118991,-0.102422554034,-0.0401165714868,True
18332,916,12,0.046816889837999996,True,0.057965534624399996,True,-0.06323647828840001,-0.0934793503401,-0.035513815715699996,True
18333,916,13,4.3898396898500003e-07,True,0.0588000956779,True,-0.06306638320859999,-0.09339371177750001,-0.0345936160997,True
18334,916,14,5.41928058377e-05,True,0.0591715538017,True,-0.0630012857451,-0.09278243113880001,-0.0336108773371,True
18335,916,15,1.46031957497e-08,True,0.057386313210800004,True,-0.0660057345691,-0.09565180290139999,-0.0382654896906,True
18336,916,16,5.46931429984e-10,True,0.0566723315967,True,-0.06804858715869999,-0.0973007517203,-0.0406284201237,True
18337,916,17,7.94495242539e-11,True,0.056259724812000006,True,-0.0737659043327,-0.10073538265000001,-0.0444756578381,True
18338,916,18,1.1827453086199998e-27,True,0.0550904348788,True,-0.0820272772294,-0.109702687237,-0.054612252358,True
18339,916,19,1.47582990022e-33,True,0.052856105832900006,True,-0.0872745282086,-0.115955073505,-0.0630989676723,True
18340,917,0,4.591483741919999,False,0.142882715982,False,-0.07264546096510001,-0.148034386585,-0.00515167060311,True
18341,917,1,0.20375009286200002,True,0.10055313605699999,False,-0.0897577921132,-0.142121708672,-0.041568572615300003,True
18342,917,2,0.759156731637,False,0.08652785600549999,False,-0.0679624044994,-0.111051186507,-0.024523330501099998,True
18343,917,3,0.799034653362,False,0.07894117156889999,True,-0.059436695162,-0.100309655835,-0.0213684842663,True
18344,917,4,1.76626270512,False,0.0733196320878,True,-0.0523310855947,-0.0877918488378,-0.0144722167499,True
18345,917,5,0.7315547660100001,False,0.07129832661220001,True,-0.05846605748,-0.09471666308730001,-0.0234183364751,True
18346,917,6,3.27629675293,False,0.0667575853643,True,-0.0432521522028,-0.07676744251680001,-0.0100098571524,True
18347,917,7,1.84556255045,False,0.0631977774881,True,-0.0479568647145,-0.0782818614293,-0.015084083941200001,True
18348,917,8,1.35819627132,False,0.0632032434574,True,-0.0460616609483,-0.078262828113,-0.015059584655599999,True
18349,917,9,1.9125259703,False,0.061698854209,True,-0.0425597298543,-0.07427947405439998,-0.012580619845399998,True
18350,917,10,0.604261315438,False,0.0595818967674,True,-0.0502399219809,-0.07864207705339998,-0.0190601802859,True
18351,917,11,0.316171213906,True,0.062266237346199994,True,-0.0571369130479,-0.08937866070080001,-0.0271124233546,True
18352,917,12,0.0405304247923,True,0.05984061475769999,True,-0.0564660564284,-0.0857844535092,-0.0259438387515,True
18353,917,13,0.00013295432573399998,True,0.058706455098,True,-0.0619248129677,-0.09286565359339999,-0.0341591984954,True
18354,917,14,0.000667980453653,True,0.0565501934525,True,-0.0658771004229,-0.09384070601,-0.0372905125575,True
18355,917,15,4.1325123783900005e-10,True,0.057197050100300004,True,-0.06695608877880001,-0.09618130984880001,-0.0389842597486,True
18356,917,16,1.5572533068200002e-08,True,0.057157995442,True,-0.0645277496943,-0.0928801737363,-0.0357221782943,True
18357,917,17,1.8208603882300001e-19,True,0.0565437100285,True,-0.0739796148037,-0.102747382656,-0.046203672627999993,True
18358,917,18,1.12346349453e-24,True,0.05476852279490001,True,-0.0768592091411,-0.103607879231,-0.0488393564358,True
18359,917,19,3.8958013317300004e-14,True,0.0562410676583,True,-0.06966766599780001,-0.0976778746812,-0.0414368070229,True
18360,918,0,34.6537767409,False,0.140135407258,False,0.00197490612761,-0.06965008442580001,0.07048532283189998,False
18361,918,1,9.43817110329,False,0.105632178179,False,-0.049426111400100003,-0.0990108852869,0.00662129289239,False
18362,918,2,2.8539258311,False,0.09055567607989999,False,-0.0567625979544,-0.102009608293,-0.0114539322132,True
18363,918,3,1.49058264127,False,0.0801384350008,False,-0.056501725979199995,-0.09918679969689999,-0.0190483646961,True
18364,918,4,5.48588680756,False,0.0693706742268,True,-0.0408719079523,-0.07553984344489999,-0.006169169218100001,True
18365,918,5,13.8582866117,False,0.0705538198925,True,-0.034422449131199996,-0.0685341014523,0.00201971844018,False
18366,918,6,6.39174373467,False,0.0662614381832,True,-0.0378006269933,-0.0693636021722,-0.00310216398907,True
18367,918,7,1.89694335273,False,0.0665917655225,True,-0.047683208171399996,-0.0839864506138,-0.0173946850913,True
18368,918,8,2.47851722222,False,0.067625740029,True,-0.0462076437101,-0.0820808982503,-0.0144551582213,True
18369,918,9,1.0959967573799998,False,0.0626727744525,True,-0.0488585544708,-0.0800983652587,-0.0174255908062,True
18370,918,10,1.80964147878,False,0.0604519404687,True,-0.042771421914099994,-0.07287126319069999,-0.012419322722,True
18371,918,11,2.47820695841,False,0.060858718831000004,True,-0.04199197414,-0.0722540259727,-0.0113953071418,True
18372,918,12,0.7695190798720001,False,0.059701165855,True,-0.0466170734571,-0.0763065530569,-0.0166053872019,True
18373,918,13,2.14274841129,False,0.05876421119440001,True,-0.042142678689099995,-0.07049310560710001,-0.011728894412700001,True
18374,918,14,0.856360770227,False,0.058090691087999996,True,-0.046330381420200004,-0.0762556888215,-0.0181649977335,True
18375,918,15,2.22010657089,False,0.0579714968076,True,-0.0404311399364,-0.0691517995273,-0.0111803027196,True
18376,918,16,3.41514684426,False,0.05523379553780001,True,-0.036245331461699996,-0.0613566307517,-0.00612283521398,True
18377,918,17,3.13307441884,False,0.0555627362761,True,-0.037693590687000005,-0.065208311174,-0.00964557489791,True
18378,918,18,0.450630202459,False,0.05544517008640001,True,-0.0459706374148,-0.072337993021,-0.0168928229346,True
18379,918,19,0.0283625525465,True,0.0576492779748,True,-0.0520954465478,-0.0820477594183,-0.0243984814435,True
18380,919,0,32.1806288738,False,0.134937357279,False,-0.017002323308700003,-0.08851035891069998,0.0464269983679,False
18381,919,1,44.5875856183,False,0.103421193426,False,-0.0029717603715500003,-0.055638419440599995,0.04778277398519999,False
18382,919,2,55.427581170799996,False,0.086723037421,False,-0.00229591794901,-0.0475171877317,0.03920584968930001,False
18383,919,3,49.3854790423,False,0.0780941777441,True,-0.0153149894293,-0.054540745394199994,0.02355343235,False
18384,919,4,15.322864190399999,False,0.0729981660039,True,-0.0316040375244,-0.0677010439393,0.0052971220646,False
18385,919,5,6.76649322648,False,0.0683305105538,True,-0.039072604198300005,-0.0731071169598,-0.00477660640597,True
18386,919,6,4.26915653627,False,0.0680928641345,True,-0.0431223869241,-0.0793920791432,-0.0112992150087,True
18387,919,7,0.605923139772,False,0.0635904563581,True,-0.050940822990199995,-0.0816590800186,-0.0180686236605,True
18388,919,8,0.111255050527,True,0.0621953899909,True,-0.0576210048076,-0.088640667009,-0.0264452770181,True
18389,919,9,0.306158552436,True,0.0618982481685,True,-0.055437620811300006,-0.0854354654689,-0.023537217300400003,True
18390,919,10,0.0100029375339,True,0.0607228050971,True,-0.061419698564300004,-0.0912933294135,-0.0305705243164,True
18391,919,11,8.55468684541e-08,True,0.060556256947,True,-0.0630264150921,-0.0947586114191,-0.0342023544721,True
18392,919,12,0.00461920861871,True,0.058605062129,True,-0.0666771724761,-0.0957846506044,-0.0371795884754,True
18393,919,13,6.54381360267e-07,True,0.058025609741199996,True,-0.06581644988419999,-0.0944314690145,-0.036405859273300006,True
18394,919,14,7.25514252183e-10,True,0.0570942868676,True,-0.0701989782207,-0.0985842800669,-0.041489993199400006,True
18395,919,15,2.48877174171e-15,True,0.058315253060999994,True,-0.076166992606,-0.104552406847,-0.0462371537859,True
18396,919,16,1.34969482804e-18,True,0.056686186494899996,True,-0.075483062265,-0.10268290080499999,-0.045996714310099995,True
18397,919,17,5.64405847793e-20,True,0.055593170334099995,True,-0.0810607685779,-0.109519055726,-0.053925885392300005,True
18398,919,18,2.2342866344499995e-34,True,0.05672078217090001,True,-0.079318470814,-0.10877866838099999,-0.0520578862098,True
18399,919,19,1.96137462638e-13,True,0.0571350962146,True,-0.07114739827449999,-0.101823825296,-0.044688729081100005,True
18400,920,0,10.678128923300001,False,0.140570944984,False,-0.05634617742740001,-0.126517863398,0.014053081586200002,False
18401,920,1,1.4466620277000002,False,0.103721717576,False,-0.0726358324652,-0.123440372487,-0.0197186549115,True
18402,920,2,0.635470723389,False,0.09086675677389999,False,-0.070448886038,-0.116276575518,-0.0254098187445,True
18403,920,3,0.212242378666,True,0.0785966650154,True,-0.0651462746368,-0.106409568564,-0.0278129035482,True
18404,920,4,0.250274020466,True,0.0731704082329,True,-0.0652317014879,-0.101898051712,-0.0287276434792,True
18405,920,5,0.0173650367498,True,0.0685570616064,True,-0.0710293100205,-0.105303210327,-0.036746148720199996,True
18406,920,6,0.09049452270469999,True,0.0678567209847,True,-0.0601725150022,-0.0951505411765,-0.0272938201918,True
18407,920,7,2.27988746986,False,0.064959566593,True,-0.044530512776100005,-0.0757238150745,-0.0107642484816,True
18408,920,8,3.2570010271599994,False,0.061525717144,True,-0.0401573290524,-0.0711832592634,-0.009657542119360001,True
18409,920,9,0.850476252319,False,0.0626407901566,True,-0.048662859566400006,-0.0800810756271,-0.0174402854705,True
18410,920,10,1.19800760082,False,0.059413473439,True,-0.043323023469500004,-0.0716760758154,-0.0122626023765,True
18411,920,11,0.308517131757,True,0.0606930315548,True,-0.052075320787,-0.08344146135269999,-0.022748429798,True
18412,920,12,0.00921885536967,True,0.058881503737000004,True,-0.059546734435800004,-0.0878537789704,-0.028972275233400003,True
18413,920,13,1.74890532412e-08,True,0.05669058086,True,-0.0651399136807,-0.0943717509159,-0.0376811700559,True
18414,920,14,3.3735041226e-08,True,0.058564520759500006,True,-0.0672521708375,-0.0974014043107,-0.0388368835512,True
18415,920,15,4.06853267106e-18,True,0.0575342917576,True,-0.0712562457513,-0.100292180184,-0.042757888426299996,True
18416,920,16,1.04204079835e-05,True,0.05876846088,True,-0.06729279269999999,-0.0955562773408,-0.0367878164608,True
18417,920,17,4.43133838801e-06,True,0.057935333563,True,-0.0609422109622,-0.08877462633330001,-0.0308392927703,True
18418,920,18,0.000224249902459,True,0.0556201773697,True,-0.0555753293406,-0.0832124565165,-0.0275922791468,True
18419,920,19,0.004432032827640001,True,0.05450255424290001,True,-0.057396520476199996,-0.0850419569915,-0.030539402748699998,True
18420,921,0,33.9166639134,False,0.13971705234999998,False,0.00760617204998,-0.058458799374799995,0.0812582529755,False
18421,921,1,44.3651195259,False,0.103187535083,False,-0.0047299697908100005,-0.0570010470074,0.0461864880751,False
18422,921,2,42.655746531999995,False,0.086689395893,False,-0.017559928578,-0.06111397698030001,0.0255754189127,False
18423,921,3,48.61519495,False,0.0779776964038,True,-0.0136572063261,-0.0538960168767,0.024081679526999997,False
18424,921,4,29.3648729256,False,0.06938975585080001,True,-0.0252556601893,-0.061007634773500005,0.00838212107723,False
18425,921,5,31.1480791982,False,0.06965504493319999,True,-0.023296822888,-0.057526201638400006,0.012128843294799999,False
18426,921,6,20.283221632,False,0.06856072751400001,True,-0.0290890440907,-0.06098874883830001,0.00757197867567,False
18427,921,7,27.0408174871,False,0.062265867341300005,True,-0.023980173339499998,-0.0554874361207,0.006778431220600001,False
18428,921,8,26.6512876923,False,0.0631673801339,True,-0.0228713606424,-0.054336351095099995,0.00883102903875,False
18429,921,9,17.046107630199998,False,0.0609454029055,True,-0.0289202837121,-0.05823537301,0.0027100298955,False
18430,921,10,12.646362740699999,False,0.060833909287800005,True,-0.0304666794203,-0.0617837765572,-0.0009498672693879999,True
18431,921,11,6.60578564574,False,0.05865577302080001,True,-0.0349376388425,-0.0633783385426,-0.004722565521840001,True
18432,921,12,2.7760418706200003,False,0.058286106811100004,True,-0.040440339587599995,-0.0684738096044,-0.010187702793299998,True
18433,921,13,2.15868911084,False,0.0595251186695,True,-0.042022756792199994,-0.07160664591810001,-0.0120815272486,True
18434,921,14,1.7489688698099997,False,0.0577423711357,True,-0.0413674294032,-0.0700590042803,-0.0123166331445,True
18435,921,15,0.00498891146805,True,0.0574619146784,True,-0.050313789643800004,-0.0790875497988,-0.0216256351204,True
18436,921,16,1.34401759331,False,0.0583560390836,True,-0.0448082963909,-0.073820864256,-0.0154648251724,True
18437,921,17,0.226964348175,True,0.0556074934765,True,-0.0493303618982,-0.077303313936,-0.0216958204595,True
18438,921,18,0.20325730272999998,True,0.0582467024968,True,-0.049083468691,-0.07860505955210001,-0.020358357055299998,True
18439,921,19,0.265917572948,True,0.0548472681222,True,-0.0469243840524,-0.0747398791913,-0.019892611069099998,True
18440,922,0,10.824013468599999,False,0.14243304252699998,False,-0.056093257090300004,-0.130596761038,0.011836281488900001,False
18441,922,1,11.9748900473,False,0.101888627708,False,-0.044553734175699994,-0.0982013313313,0.00368729637629,False
18442,922,2,3.0950640755900003,False,0.08909890180510001,False,-0.0542988535981,-0.102700579288,-0.0136016774825,True
18443,922,3,1.52679647581,False,0.0770951687012,True,-0.0540474972495,-0.09112438827439999,-0.0140292195732,True
18444,922,4,0.0449298963576,True,0.0758934383152,True,-0.0664465127893,-0.10237496328,-0.0264815249647,True
18445,922,5,0.139545439637,True,0.0693817677758,True,-0.060629187758099994,-0.0941936089921,-0.0248118412164,True
18446,922,6,0.00592336322879,True,0.0678480319396,True,-0.0660296950715,-0.100000103736,-0.0321520717967,True
18447,922,7,8.08435763044e-08,True,0.0664863455177,True,-0.0789019338407,-0.10927375257300001,-0.0427874070552,True
18448,922,8,8.973596019819999e-25,True,0.061572158121999995,True,-0.0843812170374,-0.115931394275,-0.0543592361527,True
18449,922,9,7.72270124629e-13,True,0.0627024143982,True,-0.08387750467060001,-0.116043534837,-0.0533411204385,True
18450,922,10,2.4016769676399996e-43,True,0.0609143488258,True,-0.0931976634141,-0.12332944645600001,-0.0624150976298,True
18451,922,11,1.38640994636e-44,True,0.0592140670578,True,-0.0928262618605,-0.12126430969799999,-0.062050242640399995,True
18452,922,12,1.08567186338e-33,True,0.05850139970369999,True,-0.09057850034810001,-0.119133315116,-0.0606319154127,True
18453,922,13,1.7071475413199999e-46,True,0.057113449489799996,True,-0.0929499271845,-0.121391329149,-0.0642778796587,True
18454,922,14,1.54146371315e-42,True,0.056385563988300004,True,-0.08843778199680001,-0.118303003615,-0.0619174396263,True
18455,922,15,5.90355272202e-51,True,0.0564189991199,True,-0.08884371048289999,-0.11698786433700001,-0.060568865217199994,True
18456,922,16,6.128121156709999e-26,True,0.05527214680959999,True,-0.09107957209930001,-0.120238884384,-0.0649667375744,True
18457,922,17,1.06336299598e-33,True,0.0594882025829,True,-0.0868674763153,-0.117858520283,-0.0583703177002,True
18458,922,18,2.40443730269e-44,True,0.055419131620899995,True,-0.0861778872107,-0.114023335393,-0.058604203771699996,True
18459,922,19,1.1519964178299999e-38,True,0.055819592204800005,True,-0.0809374971573,-0.106946364068,-0.0511267718629,True
18460,923,0,10.863099148,False,0.139245683089,False,-0.0563677871346,-0.12647534246,0.0127703406296,False
18461,923,1,17.2039563352,False,0.10331963858899999,False,-0.0368035813015,-0.0871120208693,0.016207617719999998,False
18462,923,2,8.10605886561,False,0.0871185208522,False,-0.0440527538275,-0.0887115082215,-0.00159298736936,True
18463,923,3,56.3562296475,False,0.0824409534122,False,-0.00792043036737,-0.0492493702188,0.0331915831934,False
18464,923,4,64.189123829,False,0.0728610839167,True,-0.004162521879179999,-0.0390066959361,0.0338543879806,False
18465,923,5,36.5904096195,False,0.07020739714539999,True,-0.019691865301299998,-0.0549213634012,0.0152860337441,False
18466,923,6,24.9771932517,False,0.068697934231,True,-0.0257781243456,-0.061231275390499995,0.00746665884056,False
18467,923,7,11.3130899963,False,0.0634079911472,True,-0.032009523862999996,-0.0660839939952,-0.00267600284797,True
18468,923,8,12.578183103299999,False,0.0625228302215,True,-0.0318804505726,-0.0653913543407,-0.0028685241192,True
18469,923,9,19.6436023781,False,0.0624571494855,True,-0.0265531691787,-0.060114124514100004,0.00234302497137,False
18470,923,10,17.8108505416,False,0.06008503015240001,True,-0.0265457959547,-0.0562999660788,0.0037850640736,False
18471,923,11,25.883697749499998,False,0.058820637456599996,True,-0.0233309241477,-0.0526047404527,0.00621589700386,False
18472,923,12,15.431731302000001,False,0.0598924333478,True,-0.0283366253144,-0.059907682667500003,-1.52493196544e-05,True
18473,923,13,11.9920660365,False,0.0585397899484,True,-0.0295610096251,-0.060334891295499994,-0.00179510134704,True
18474,923,14,7.202907397310001,False,0.0579194514396,True,-0.035038683030599996,-0.0636732290469,-0.00575377760733,True
18475,923,15,2.26042655465,False,0.057030931513000004,True,-0.039625159096800006,-0.0692191186974,-0.0121881871844,True
18476,923,16,0.720561481347,False,0.0574495268764,True,-0.04439201547180001,-0.07374888017419999,-0.0162993532978,True
18477,923,17,2.99271455178,False,0.0552478609944,True,-0.0376649590473,-0.0661890299502,-0.010941168955700001,True
18478,923,18,1.2232211712899999,False,0.0556594314831,True,-0.042395511814,-0.0714876548387,-0.0158282233556,True
18479,923,19,1.0590251414,False,0.055613843926,True,-0.042115907510199994,-0.0692154680684,-0.013601624142400001,True
18480,924,0,0.257422079925,True,0.141042276012,False,-0.11558579558399999,-0.18609632714899998,-0.045054051137,True
18481,924,1,0.606901509063,False,0.106552178405,False,-0.07847677752,-0.133019028534,-0.026466850129,True
18482,924,2,0.131304203616,True,0.0881816240628,False,-0.0856835294188,-0.134566610475,-0.0463849864117,True
18483,924,3,0.000123941452234,True,0.07666382370519999,True,-0.0843853664446,-0.122601093329,-0.0459372696238,True
18484,924,4,0.0031001127019200003,True,0.07414626401819999,True,-0.0775017361299,-0.116598577051,-0.0424523130325,True
18485,924,5,3.21948646565e-13,True,0.0684152537904,True,-0.0796897749552,-0.11429421352199999,-0.0458789597317,True
18486,924,6,4.8964517845099994e-06,True,0.0662932445361,True,-0.077495647982,-0.112638217766,-0.0463449732304,True
18487,924,7,5.5088408679e-10,True,0.0632227045662,True,-0.0799037138441,-0.111197912182,-0.04797520761580001,True
18488,924,8,3.90529068121e-06,True,0.0629069978264,True,-0.0726542941555,-0.10337157898299999,-0.040464581156599996,True
18489,924,9,4.146710905619999e-30,True,0.061055560073199996,True,-0.088865989639,-0.12076376939099999,-0.059708209318000006,True
18490,924,10,8.05869379074e-41,True,0.0619690455858,True,-0.0916317656694,-0.12180949987600001,-0.0598404542899,True
18491,924,11,1.36464273512e-35,True,0.061582989252500005,True,-0.0948072249976,-0.12493050615999998,-0.0633475169073,True
18492,924,12,2.03051255629e-26,True,0.0578280094473,True,-0.09108768646680002,-0.12045652066,-0.0626285112125,True
18493,924,13,3.1978274006099996e-37,True,0.058014892354100005,True,-0.09650604680870001,-0.12434902851600001,-0.0663341361614,True
18494,924,14,4.4583215398499995e-40,True,0.059701988779699997,True,-0.09109224722869999,-0.119814490737,-0.0601125019577,True
18495,924,15,1.29297674145e-52,True,0.05509232286830001,True,-0.0881987586949,-0.114908456596,-0.0598161337278,True
18496,924,16,2.2176721536599998e-34,True,0.056834225273,True,-0.0830013936316,-0.111770330875,-0.0549361056023,True
18497,924,17,2.3824240906399995e-27,True,0.058608711729899995,True,-0.0809433976523,-0.109525596872,-0.0509168851418,True
18498,924,18,1.34511043782e-24,True,0.058176407720599996,True,-0.0810793077312,-0.109523247565,-0.05134683984400001,True
18499,924,19,8.65482207729e-15,True,0.0554031491407,True,-0.07897128238039999,-0.106402267999,-0.0509991188585,True
18500,925,0,26.0379592763,False,0.142077679426,False,0.025955801301500003,-0.050579450697999996,0.091498228728,False
18501,925,1,11.4794340919,False,0.109277637845,False,-0.0453127810535,-0.10381813699999999,0.00545950084495,False
18502,925,2,31.051769078200003,False,0.0912812712602,False,-0.0239229754539,-0.07059608778439999,0.0206851834758,False
18503,925,3,24.0168868918,False,0.0799421405364,True,-0.028125730377000002,-0.0691063920346,0.010835748501799998,False
18504,925,4,14.666214639000001,False,0.074686661621,True,-0.0332094628302,-0.0700329406719,0.00465372094915,False
18505,925,5,11.490591988299999,False,0.068837163503,True,-0.0333801254978,-0.0685724874517,0.000264676051235,False
18506,925,6,5.37343688138,False,0.0689080400248,True,-0.0409088234807,-0.07272874223589999,-0.0038207022111500003,True
18507,925,7,4.19124926441,False,0.06548102353009999,True,-0.0403107802655,-0.07374732399799999,-0.008266300467949999,True
18508,925,8,0.16131157737,True,0.0607604810066,True,-0.0537257344295,-0.08385855482739998,-0.023098073820799998,True
18509,925,9,0.0427210914375,True,0.0593130238351,True,-0.058536580126400006,-0.0893166519387,-0.0300036281037,True
18510,925,10,0.134047685756,True,0.060881651666400007,True,-0.0608480153919,-0.09161718808139999,-0.0307355364151,True
18511,925,11,1.03391857206e-05,True,0.0591784615079,True,-0.0646830643682,-0.095405667906,-0.036227206398099995,True
18512,925,12,0.24760418119199998,True,0.0605905000811,True,-0.0582309140904,-0.0890858142057,-0.028495314124599998,True
18513,925,13,1.98041454648e-05,True,0.056982860477400005,True,-0.0580557972631,-0.08775899916610001,-0.030776138688699998,True
18514,925,14,0.178304416186,True,0.056935199898499995,True,-0.0571077025519,-0.0851996253249,-0.0282644254264,True
18515,925,15,0.110007989887,True,0.0553157409825,True,-0.056915772809199995,-0.0846391966879,-0.0293234557053,True
18516,925,16,0.21571059653900002,True,0.058158769481199996,True,-0.0521234038182,-0.08139193529830001,-0.023233165817200002,True
18517,925,17,0.00535688866437,True,0.0552885664199,True,-0.0565534391199,-0.0838112601637,-0.0285226937438,True
18518,925,18,2.90833482983e-17,True,0.0551902025477,True,-0.065660003229,-0.0944573812077,-0.039267178660000006,True
18519,925,19,0.00021838991939,True,0.0550145942078,True,-0.06040390286569999,-0.0879629960735,-0.0329484018657,True
18520,926,0,5.71452450733,False,0.139217314067,False,-0.0687273821462,-0.13701370795,0.00220360611716,False
18521,926,1,2.8929523651099998,False,0.105248820963,False,-0.064411202552,-0.11792249671800001,-0.012673675754799999,True
18522,926,2,4.94852317695,False,0.0893275766814,False,-0.051150557876,-0.0961029313058,-0.006775354624430001,True
18523,926,3,2.7066810504400003,False,0.0764561451105,True,-0.0504007998983,-0.087062913107,-0.010606767996399999,True
18524,926,4,8.105577577170001,False,0.0734051491367,True,-0.039281324845699996,-0.076643252673,-0.0032381035363,True
18525,926,5,4.0002621968300005,False,0.0714704997023,True,-0.0446066134727,-0.0820226123227,-0.0105521126204,True
18526,926,6,2.34218865315,False,0.0686520822911,True,-0.0469866531749,-0.08172370213610002,-0.013071619845100002,True
18527,926,7,0.887180035654,False,0.0639595282101,True,-0.052170548492800006,-0.0854025338004,-0.0214430055902,True
18528,926,8,0.104133041312,True,0.06213919031830001,True,-0.0588561103275,-0.0889782728887,-0.026839082570400002,True
18529,926,9,0.0014855371871300002,True,0.0600094607535,True,-0.0632811925465,-0.0949234628006,-0.0349140020471,True
18530,926,10,0.0029855483132199996,True,0.0596203921799,True,-0.063478421504,-0.0925421821751,-0.0329217899952,True
18531,926,11,6.41139805819e-06,True,0.0591279285079,True,-0.06110527111959999,-0.092530014997,-0.0334020864892,True
18532,926,12,0.042534357785,True,0.0603399800975,True,-0.0588763594894,-0.0887421427066,-0.028402162609099998,True
18533,926,13,0.00017415155132799998,True,0.0571131058628,True,-0.06754718835630001,-0.09637135552710001,-0.039258249664300006,True
18534,926,14,4.717710818289999e-16,True,0.056056797498,True,-0.07320700522819999,-0.10159071441800001,-0.045533916920499996,True
18535,926,15,9.389384255570001e-17,True,0.056366253301,True,-0.0732279403114,-0.102042635695,-0.0456763823938,True
18536,926,16,2.01156760866e-11,True,0.05601908789469999,True,-0.07162471870060001,-0.100307002503,-0.0442879146081,True
18537,926,17,7.468450003939999e-31,True,0.0542726349212,True,-0.0803545631034,-0.109079786473,-0.05480715155159999,True
18538,926,18,5.94193253147e-23,True,0.056714826556699995,True,-0.0771262820049,-0.105492079037,-0.0487772524799,True
18539,926,19,3.95978035554e-26,True,0.0552484774283,True,-0.07802405274119999,-0.10501652386499999,-0.049768046436300006,True
18540,927,0,2.0249021578299997,False,0.13956989755899998,False,-0.08564202065710001,-0.15318336153200002,-0.0136134639725,True
18541,927,1,4.9711743547400005,False,0.106683326061,False,-0.0589791251036,-0.11134131806,-0.00465799199819,True
18542,927,2,4.73124944901,False,0.0891938294517,False,-0.0499767209806,-0.09488388730399999,-0.00569005785227,True
18543,927,3,51.089125037399995,False,0.0796703303545,True,-0.012336035762200001,-0.053159590126700004,0.0265107402278,False
18544,927,4,38.9192012579,False,0.0762221880946,True,-0.0197051150867,-0.0568433308964,0.019378857198299997,False
18545,927,5,41.2184935446,False,0.0690741330897,True,-0.0184496652897,-0.052757256872300005,0.0163168762174,False
18546,927,6,39.5324221271,False,0.0688088191502,True,-0.0191120593399,-0.0551073752334,0.0137014439168,False
18547,927,7,25.8882019954,False,0.0638133824958,True,-0.025138436167,-0.0542719600041,0.009541422491700001,False
18548,927,8,15.7990032893,False,0.0641771619792,True,-0.0293950822101,-0.061376889778199994,0.00280027220093,False
18549,927,9,15.5482585949,False,0.0619973855989,True,-0.028792591633599998,-0.060463999694300004,0.0015333859045799998,False
18550,927,10,13.6575067745,False,0.0597383253139,True,-0.029285651664299996,-0.0587137990456,0.00102452626833,False
18551,927,11,12.3393569995,False,0.0600122404429,True,-0.0301061763307,-0.0606166380547,-0.0006043976118099999,True
18552,927,12,15.3659540787,False,0.059044854792,True,-0.0289399902948,-0.058537014824699994,0.000507839967285,False
18553,927,13,13.8894619239,False,0.0585920527197,True,-0.0274058959863,-0.05630941165159999,0.0022826410680900004,False
18554,927,14,6.763749154,False,0.059391573363300004,True,-0.0336815375536,-0.06242579235140001,-0.00303421898812,True
18555,927,15,6.25983125669,False,0.058044929100199996,True,-0.0343654588443,-0.0626510577541,-0.004606128653880001,True
18556,927,16,10.5988182216,False,0.0567902180313,True,-0.0306481494483,-0.0579779991829,-0.0011877811516400002,True
18557,927,17,4.2146970902900005,False,0.0583213452034,True,-0.0374287719937,-0.0666282349433,-0.00830688973993,True
18558,927,18,1.9003687521200001,False,0.055518708214600004,True,-0.039969690085300005,-0.069151594445,-0.013632886230500001,True
18559,927,19,1.5626740284099998,False,0.056731151660099996,True,-0.042516800877,-0.0712158541397,-0.014484702479700002,True
18560,928,0,3.48917383089,False,0.143056859333,False,-0.07914636181469999,-0.150964722975,-0.00790786364279,True
18561,928,1,0.430984618839,False,0.103305246973,False,-0.0889683190054,-0.14012642723,-0.03682118025680001,True
18562,928,2,1.79227120647e-18,True,0.086580991721,False,-0.10916232737400001,-0.152878184025,-0.0662971923042,True
18563,928,3,3.81142512588e-11,True,0.0798050418898,True,-0.0927782447155,-0.133413317209,-0.0536082753192,True
18564,928,4,4.89817446234e-07,True,0.07743003455189999,True,-0.0873368095644,-0.12619745174,-0.0487674171876,True
18565,928,5,6.64187134985e-05,True,0.0696614262218,True,-0.0772019661579,-0.113381717557,-0.043720291335199994,True
18566,928,6,1.57366187522e-08,True,0.06642382262419999,True,-0.08464666919019999,-0.119055459248,-0.05263163662380001,True
18567,928,7,1.12043975365e-07,True,0.0630771896761,True,-0.080638866903,-0.11279331297700002,-0.04971612330109999,True
18568,928,8,6.38591466385e-21,True,0.0638311442691,True,-0.0824907120518,-0.11289257079600001,-0.0490614265271,True
18569,928,9,8.676214456919999e-12,True,0.0606035833579,True,-0.08014763014989999,-0.10976532761800001,-0.049161744259900005,True
18570,928,10,7.94924574215e-20,True,0.0587647827697,True,-0.07633666534580001,-0.105994230238,-0.047229447467900004,True
18571,928,11,2.91755310599e-15,True,0.0615040422598,True,-0.0774765953707,-0.106902477354,-0.0453984350945,True
18572,928,12,9.3401672858e-08,True,0.058652575616800005,True,-0.0782777758678,-0.10640871410800001,-0.0477561384908,True
18573,928,13,6.00403805099e-26,True,0.05848667163369999,True,-0.0812137288704,-0.110702049188,-0.052215377554,True
18574,928,14,8.407727776010001e-12,True,0.056400957405699996,True,-0.071697621204,-0.102225639604,-0.04582468219790001,True
18575,928,15,2.07835862025e-06,True,0.0559529121593,True,-0.0631927566166,-0.09211737222829999,-0.036164460069,True
18576,928,16,6.50273688974e-07,True,0.05577075232999999,True,-0.0658365522121,-0.09447789306610001,-0.0387071407361,True
18577,928,17,2.40315052873e-17,True,0.054850793645800006,True,-0.0685735720456,-0.0978036095441,-0.0429528158983,True
18578,928,18,1.45860055185e-16,True,0.0540732149576,True,-0.07070429855600001,-0.09772498129360002,-0.043651766336,True
18579,928,19,6.7852170087e-08,True,0.056389846372699996,True,-0.0683729935094,-0.09753703155760002,-0.041147185185,True
18580,929,0,21.6363092862,False,0.139371918319,False,-0.0331964213601,-0.10185335575099999,0.037518562567699996,False
18581,929,1,13.8418944789,False,0.10556436713600001,False,-0.0421528390269,-0.0956127708642,0.00995159627224,False
18582,929,2,5.95010185656,False,0.08940546252260001,False,-0.049056959598199994,-0.0909120360929,-0.0015065735703299998,True
18583,929,3,7.32546640713,False,0.0793491314901,True,-0.0422861642686,-0.08299248819539999,-0.0036433567053,True
18584,929,4,2.70772321297,False,0.07388625499319999,True,-0.0484229760312,-0.08716337712510001,-0.0132771221319,True
18585,929,5,0.909914064392,False,0.067931510303,True,-0.0528895051329,-0.0850916437762,-0.0171601334731,True
18586,929,6,0.9768629877200001,False,0.06668754649,True,-0.0488992673254,-0.08150517800769999,-0.0148176315177,True
18587,929,7,1.7273118425599998,False,0.06655107580059999,True,-0.0460952792719,-0.0797649768862,-0.013213901085600001,True
18588,929,8,0.955654591135,False,0.0622804562557,True,-0.0483843663502,-0.079689602357,-0.017409146101400003,True
18589,929,9,0.266272584202,True,0.061439163735300006,True,-0.0536690602553,-0.0840562046737,-0.0226170409384,True
18590,929,10,0.6405020182460001,False,0.0579957223032,True,-0.0474664885264,-0.0764138458358,-0.018418123532599997,True
18591,929,11,0.23076694277100002,True,0.058637792383300004,True,-0.057162723068699996,-0.08730519273830001,-0.028667400355,True
18592,929,12,0.124538463202,True,0.0585971263128,True,-0.059625218695300006,-0.0896369578579,-0.031039831545099997,True
18593,929,13,1.91168466269e-09,True,0.057538211503,True,-0.0647070313155,-0.0940401216131,-0.0365019101101,True
18594,929,14,9.40002466641e-12,True,0.05903745232890001,True,-0.0741029907302,-0.10556806368699999,-0.046530611358400004,True
18595,929,15,0.000327500323703,True,0.0566616339991,True,-0.0674147722695,-0.09695228206350001,-0.0402906480645,True
18596,929,16,0.000167320035445,True,0.05869877073080001,True,-0.06369232072459999,-0.0929228494021,-0.0342240786713,True
18597,929,17,3.47590504448e-07,True,0.057881760741,True,-0.06507768902000001,-0.0921963946923,-0.034314633951400005,True
18598,929,18,9.025520515430001e-07,True,0.058166527768400006,True,-0.0679993287674,-0.09755615199860002,-0.039389624230199996,True
18599,929,19,7.4536389751e-09,True,0.0566004663557,True,-0.06689071185819999,-0.0962153585599,-0.0396148922041,True
18600,930,0,4.13840932241,False,0.14277976806,False,-0.07585085251349999,-0.148016168114,-0.0052364000535299994,True
18601,930,1,0.126589006659,True,0.105219420057,False,-0.0929379104665,-0.145111009481,-0.039891589424400006,True
18602,930,2,0.007501527843350001,True,0.08748453988780001,False,-0.0914367591353,-0.136229774695,-0.048745234806900004,True
18603,930,3,0.000239950313317,True,0.079840132997,True,-0.0893505828812,-0.129336446452,-0.049496313454999996,True
18604,930,4,4.43468982683e-08,True,0.0723213157001,True,-0.08547305727530001,-0.12271038522,-0.050389069519999996,True
18605,930,5,3.7082088300999996e-08,True,0.0700988272743,True,-0.0840466320399,-0.119311952995,-0.049213125720699996,True
18606,930,6,1.86316581963e-21,True,0.065791730231,True,-0.0897820163764,-0.123101459377,-0.0573097291457,True
18607,930,7,8.29675672733e-12,True,0.0625581791189,True,-0.07812837688560001,-0.108782356546,-0.046224177427,True
18608,930,8,9.380809013550001e-14,True,0.061420338106000005,True,-0.0764685698104,-0.10698329768100001,-0.0455629595754,True
18609,930,9,1.0217635599e-06,True,0.0627800596902,True,-0.07241633200960002,-0.10194815125199999,-0.0391680915616,True
18610,930,10,1.15087727188e-09,True,0.0613208356611,True,-0.0719144449856,-0.103267662999,-0.0419468273376,True
18611,930,11,8.214051233319999e-17,True,0.0576203300008,True,-0.0761102849495,-0.103500651625,-0.045880321624600005,True
18612,930,12,3.2155191524800004e-15,True,0.0586585738222,True,-0.0746781908832,-0.101964563607,-0.0433059897844,True
18613,930,13,1.9061865177700002e-25,True,0.056740461704199996,True,-0.0738658730184,-0.10184953157,-0.04510906986530001,True
18614,930,14,4.35006728352e-05,True,0.05830457812059999,True,-0.0704623557735,-0.0992768261248,-0.0409722480042,True
18615,930,15,4.56054225151e-05,True,0.0574478116278,True,-0.06704570338280001,-0.0971252899325,-0.0396774783046,True
18616,930,16,1.97531650374e-13,True,0.05766192939280001,True,-0.0703014494254,-0.100504813325,-0.042842883932300006,True
18617,930,17,0.00393044707353,True,0.0586812381865,True,-0.06297409546260001,-0.0920613834984,-0.0333801453119,True
18618,930,18,3.15546553131e-11,True,0.0542878671592,True,-0.0688025628349,-0.09449019938780001,-0.04020233222859999,True
18619,930,19,3.261477676e-13,True,0.056815237030499996,True,-0.06969386175430001,-0.09805740377000001,-0.0412421667395,True
18620,931,0,0.591424079504,False,0.151159528047,False,-0.106107234983,-0.18308549897100002,-0.0319259709242,True
18621,931,1,4.22561863274,False,0.10885323652699999,False,-0.060897904065899996,-0.11652004681900001,-0.007666810292060001,True
18622,931,2,1.5247993947999998,False,0.09385740940580001,False,-0.0645875751872,-0.108513834782,-0.0146564253758,True
18623,931,3,0.220008303133,True,0.07929804074180001,True,-0.07242681745410001,-0.11188357700200001,-0.0325855362606,True
18624,931,4,0.0026218593165700005,True,0.07325668644239999,True,-0.0711543411729,-0.10633434283700001,-0.0330776563951,True
18625,931,5,0.157021806513,True,0.06832837659680001,True,-0.066145666472,-0.10094650664100001,-0.032618130043900004,True
18626,931,6,0.136931958818,True,0.0685354784207,True,-0.066623937506,-0.10131640421700001,-0.0327809257966,True
18627,931,7,0.012352785389900001,True,0.0653384443351,True,-0.0674552848398,-0.09922415081419998,-0.0338857064792,True
18628,931,8,0.0067018008779,True,0.0620465056058,True,-0.0673203992841,-0.0978198188983,-0.0357733132925,True
18629,931,9,1.57589960222e-10,True,0.06217260792169999,True,-0.0791064289193,-0.109042154173,-0.046869546250800004,True
18630,931,10,9.62066942575e-27,True,0.0580653362683,True,-0.08094057715760002,-0.11010547377900001,-0.0520401375106,True
18631,931,11,3.74189646646e-18,True,0.061234616966699996,True,-0.08462785842360002,-0.11478186063,-0.0535472436629,True
18632,931,12,8.469722950929999e-41,True,0.0598433301607,True,-0.09020726728140001,-0.119289163687,-0.059445833526,True
18633,931,13,2.92312717144e-35,True,0.059659741851,True,-0.08883970548890001,-0.119002288788,-0.059342546936599995,True
18634,931,14,3.5648698342600004e-43,True,0.0582885467109,True,-0.0930168554028,-0.12281425469900001,-0.06452570798809999,True
18635,931,15,1.06048029582e-36,True,0.058831578172699996,True,-0.0878958452308,-0.11745228698799999,-0.058620708815699994,True
18636,931,16,2.34041171929e-36,True,0.0578541904188,True,-0.0857119474038,-0.114145944785,-0.056291754366100004,True
18637,931,17,8.176668601410001e-44,True,0.0573449271136,True,-0.0901316298675,-0.119243468535,-0.0618985414213,True
18638,931,18,2.16582620868e-49,True,0.055162562806,True,-0.08667833164349999,-0.115238430636,-0.0600758678299,True
18639,931,19,1.0258690035599999e-23,True,0.055315369155199995,True,-0.08102110621610001,-0.108240388177,-0.0529250190219,True
18640,932,0,22.1841110113,False,0.141005829359,False,-0.0361744613906,-0.106943421109,0.0340624082503,False
18641,932,1,15.7768477072,False,0.10302182594,False,-0.0373850916925,-0.08535063735649999,0.0176711885833,False
18642,932,2,2.4124129487599997,False,0.08997322107989998,False,-0.0575843022977,-0.104318527107,-0.0143453060273,True
18643,932,3,1.59205436648,False,0.0815835840989,False,-0.0575481113534,-0.09590166303760002,-0.014318078938700001,True
18644,932,4,0.301187765514,True,0.074720515658,True,-0.0618165602782,-0.10020787184800001,-0.025487356189599998,True
18645,932,5,1.12111450246,False,0.06972316750039999,True,-0.05240618773990001,-0.086372320939,-0.0166491534387,True
18646,932,6,0.633611103682,False,0.06582242077719999,True,-0.056528958638000004,-0.0907942694455,-0.0249718486682,True
18647,932,7,0.323451531166,True,0.0630250589211,True,-0.055808831606,-0.08783229669600001,-0.0248072377749,True
18648,932,8,0.04890066217090001,True,0.0636131911517,True,-0.0566928590252,-0.08773255717810001,-0.024119366026400003,True
18649,932,9,0.8400256444069999,False,0.0640830349615,True,-0.0526504866429,-0.0844703567787,-0.0203873218172,True
18650,932,10,0.0852517075037,True,0.058582421875099995,True,-0.058208862215999996,-0.0866560199011,-0.028073598026,True
18651,932,11,0.00209000231051,True,0.057816839317600004,True,-0.055878790051800006,-0.08519219911139998,-0.0273753597938,True
18652,932,12,0.40001943894,False,0.0592931189394,True,-0.0564688710356,-0.0874319749392,-0.028138855999699997,True
18653,932,13,0.00628833158757,True,0.058203591349599994,True,-0.0662943604853,-0.0950001509833,-0.036796559633699995,True
18654,932,14,2.60003412588e-05,True,0.0569351282929,True,-0.0632279952149,-0.09063025061680001,-0.0336951223239,True
18655,932,15,1.38343508672e-06,True,0.0585116389932,True,-0.0681257748026,-0.09816038359319999,-0.0396487446,True
18656,932,16,1.91884749009e-08,True,0.056324339267699995,True,-0.066519090063,-0.0962370711264,-0.0399127318587,True
18657,932,17,0.113933713378,True,0.0589198103192,True,-0.06369403139219999,-0.09459694938549999,-0.035677139066300004,True
18658,932,18,0.0728518716175,True,0.0573104737075,True,-0.0616481919497,-0.0925896572763,-0.035279183568699995,True
18659,932,19,6.16625130271e-05,True,0.055604942743,True,-0.061235823576699995,-0.08826421475410001,-0.0326592720111,True
18660,933,0,0.08223356622189999,True,0.143279389037,False,-0.11845301951,-0.183251611911,-0.039972222873699996,True
18661,933,1,9.88873128647,False,0.10677196427100001,False,-0.0471888010566,-0.0988617892812,0.00791017498935,False
18662,933,2,15.1784503481,False,0.09007499021889999,False,-0.0377843097099,-0.08442249704389998,0.005652493175,False
18663,933,3,14.0756076198,False,0.0809041385008,False,-0.0359505212857,-0.0772085355265,0.00369560297433,False
18664,933,4,24.613578548299998,False,0.0714809112808,True,-0.026025834247599997,-0.0610404463167,0.010440464964,False
18665,933,5,31.3281685115,False,0.0681554009144,True,-0.022534014811999997,-0.0568613013834,0.011294099531000001,False
18666,933,6,18.6308746687,False,0.0672985926705,True,-0.027082885386,-0.0591934028764,0.00810518979406,False
18667,933,7,9.83111623469,False,0.06342739283689999,True,-0.034922130706000004,-0.0669246419712,-0.0034972491343,True
18668,933,8,0.24892768965999998,True,0.062475973137499995,True,-0.052889587224300004,-0.08126741190219999,-0.0187914387646,True
18669,933,9,0.12488019031,True,0.0615601709657,True,-0.0565750284215,-0.0882352559847,-0.026675085019,True
18670,933,10,0.00156457672655,True,0.0592035734418,True,-0.0565169420424,-0.08598216132200001,-0.0267785878802,True
18671,933,11,2.16227380773e-06,True,0.0592499119549,True,-0.0672721280748,-0.0956443516326,-0.036394439677699994,True
18672,933,12,2.2811231333099998e-07,True,0.059316536091300005,True,-0.06872390978210001,-0.09917207528580001,-0.039855539194400005,True
18673,933,13,2.80575488036e-15,True,0.058702001739999995,True,-0.07694781173330001,-0.10763070589000001,-0.048928704149900006,True
18674,933,14,7.74692684181e-11,True,0.058254293096000005,True,-0.07210708994130001,-0.101128787802,-0.042874494705999994,True
18675,933,15,1.55051724236e-18,True,0.0588451558249,True,-0.07128400027580001,-0.0999711770055,-0.041126021180699995,True
18676,933,16,1.52951833785e-07,True,0.0575108521485,True,-0.07367613795360001,-0.103232979008,-0.0457221268595,True
18677,933,17,1.7178207942800002e-14,True,0.057069355398,True,-0.0707835988621,-0.0987036280311,-0.041634272633099996,True
18678,933,18,5.82211609936e-07,True,0.056142624256300004,True,-0.0678630121036,-0.09724180024189999,-0.0410991759855,True
18679,933,19,1.31037355266e-05,True,0.0566514163232,True,-0.0652223508908,-0.0930313278262,-0.036379911503,True
18680,934,0,34.6634486954,False,0.13963879247400002,False,-0.00800944670307,-0.0752761329769,0.0643626594972,False
18681,934,1,47.7765750221,False,0.104861278063,False,0.000190488340069,-0.049348517309699996,0.055512760753,False
18682,934,2,7.472549050510001,False,0.08604828190510001,False,-0.04554854517469999,-0.0869603838916,-0.0009121019864989999,True
18683,934,3,0.43223309575900004,False,0.07770769338320001,True,-0.0657285971015,-0.104912795056,-0.027205101673099998,True
18684,934,4,8.3124722397e-06,True,0.07283445764489999,True,-0.07756092998639999,-0.110841355973,-0.0380068983282,True
18685,934,5,6.03707135857e-16,True,0.0671915440925,True,-0.0829138623575,-0.11543141552200001,-0.0482398714296,True
18686,934,6,0.00267926269196,True,0.0686741806704,True,-0.0676154637361,-0.101608996667,-0.0329348159971,True
18687,934,7,0.007528491175899999,True,0.0663677093344,True,-0.06874547812439999,-0.10366980096100001,-0.0373020916261,True
18688,934,8,3.48204403824e-08,True,0.0636361132936,True,-0.07397798220980001,-0.105692860776,-0.042056747482500004,True
18689,934,9,0.00218857925666,True,0.0612971016864,True,-0.0652969486848,-0.09676579046610001,-0.0354686887797,True
18690,934,10,0.00373288871519,True,0.0607239451193,True,-0.0612048029527,-0.09060197480789998,-0.0298780296886,True
18691,934,11,0.0268397168169,True,0.0600879196483,True,-0.057464802041400004,-0.08687542045959999,-0.026787500811299998,True
18692,934,12,0.398725427428,False,0.058677412448500006,True,-0.048658662113500006,-0.0782016468711,-0.019524234422599998,True
18693,934,13,0.21195431632800002,True,0.05830494172759999,True,-0.0524704428594,-0.08103944743430001,-0.022734505706700003,True
18694,934,14,0.046673835314300006,True,0.0578498693743,True,-0.0575731443124,-0.0863205015996,-0.0284706322254,True
18695,934,15,0.000609899566617,True,0.0572172063401,True,-0.0603208191038,-0.0900072996178,-0.0327900932777,True
18696,934,16,1.00383848619e-18,True,0.05561252706230001,True,-0.0688033043065,-0.09481637053410001,-0.039203843471800004,True
18697,934,17,6.4832482724499995e-21,True,0.055410155564199995,True,-0.0688426281198,-0.0970415279335,-0.0416313723693,True
18698,934,18,4.881370532449999e-13,True,0.056646287153000005,True,-0.0707350578602,-0.09835216969419999,-0.041705882541300004,True
18699,934,19,3.95124741484e-26,True,0.054527972198800005,True,-0.07960020301080001,-0.10771087054199999,-0.053182898342900006,True
18700,935,0,10.3107364465,False,0.141735308661,False,-0.0573830406979,-0.123295862762,0.0184394458995,False
18701,935,1,5.09624685932,False,0.10441085967800001,False,-0.058975582285500004,-0.111584535365,-0.00717367568674,True
18702,935,2,0.47460998819399997,False,0.0844491297207,False,-0.0682115114196,-0.10928627556600001,-0.0248371458451,True
18703,935,3,0.0449791088265,True,0.0786899226678,True,-0.07290006088960001,-0.110768449266,-0.032078526598,True
18704,935,4,0.475715479703,False,0.0764217062573,True,-0.061776805238800005,-0.10137846428300001,-0.0249567580252,True
18705,935,5,0.9670895879829999,False,0.0709201346335,True,-0.0541382381928,-0.0909797700437,-0.020059635410299998,True
18706,935,6,0.758867230731,False,0.06774586051459999,True,-0.0517585574735,-0.08316587651980001,-0.0154200160052,True
18707,935,7,0.606884166515,False,0.0641390229198,True,-0.0515729396585,-0.0832792070937,-0.0191401841739,True
18708,935,8,0.17599697829,True,0.0636912520955,True,-0.0526272738476,-0.08490898261980001,-0.0212177305243,True
18709,935,9,0.187805777929,True,0.0602956644039,True,-0.0554625078483,-0.085880374353,-0.0255847099491,True
18710,935,10,0.250111648105,True,0.058506733040500004,True,-0.056706826885400005,-0.08613496609819998,-0.0276282330577,True
18711,935,11,0.0120363894471,True,0.0613378961165,True,-0.0569337652788,-0.08684387843569999,-0.025505982319099996,True
18712,935,12,0.05340280088830001,True,0.0604792993444,True,-0.0566907236565,-0.08757527319810002,-0.0270959738536,True
18713,935,13,0.144270094465,True,0.056628539380900005,True,-0.0611096937528,-0.0901016728081,-0.0334731334272,True
18714,935,14,0.189805278484,True,0.056963108192400004,True,-0.05575264160230001,-0.08407330740329999,-0.027110199210900004,True
18715,935,15,0.0032950974295700005,True,0.0563824686415,True,-0.058932693663300006,-0.0871883195551,-0.0308058509136,True
18716,935,16,3.2361719925099997e-09,True,0.057379649851000004,True,-0.0603441940969,-0.0906540433749,-0.0332743935239,True
18717,935,17,4.63319797925e-05,True,0.056387021101599995,True,-0.0662935742362,-0.09341732445539999,-0.037030303353800004,True
18718,935,18,6.65032670112e-06,True,0.056435959172099995,True,-0.0625150246561,-0.09066116518789999,-0.0342252060157,True
18719,935,19,9.73108989131e-08,True,0.0538616309087,True,-0.06097465852000001,-0.08766216521749999,-0.0338005343088,True
18720,936,0,31.4210746985,False,0.137047922814,False,0.016909452853500002,-0.0518293470498,0.0852185757638,False
18721,936,1,21.8540889263,False,0.107780683877,False,-0.0329315051177,-0.0859258731165,0.021854810760400002,False
18722,936,2,51.6465094194,False,0.089170355295,False,-0.0033132860524100003,-0.050270636255199994,0.0388997190398,False
18723,936,3,58.28855852270001,False,0.0819719289584,False,-0.00103446175017,-0.0422655192232,0.039706409735199996,False
18724,936,4,64.56607741010001,False,0.07355078326810001,True,-0.00570299277706,-0.0417658346613,0.0317849486068,False
18725,936,5,67.91169107510001,False,0.07003867319780001,True,-0.00564670670373,-0.0398765122884,0.0301621609094,False
18726,936,6,49.1959098026,False,0.0697551803819,True,-0.0153352893524,-0.05197391742600001,0.017781262956,False
18727,936,7,67.4007852284,False,0.0641888136294,True,-0.00970525442766,-0.0412772502764,0.022911563353,False
18728,936,8,54.473769365699994,False,0.06313457994459999,True,-0.0140300589919,-0.044268408727400003,0.0188661712171,False
18729,936,9,73.3714793015,False,0.0587862676782,True,-0.00555934734971,-0.0334350753152,0.025351192363,False
18730,936,10,71.7883304325,False,0.0581590392576,True,-0.0073705433943699996,-0.0362470859685,0.021911953289000002,False
18731,936,11,55.6326721083,False,0.061484948608,True,-0.013278280346299999,-0.0438277931979,0.017657155410099996,False
18732,936,12,34.6187652976,False,0.060095781025599995,True,-0.0199384437577,-0.04891753240590001,0.0111782486197,False
18733,936,13,28.963441386,False,0.0599922226984,True,-0.021947046682000003,-0.051872589567400006,0.00811963313096,False
18734,936,14,8.40194835028,False,0.057532906282199994,True,-0.0324542269758,-0.061427135393900004,-0.00389422911168,True
18735,936,15,2.62184952007,False,0.0579233554838,True,-0.03936907593319999,-0.0694449711772,-0.0115216156934,True
18736,936,16,0.9110561732119999,False,0.0592519377621,True,-0.043898491020099996,-0.07290654829410001,-0.013654610531999999,True
18737,936,17,2.65658631479,False,0.0580552217002,True,-0.0400008995937,-0.06818723003669999,-0.010132008336500001,True
18738,936,18,3.00350471862,False,0.0560638367155,True,-0.037172272566999995,-0.06388139488990001,-0.0078175581744,True
18739,936,19,3.4276211377599997,False,0.056084781248,True,-0.037795659671300004,-0.0659293098955,-0.00984452864751,True
18740,937,0,30.7626192202,False,0.134671449812,False,0.018315058422,-0.0511201221651,0.0835513276465,False
18741,937,1,45.675995127,False,0.10312436771500001,False,0.0100722520761,-0.041382112176699994,0.061742255538,False
18742,937,2,52.309802337,False,0.08654710937110001,False,0.0044014667245000005,-0.038321225239300004,0.0482258841318,False
18743,937,3,43.4953298179,False,0.08259197104810001,False,-0.017286913351,-0.0584952708735,0.024096700174599996,False
18744,937,4,50.397844049700005,False,0.0725781274716,True,-0.0130800171454,-0.0485917568374,0.0239863706343,False
18745,937,5,57.862757048,False,0.0700636054015,True,-0.0114600066234,-0.046392890223000006,0.023670715178499998,False
18746,937,6,40.1916896702,False,0.0686675408465,True,-0.018651438199200003,-0.05201322678069999,0.0166543140658,False
18747,937,7,29.378401907199997,False,0.06742168644299999,True,-0.022333569237199997,-0.0552731990125,0.0121484874305,False
18748,937,8,18.7225967091,False,0.0648776802951,True,-0.028443681592700002,-0.0590641111101,0.005813569185029999,False
18749,937,9,12.181599956300001,False,0.0646712295594,True,-0.031739087127,-0.0641170625361,0.000554167023248,False
18750,937,10,10.821015729500001,False,0.057860206112599996,True,-0.030712448069000003,-0.0599975098574,-0.0021373037447400003,True
18751,937,11,9.214956551,False,0.0591236735415,True,-0.0311641965722,-0.0626616700029,-0.00353799646136,True
18752,937,12,1.6771010203999999,False,0.0582872744594,True,-0.0419992988629,-0.0708862314663,-0.012598957006899999,True
18753,937,13,4.24557007001,False,0.060169804515500004,True,-0.036433225554800004,-0.0679023297482,-0.00773252523265,True
18754,937,14,1.67001529404,False,0.055899804236900004,True,-0.0439268010482,-0.0718950941903,-0.0159952899534,True
18755,937,15,0.46616952632200004,False,0.0622036631642,True,-0.0508083444216,-0.0826573727442,-0.02045370958,True
18756,937,16,0.47795524817400004,False,0.0566048381959,True,-0.0497917979774,-0.07956744606669999,-0.0229626078709,True
18757,937,17,0.000231786195738,True,0.0570037564684,True,-0.0586686663905,-0.08672614372860002,-0.0297223872603,True
18758,937,18,0.00687420877307,True,0.0579144766925,True,-0.0605824567779,-0.08978364287070001,-0.0318691661782,True
18759,937,19,0.0136951258767,True,0.0554112339865,True,-0.0561617570286,-0.08410804507360001,-0.0286968110871,True
18760,938,0,11.5876795127,False,0.140218495674,False,-0.0543659100373,-0.12527729535999999,0.014941200314100001,False
18761,938,1,0.640694725786,False,0.104712283976,False,-0.0819695989691,-0.13472790700099999,-0.0300156230243,True
18762,938,2,0.522043393336,False,0.0907231886132,False,-0.073491735113,-0.11511193471799999,-0.024388746104900005,True
18763,938,3,0.694663803372,False,0.0797607327262,True,-0.0608623509856,-0.102927307032,-0.0231665743062,True
18764,938,4,1.7396146458300001,False,0.07370240406499999,True,-0.053768613559800005,-0.09002639183569999,-0.016323987770700002,True
18765,938,5,1.82326805729,False,0.069032260158,True,-0.04898499670630001,-0.0821626192318,-0.0131303590738,True
18766,938,6,2.39808021156,False,0.0644609962317,True,-0.0442434866383,-0.0774513253886,-0.0129903291569,True
18767,938,7,0.0053907076705600005,True,0.06425813773109999,True,-0.0587948401922,-0.09108489992489999,-0.0268267621938,True
18768,938,8,2.08419082597,False,0.0630000075455,True,-0.04514407821309999,-0.0762463231463,-0.0132463156008,True
18769,938,9,1.08317756638,False,0.0589688801884,True,-0.04569428760290001,-0.0754457086098,-0.016476828421399997,True
18770,938,10,0.12676222272,True,0.060637639148199994,True,-0.0489553570859,-0.0775098167428,-0.0168721775946,True
18771,938,11,0.000517658870877,True,0.0610430355734,True,-0.0579562637231,-0.0884464225197,-0.0274033869463,True
18772,938,12,0.309355691298,True,0.059119156421600004,True,-0.0520350067514,-0.08077407505630001,-0.0216549186348,True
18773,938,13,0.233461942489,True,0.056887325995199994,True,-0.0543845101735,-0.08293033409799999,-0.026043008102799997,True
18774,938,14,0.00023505782492500002,True,0.0573095099972,True,-0.056659000769199996,-0.08410135421569999,-0.026791844218599998,True
18775,938,15,3.0142589506399997e-10,True,0.05687017148159999,True,-0.06459228789850001,-0.09316903233750001,-0.0362988608558,True
18776,938,16,3.66247600564e-16,True,0.05625460301969999,True,-0.0645419412572,-0.0912107644176,-0.034956161398,True
18777,938,17,1.28172430621e-06,True,0.056658942360000006,True,-0.0667869653747,-0.0953741964378,-0.03871525407780001,True
18778,938,18,7.159065437109999e-09,True,0.055508751431599994,True,-0.067738523644,-0.09546704749360001,-0.039958296062,True
18779,938,19,4.41330616894e-11,True,0.056149341345499995,True,-0.0650376494646,-0.0925069715948,-0.036357630249300006,True
18780,939,0,29.3171962559,False,0.14387210251,False,-0.0173642516833,-0.09180677894,0.0520653235705,False
18781,939,1,40.844629049,False,0.10473261342,False,0.012151278321700001,-0.038331463088099996,0.0664011503315,False
18782,939,2,53.3196184776,False,0.0895779438115,False,-0.0050841431063,-0.048671292929,0.0409066508825,False
18783,939,3,50.1584467728,False,0.0789336167065,True,-0.012826735095799999,-0.051684795668,0.0272488210385,False
18784,939,4,44.827877038800004,False,0.07337850892239998,True,-0.0168000881787,-0.0536306658912,0.019747843031200002,False
18785,939,5,41.655961089499996,False,0.0692407210091,True,-0.019174762230000003,-0.054546904070499995,0.0146938169386,False
18786,939,6,56.089269593999994,False,0.0696090511915,True,-0.0123407272709,-0.0478189196,0.021790131591500003,False
18787,939,7,56.4183403499,False,0.066136365027,True,-0.0124540709242,-0.04599218696409999,0.020144178062900003,False
18788,939,8,33.7072500912,False,0.0623573654808,True,-0.0211155946368,-0.0534230277162,0.008934337764590001,False
18789,939,9,30.405747460900002,False,0.0622981263853,True,-0.0216539818372,-0.052420875694399995,0.0098772506909,False
18790,939,10,31.848015381,False,0.060873910498800005,True,-0.021659462853299997,-0.052745453302699995,0.00812845719606,False
18791,939,11,32.8026741008,False,0.0607303909609,True,-0.021063270835,-0.050439085635,0.0102913053259,False
18792,939,12,23.617157066300003,False,0.06152379323030001,True,-0.023541460947400002,-0.053450716232699994,0.00807307699761,False
18793,939,13,22.680904019899998,False,0.059698679609699996,True,-0.024396294344900003,-0.054357960802600004,0.00534071880705,False
18794,939,14,5.58405782048,False,0.0586770089609,True,-0.0348118711268,-0.06467778217640001,-0.0060007732154699995,True
18795,939,15,3.00671862416,False,0.055981157569399996,True,-0.0371580320699,-0.0635575396496,-0.007576382080250001,True
18796,939,16,5.53540241121,False,0.0576661163556,True,-0.0359338234585,-0.0657746394241,-0.00810852306845,True
18797,939,17,3.55726457665,False,0.0560701024331,True,-0.0370641903311,-0.06516366610299999,-0.009093563669930001,True
18798,939,18,4.45674192107,False,0.0560106783994,True,-0.0366709235192,-0.0662339547925,-0.0102232763931,True
18799,939,19,4.574981629230001,False,0.0553022663318,True,-0.0355633256587,-0.0653793157938,-0.010077049462,True
18800,940,0,31.0699944879,False,0.14199936285700002,False,0.008493807714409999,-0.0610983482278,0.0809010146291,False
18801,940,1,27.2272508094,False,0.101836419877,False,-0.0279272621526,-0.07979843731410001,0.0220379825624,False
18802,940,2,21.2973643536,False,0.0859354011485,False,-0.0307748654318,-0.0725006249353,0.013434776213200002,False
18803,940,3,6.27953685125,False,0.07841196395819999,True,-0.044007320022599994,-0.0826664996158,-0.0042545356576,True
18804,940,4,2.10364989511,False,0.0729591741026,True,-0.049467376960500006,-0.08633583080330001,-0.0133766567007,True
18805,940,5,1.1937760272799998,False,0.0696605001147,True,-0.050958984623400004,-0.08680151001690001,-0.0171410099022,True
18806,940,6,0.35411725907200003,False,0.0667942233016,True,-0.0536231143019,-0.08818932626319999,-0.0213951029616,True
18807,940,7,1.9230764969299998,False,0.0646283714113,True,-0.0450446113421,-0.076604917118,-0.0119765457067,True
18808,940,8,4.63977527109,False,0.0630755346366,True,-0.0381764763444,-0.06886303229969999,-0.00578749766307,True
18809,940,9,4.27724019415,False,0.0627052052254,True,-0.0398159491717,-0.0714700048467,-0.0087647996213,True
18810,940,10,3.3906008046900005,False,0.062359962571900004,True,-0.04079530148169999,-0.0707151967777,-0.00835523420574,True
18811,940,11,0.8927036004200001,False,0.059133691369400006,True,-0.0461774916225,-0.0739146305994,-0.014780939229899998,True
18812,940,12,0.41134290842,False,0.06069986321819999,True,-0.053229299680199994,-0.0823085365903,-0.021608673372,True
18813,940,13,0.133531003683,True,0.05967164098669999,True,-0.056988469982900004,-0.08715084697480001,-0.027479205988099997,True
18814,940,14,0.11986632022600001,True,0.055880203569300006,True,-0.0570699884239,-0.08409262704569999,-0.028212423476400003,True
18815,940,15,0.0993740032121,True,0.057242363993699995,True,-0.054871847074999994,-0.08310927120560001,-0.0258669072119,True
18816,940,16,0.0683859097845,True,0.0557099583248,True,-0.05544396152509999,-0.083956758764,-0.0282468004391,True
18817,940,17,0.009025271436940001,True,0.057081291454999995,True,-0.0621923486043,-0.0889467193523,-0.0318654278973,True
18818,940,18,0.00041405164101999996,True,0.0565210930986,True,-0.058146722143,-0.0865236250386,-0.030002531939999997,True
18819,940,19,3.31544784429e-05,True,0.0563378750573,True,-0.05456508151219999,-0.0841014774558,-0.0277636023985,True
18820,941,0,26.8082203467,False,0.14137759356,False,-0.026346441269799997,-0.0964398353733,0.0449377581864,False
18821,941,1,19.7226741566,False,0.105993407503,False,-0.0342675521843,-0.0858153726553,0.020178034848,False
18822,941,2,1.3945571223700002,False,0.09295680498780001,False,-0.0662143704021,-0.114690324419,-0.021733519430900003,True
18823,941,3,0.0527442202287,True,0.0796033605343,True,-0.0732114634798,-0.111482323525,-0.0318789629902,True
18824,941,4,2.24504512679,False,0.0769345034888,True,-0.051523096416300006,-0.08940169459180002,-0.012467191103,True
18825,941,5,1.49811974253,False,0.0729558266417,True,-0.052055501371800005,-0.08940353928519999,-0.0164477126435,True
18826,941,6,0.0008858880959139999,True,0.0683047905013,True,-0.0712425625431,-0.10783436837799999,-0.039529577877199996,True
18827,941,7,5.01599523768e-16,True,0.06264522355430001,True,-0.0756695515058,-0.105565820504,-0.0429205969497,True
18828,941,8,1.86731711387e-08,True,0.064137814824,True,-0.0712220831794,-0.103054763137,-0.038916948313,True
18829,941,9,3.30400454668e-10,True,0.0619640221255,True,-0.07871274302739999,-0.110245822221,-0.048281800095100004,True
18830,941,10,1.4008074559299999e-06,True,0.0599005722927,True,-0.08148017806789999,-0.110638941705,-0.0507383694121,True
18831,941,11,2.6226444147399995e-17,True,0.0617529860865,True,-0.0809156220175,-0.111718496931,-0.049965510844400006,True
18832,941,12,1.83024729845e-13,True,0.0576543253147,True,-0.0810944776114,-0.109503180053,-0.0518488547384,True
18833,941,13,2.38172409082e-10,True,0.058078008003199996,True,-0.0751179417049,-0.105973183281,-0.0478951752775,True
18834,941,14,1.43459112727e-07,True,0.05897863879319999,True,-0.07329169095089999,-0.10358747632000001,-0.0446088375265,True
18835,941,15,1.9576478536299998e-17,True,0.0609526133903,True,-0.0825682365909,-0.111205333101,-0.0502527197106,True
18836,941,16,3.27802518869e-39,True,0.0571958344152,True,-0.08855717514049999,-0.116844040355,-0.059648205939499994,True
18837,941,17,2.12545820132e-49,True,0.0571492964934,True,-0.0938388685045,-0.124433061434,-0.0672837649406,True
18838,941,18,1.3543920240999997e-67,True,0.0559929359669,True,-0.0900723972226,-0.117837784545,-0.0618448485779,True
18839,941,19,1.019471625e-48,True,0.056869984261800004,True,-0.09212467997000001,-0.120390902115,-0.0635209178534,True
18840,942,0,0.0365672601969,True,0.136796189428,False,-0.135618129608,-0.203063046742,-0.0662668573146,True
18841,942,1,1.69648393585e-14,True,0.100484447716,False,-0.118780579475,-0.16885192038199998,-0.0683674726664,True
18842,942,2,5.04778935206e-20,True,0.0880274505892,False,-0.118479079824,-0.16453932121099998,-0.0765118706214,True
18843,942,3,9.087022732309999e-27,True,0.0802312414584,False,-0.10498011614600002,-0.145644411582,-0.0654131701234,True
18844,942,4,0.0012064295459200001,True,0.0754570025537,True,-0.0789293189557,-0.119089686072,-0.043632683518500005,True
18845,942,5,4.797372223729999e-07,True,0.0675712535019,True,-0.0790105318817,-0.111818709789,-0.044247456286699995,True
18846,942,6,0.0126813636495,True,0.06773205266610001,True,-0.0700587043627,-0.102431299879,-0.034699247212900006,True
18847,942,7,0.13850756541,True,0.0666124802486,True,-0.0614001519918,-0.094686356336,-0.0280738760874,True
18848,942,8,0.00535075074824,True,0.06314267154709999,True,-0.06107043874919999,-0.0924800764603,-0.0293374049132,True
18849,942,9,5.63386668996e-05,True,0.063429175221,True,-0.0703529177867,-0.102953482685,-0.0395243074643,True
18850,942,10,1.54896824861e-07,True,0.060953635955300005,True,-0.068505051295,-0.0994776362546,-0.038524000299300004,True
18851,942,11,5.73838489246e-05,True,0.06053299115,True,-0.0715535530947,-0.10177501092499999,-0.041242019774899996,True
18852,942,12,2.37612834817e-07,True,0.057040714653,True,-0.0714016191386,-0.100080312876,-0.043039598223,True
18853,942,13,5.4891645862300006e-14,True,0.0583071091344,True,-0.07385844569569999,-0.102604910276,-0.0442978011415,True
18854,942,14,1.65398425956e-12,True,0.057296559493699994,True,-0.0757665262422,-0.103390249251,-0.0460936897572,True
18855,942,15,2.10837648468e-09,True,0.0576298834425,True,-0.0737431696336,-0.10168244118999999,-0.044052557747900005,True
18856,942,16,8.97988040515e-09,True,0.057721544823500004,True,-0.073748772238,-0.10154887294199999,-0.0438273281183,True
18857,942,17,9.53188710152e-14,True,0.0551899571115,True,-0.0761369837946,-0.103923380301,-0.0487334231891,True
18858,942,18,5.48157491593e-11,True,0.0563607530308,True,-0.0760379661417,-0.104017429237,-0.0476566762065,True
18859,942,19,1.5820227455799998e-30,True,0.0571791479312,True,-0.08144872588839999,-0.11018626683499999,-0.0530071189035,True
18860,943,0,32.504693465500004,False,0.144151784912,False,-0.008060965302679999,-0.080743078774,0.0634087061381,False
18861,943,1,44.7285360564,False,0.102807376469,False,-0.00691558481378,-0.0582509662931,0.0445564101759,False
18862,943,2,33.5311629764,False,0.0892904969327,False,-0.023437321192,-0.0685607160754,0.020729780857299998,False
18863,943,3,11.1906906209,False,0.0834870612495,False,-0.03955738872680001,-0.0812479147915,0.00223914645794,False
18864,943,4,0.56908623358,False,0.0731890150004,True,-0.0574247263866,-0.0943719928183,-0.0211829778179,True
18865,943,5,0.443225586229,False,0.0710108193522,True,-0.060052565865799996,-0.09642676574850001,-0.0254159463963,True
18866,943,6,0.190116300738,True,0.0692436928715,True,-0.0578226022844,-0.0928686701114,-0.023624977239900005,True
18867,943,7,0.635327161721,False,0.063564010584,True,-0.0550327437093,-0.0878438060889,-0.024279795504799997,True
18868,943,8,0.98339353925,False,0.062269128623,True,-0.048250407027,-0.078818036173,-0.016548907549900002,True
18869,943,9,2.97086139193,False,0.0623681812175,True,-0.041466894434699995,-0.07157514046789999,-0.009206959250309999,True
18870,943,10,1.14180892906,False,0.059876681025300006,True,-0.0454836704507,-0.0746764348178,-0.014799753792399999,True
18871,943,11,0.322858175365,True,0.0584961789573,True,-0.0509482402508,-0.0798677564673,-0.021371577510000003,True
18872,943,12,0.0625762403862,True,0.0587610981845,True,-0.0568517675753,-0.0868221086149,-0.028061010430400005,True
18873,943,13,0.0026466102842800003,True,0.0575468159017,True,-0.0594327874176,-0.0872514238118,-0.0297046079101,True
18874,943,14,1.58254446653e-10,True,0.0594465531441,True,-0.0658138757513,-0.0946573193763,-0.03521076623219999,True
18875,943,15,3.3201747311499996e-10,True,0.0576600980865,True,-0.0707078887301,-0.09975610449729999,-0.0420960064108,True
18876,943,16,4.73941719772e-21,True,0.0568034219599,True,-0.0707143663707,-0.0974116412314,-0.0406082192715,True
18877,943,17,1.20947390595e-08,True,0.057485860406999996,True,-0.0679459402679,-0.09792690326199999,-0.040441042855000005,True
18878,943,18,2.36873656456e-08,True,0.0541237466842,True,-0.0681972247186,-0.09454724684360001,-0.0404235001594,True
18879,943,19,2.29691929467e-24,True,0.056515211076300004,True,-0.07270312206289999,-0.100814761771,-0.04429955069469999,True
18880,944,0,33.8162579782,False,0.138815130055,False,-0.0108695357029,-0.07915752212550001,0.0596576079299,False
18881,944,1,41.623398884699995,False,0.10621835083999999,False,-0.0113540729668,-0.0632053891581,0.04301296168219999,False
18882,944,2,50.114734297,False,0.0890920139237,False,-0.0076815517966499994,-0.0536342155624,0.0354577983613,False
18883,944,3,50.0706800013,False,0.079641941,True,-0.011768499769600002,-0.052629306233,0.027012634767,False
18884,944,4,44.3664977865,False,0.0753560833122,True,-0.0172272261342,-0.054408292889900005,0.0209477904222,False
18885,944,5,22.4921549217,False,0.06909202304930001,True,-0.027702738411500002,-0.060965244005300005,0.00812677904402,False
18886,944,6,37.6875112031,False,0.06837265037490001,True,-0.020909092653000002,-0.0549906434514,0.013382006923499999,False
18887,944,7,15.3217248844,False,0.0638531151939,True,-0.029379694716500003,-0.0611902695918,0.00266284560214,False
18888,944,8,8.327992949319999,False,0.0632553821854,True,-0.034733347355400006,-0.0647432598188,-0.00148787763341,True
18889,944,9,2.83644896676,False,0.0599313491543,True,-0.039907943745499996,-0.07004190499530001,-0.010110555840999999,True
18890,944,10,0.315757304866,True,0.06172212604809999,True,-0.05242191366880001,-0.0852000048892,-0.0234778788411,True
18891,944,11,0.008591696447260001,True,0.057653143501399995,True,-0.057356862752400005,-0.0856913407612,-0.028038197259800002,True
18892,944,12,0.0060781483057899995,True,0.060608714287300004,True,-0.0547627393071,-0.08552682964710001,-0.024918115359799996,True
18893,944,13,0.20240668106100002,True,0.0594637702465,True,-0.0527046189806,-0.0814050470395,-0.021941276792900005,True
18894,944,14,0.215073287606,True,0.0592983567346,True,-0.05533304106919999,-0.0845898432595,-0.025291486524900004,True
18895,944,15,0.09097680834119999,True,0.0564759127064,True,-0.0569346552155,-0.0859380527804,-0.029462140074,True
18896,944,16,7.66625530826e-12,True,0.05638468087830001,True,-0.0648170715491,-0.0929641370744,-0.0365794561961,True
18897,944,17,0.0659553141289,True,0.057924135794400006,True,-0.06567473562250001,-0.0954319538045,-0.0375078180101,True
18898,944,18,0.10327762439799999,True,0.0556740681026,True,-0.0631447372444,-0.090991724481,-0.0353176563785,True
18899,944,19,1.67969762161e-06,True,0.0578559672068,True,-0.06922644271310001,-0.09819224883060002,-0.0403362816238,True
18900,945,0,33.9718567828,False,0.14203198011499998,False,0.00579990042978,-0.0614114994697,0.08062048064550001,False
18901,945,1,40.2874342975,False,0.10372419004200001,False,-0.013667808711800001,-0.0638580096158,0.0398661804261,False
18902,945,2,14.768490740899999,False,0.0896329158299,False,-0.0367782054842,-0.07919236921910001,0.0104405466108,False
18903,945,3,6.77605042856,False,0.0776576487973,True,-0.042119834119,-0.07991201813160001,-0.00225436933431,True
18904,945,4,5.21407251252,False,0.0732335002282,True,-0.042106647608199994,-0.0811537918318,-0.00792029160363,True
18905,945,5,20.345429518099998,False,0.0689580513039,True,-0.0293593956598,-0.0634994238471,0.005458627456779999,False
18906,945,6,13.9033512011,False,0.06954557481530001,True,-0.0315974025098,-0.0646930931781,0.00485248163724,False
18907,945,7,24.6908011712,False,0.0621000749979,True,-0.0241694632788,-0.054599092318900005,0.00750098267904,False
18908,945,8,14.494469157300001,False,0.0631857238445,True,-0.0304051188506,-0.0643345773031,-0.00114885345869,True
18909,945,9,11.665942964600001,False,0.0597133446351,True,-0.030490812370599998,-0.0605810512708,-0.000867706635681,True
18910,945,10,4.7534112751899995,False,0.058743949620699995,True,-0.036703220587400005,-0.0660907046614,-0.00734675504067,True
18911,945,11,2.36104131545,False,0.0589549485886,True,-0.0403925810225,-0.06771633559769999,-0.00876138700905,True
18912,945,12,2.7676920227,False,0.05811420270769999,True,-0.038730933668999996,-0.0683250643237,-0.010210861616,True
18913,945,13,0.684059163538,False,0.0596337405903,True,-0.04803914358030001,-0.0787710037081,-0.019137263117799997,True
18914,945,14,0.827592075025,False,0.0590706847781,True,-0.044448839001900005,-0.0736456939827,-0.0145750092046,True
18915,945,15,2.5506938420200003,False,0.057986216480099995,True,-0.0406887760271,-0.06927885202989999,-0.0112926355498,True
18916,945,16,1.30166455917,False,0.0587679071867,True,-0.04392175330030001,-0.0731533942735,-0.0143854870868,True
18917,945,17,1.66624779908,False,0.0564255942096,True,-0.042601106281500004,-0.0718438873872,-0.015418293177499999,True
18918,945,18,1.15758312006,False,0.0564868411024,True,-0.0474320283806,-0.0753744388251,-0.0188875977227,True
18919,945,19,0.257257077677,True,0.0546255082871,True,-0.047891736275000006,-0.07722219913150001,-0.022596690844400004,True
18920,946,0,7.84830025101,False,0.139027224121,False,0.0641433307936,-0.00533353778492,0.133693686336,False
18921,946,1,44.298263035299996,False,0.09857001864600001,False,0.00949783612543,-0.0416662355424,0.056903783103599996,False
18922,946,2,50.2705669316,False,0.08962257638260002,False,0.00515430349307,-0.0378746580769,0.05174791830569999,False
18923,946,3,56.276682902299996,False,0.0778003573499,True,-0.00898199780092,-0.0468535469255,0.0309468104245,False
18924,946,4,49.9070794722,False,0.0728658523039,True,-0.0139325813687,-0.0507255939608,0.022140258343000003,False
18925,946,5,34.188064949899996,False,0.06944167089560001,True,-0.0215285738349,-0.0544262254543,0.015015445441299999,False
18926,946,6,32.7238776148,False,0.0666515609867,True,-0.020845476986599998,-0.0538092718993,0.012842289087399998,False
18927,946,7,28.8470805707,False,0.0650460118852,True,-0.0240045719201,-0.056614750963800003,0.0084312609214,False
18928,946,8,17.7406095147,False,0.0618058094854,True,-0.0279251624448,-0.0601681474407,0.0016376620446599999,False
18929,946,9,6.09609757157,False,0.0635343541692,True,-0.0363134471986,-0.0695305491813,-0.0059961950121200005,True
18930,946,10,3.8434157284599997,False,0.059029559450400004,True,-0.0377193446143,-0.0662573796009,-0.00722782015055,True
18931,946,11,0.388035621548,False,0.056662382368,True,-0.0481533711118,-0.07502782200010001,-0.018365439632,True
18932,946,12,0.015439379458999999,True,0.0589753346448,True,-0.0544273581306,-0.08477643501669999,-0.0258011003719,True
18933,946,13,0.161538668849,True,0.0570627448135,True,-0.0503948597057,-0.07942924472410001,-0.0223664999106,True
18934,946,14,0.25638700646400003,True,0.05844002754980001,True,-0.051199356473900004,-0.0793636903245,-0.0209236627747,True
18935,946,15,0.186328968522,True,0.0595419774015,True,-0.0546926211838,-0.0850319788768,-0.0254900014753,True
18936,946,16,0.00317109287333,True,0.057517566634099994,True,-0.06037789502169999,-0.0894653880088,-0.0319478213746,True
18937,946,17,0.16187846782600002,True,0.055898436670199995,True,-0.0565080605088,-0.08562192302169999,-0.0297234863515,True
18938,946,18,0.04299397122269999,True,0.058128400269,True,-0.0554712685205,-0.08470267100439999,-0.026574270735400002,True
18939,946,19,0.00244468076169,True,0.0549866617143,True,-0.0591034762535,-0.0868768554652,-0.0318901937509,True
18940,947,0,25.0455147609,False,0.143235021753,False,-0.0304185729789,-0.102783059025,0.040451962728300005,False
18941,947,1,29.5223155665,False,0.105106636561,False,-0.025196391678499998,-0.0766619022474,0.028444734313500003,False
18942,947,2,41.4133200808,False,0.0901735757105,False,-0.0169624873691,-0.0591920350151,0.0309815406954,False
18943,947,3,57.5403089201,False,0.0813151529743,False,-0.00709520272191,-0.0489281243737,0.0323870286006,False
18944,947,4,48.7384080445,False,0.07669872858610001,True,-0.0162241412919,-0.053911778831000005,0.022786949755099997,False
18945,947,5,24.071622686799998,False,0.0694824887962,True,-0.026516963309900003,-0.060624518198100004,0.00885797059808,False
18946,947,6,6.892973263230001,False,0.0669383257326,True,-0.037551863550300005,-0.07174168944630001,-0.00480336371372,True
18947,947,7,12.189582581400002,False,0.0638451426661,True,-0.0320178933096,-0.0621373575564,0.0017077851097199999,False
18948,947,8,29.8404469867,False,0.0626757013657,True,-0.0222576187167,-0.0541637987751,0.00851190259056,False
18949,947,9,28.359717821500002,False,0.061088208985,True,-0.022814193746099998,-0.053152611151,0.007935597834020001,False
18950,947,10,28.093364306799998,False,0.06069704442559999,True,-0.023502502733,-0.054682477177400005,0.0060145672481699995,False
18951,947,11,25.9026341937,False,0.0598667455996,True,-0.0243780430553,-0.054776858252300005,0.0050898873472200006,False
18952,947,12,6.73014056086,False,0.0587455007469,True,-0.0347865981677,-0.0618465800394,-0.00310107929252,True
18953,947,13,3.8905763052099998,False,0.059099794981300004,True,-0.0374154095315,-0.0678823924585,-0.00878259747717,True
18954,947,14,6.76987080605,False,0.0563984790756,True,-0.032749472686900004,-0.06150793311919999,-0.00510945404367,True
18955,947,15,3.20207768908,False,0.057319979348200004,True,-0.037067743899099996,-0.066282975679,-0.00896299633084,True
18956,947,16,2.88276217418,False,0.056847230878999996,True,-0.0386204765441,-0.0663246328002,-0.00947740192125,True
18957,947,17,1.32919146125,False,0.0581809336326,True,-0.0433662856075,-0.0719825568664,-0.0138016232339,True
18958,947,18,1.39604352726,False,0.0571728801337,True,-0.0427723128775,-0.06973802690339999,-0.012565146769700001,True
18959,947,19,2.06809429802,False,0.0580728214664,True,-0.0424919451695,-0.0728049410811,-0.0147321196147,True
18960,948,0,14.6025351341,False,0.136528765921,False,-0.04871429172669999,-0.11432863761499999,0.022200128305900003,False
18961,948,1,7.721537734480001,False,0.101100371356,False,-0.0498868161477,-0.10046597144099999,0.000634399914245,False
18962,948,2,22.2919732427,False,0.0889315615743,False,-0.032699324627,-0.07718660197930001,0.011744959595000002,False
18963,948,3,7.612928230439999,False,0.081036897026,False,-0.0424386763319,-0.0825062924553,-0.0014693954293599999,True
18964,948,4,7.20096602663,False,0.07577942320469999,True,-0.0416184228567,-0.0789636484958,-0.0031842252910799997,True
18965,948,5,2.4048340916499997,False,0.0704948234535,True,-0.046976660326500004,-0.0819137390376,-0.011418915584100001,True
18966,948,6,6.03931244861,False,0.0662428261598,True,-0.037815596949199996,-0.0704475357337,-0.0042047095739,True
18967,948,7,5.0946792429,False,0.0630835979574,True,-0.036942743952099996,-0.0682251797815,-0.00514158182415,True
18968,948,8,9.00344808486,False,0.0634515853543,True,-0.03471831435619999,-0.0686168095583,-0.005165224204,True
18969,948,9,17.0194976655,False,0.06207779919340001,True,-0.028315175277400004,-0.059638052140100005,0.00243974705326,False
18970,948,10,18.8533891584,False,0.0612967945735,True,-0.026936512242799998,-0.0578821603442,0.0034146342293,False
18971,948,11,18.7328618783,False,0.0598824429329,True,-0.0254380198314,-0.0560703885537,0.0038120543792,False
18972,948,12,9.49906907013,False,0.0564130785743,True,-0.030392218503,-0.057665502512099995,-0.00125242393783,True
18973,948,13,2.2019083626900002,False,0.0584490197269,True,-0.0406638759013,-0.07057476211830001,-0.0121257423914,True
18974,948,14,0.7924816514599999,False,0.0570786804053,True,-0.043075688155699995,-0.0714690705464,-0.014390390141100001,True
18975,948,15,1.3841004997400002,False,0.0575440252438,True,-0.043449614209599995,-0.0715688131753,-0.0140247879315,True
18976,948,16,1.12253040265,False,0.055718433282000004,True,-0.0446960492463,-0.0732481975742,-0.0175297642922,True
18977,948,17,1.29605748652,False,0.06017802617740001,True,-0.044705356935900005,-0.07550737413160001,-0.0153293479542,True
18978,948,18,1.85986081216,False,0.058955352255300006,True,-0.042746600387900006,-0.0733957201578,-0.0144403679024,True
18979,948,19,0.740446703428,False,0.055421428659300005,True,-0.044548973975300006,-0.0731060743158,-0.0176846456565,True
18980,949,0,30.2218548754,False,0.142509378302,False,-0.0174641267905,-0.083719864554,0.058789513747699994,False
18981,949,1,43.3586656504,False,0.10377434823,False,-0.006090244628840001,-0.058510989978400006,0.0452633582514,False
18982,949,2,5.584039753840001,False,0.08971336231360001,False,-0.049911868181099994,-0.09373736127530001,-0.00402399896166,True
18983,949,3,2.0346601622900002,False,0.0777741586347,True,-0.0544024859678,-0.09323535331350001,-0.015461194678799998,True
18984,949,4,1.2475524728299998,False,0.0762345988676,True,-0.057276490455599995,-0.09578266088279999,-0.019548062015200002,True
18985,949,5,0.0656190301505,True,0.0696819267417,True,-0.070814801967,-0.104448279498,-0.0347663527561,True
18986,949,6,0.710290504847,False,0.06639301784030001,True,-0.056172162836199996,-0.08847800468250001,-0.0220849868422,True
18987,949,7,0.443832927016,False,0.06364761545730001,True,-0.0593022305156,-0.0912354163168,-0.0275878008595,True
18988,949,8,1.9502565145099997,False,0.0599241877929,True,-0.0414596396365,-0.0713279863795,-0.011403798586699999,True
18989,949,9,11.868478836900001,False,0.0629212775062,True,-0.031723238426299996,-0.06299965729569999,-7.83797895232e-05,True
18990,949,10,2.59117513468,False,0.0608165055517,True,-0.04194612922469999,-0.071533496909,-0.010716991357299999,True
18991,949,11,0.512252807333,False,0.058462381661099995,True,-0.0468145476,-0.0772041190235,-0.0187417373625,True
18992,949,12,1.07586401427,False,0.0575812740149,True,-0.048178743054900004,-0.0769430963325,-0.019361822317700002,True
18993,949,13,0.0896413527205,True,0.0593224468872,True,-0.0543377353995,-0.08514721706049999,-0.025824770173400003,True
18994,949,14,0.37588274634700003,False,0.058428814084999996,True,-0.0489401719708,-0.0790736271075,-0.0206448130225,True
18995,949,15,0.034846703055400004,True,0.055608401607,True,-0.0584320347394,-0.08615796750350001,-0.0305495658965,True
18996,949,16,1.4379616980200002e-06,True,0.0562982651585,True,-0.060099015849,-0.0879672089073,-0.0316689437489,True
18997,949,17,0.0037675288810599997,True,0.05661789592069999,True,-0.059301236481200004,-0.0876322993973,-0.0310144034765,True
18998,949,18,0.107102152741,True,0.0585486399651,True,-0.0573625950901,-0.0866481996077,-0.028099559642599997,True
18999,949,19,0.0024044568413499998,True,0.056963680252,True,-0.0674780230854,-0.09462294061799999,-0.037659260366,True
19000,950,0,27.9261453616,False,0.146109741215,False,0.0217078546136,-0.0499836565155,0.09612608469910001,False
19001,950,1,40.1930543286,False,0.10539484463,False,-0.012588613006,-0.0664540893049,0.0389407553253,False
19002,950,2,26.456895365700003,False,0.0885651893737,False,-0.026650388423900002,-0.0681833443219,0.020381845051799997,False
19003,950,3,24.580388525,False,0.0790268043942,True,-0.027661037323599997,-0.0672085891811,0.0118182152131,False
19004,950,4,19.1075466769,False,0.0726835874666,True,-0.0296772777035,-0.0670545423171,0.0056290451495,False
19005,950,5,4.66170441125,False,0.0715098740923,True,-0.0431790746767,-0.0783410157818,-0.00683114168946,True
19006,950,6,0.38438161524899994,False,0.0666157281183,True,-0.0507352163405,-0.0840569107408,-0.0174411826224,True
19007,950,7,0.925299094841,False,0.0664873151884,True,-0.0517228068332,-0.08380299975260001,-0.0173156845642,True
19008,950,8,0.0792951318497,True,0.06441324807070001,True,-0.0584776137308,-0.08914388790069999,-0.024730639829899998,True
19009,950,9,0.00142485735622,True,0.0618454547178,True,-0.059171020488400006,-0.0893125287768,-0.027467074059,True
19010,950,10,3.78310898559e-11,True,0.0591988576155,True,-0.0677857468132,-0.0962987245145,-0.037099866899,True
19011,950,11,5.25561844095e-13,True,0.058674889022099996,True,-0.0668944664998,-0.0970027049475,-0.0383278159254,True
19012,950,12,1.0919254908599999e-11,True,0.0602814008044,True,-0.07274194723170001,-0.103098459479,-0.04281705867459999,True
19013,950,13,1.7754316575300001e-09,True,0.0585236655102,True,-0.0690317033891,-0.0988138495518,-0.0402901840416,True
19014,950,14,1.17430823867e-14,True,0.0569146685175,True,-0.069268476979,-0.0967119813927,-0.0397973128752,True
19015,950,15,2.93134620425e-09,True,0.0562843995096,True,-0.0739257648917,-0.102835941688,-0.046551542178,True
19016,950,16,1.5209111982700004e-16,True,0.0552093856993,True,-0.0738568231463,-0.10112625754599999,-0.0459168718463,True
19017,950,17,1.31052204994e-06,True,0.0577345732575,True,-0.0726907316767,-0.10276318934800001,-0.0450286160906,True
19018,950,18,3.4834164751999995e-09,True,0.05779996936099999,True,-0.0675015261005,-0.09600311274369999,-0.0382031433828,True
19019,950,19,5.99690206501e-07,True,0.0559124606281,True,-0.0707830062487,-0.09930626287350001,-0.043393802245300005,True
19020,951,0,6.79551442373,False,0.142098350084,False,-0.064054711454,-0.13321772054199998,0.008880629542139999,False
19021,951,1,12.1932747497,False,0.104019485309,False,-0.04476782026980001,-0.09884890301680001,0.00517058229201,False
19022,951,2,31.9169927375,False,0.09246241748919999,False,-0.023882638997,-0.07171905583289999,0.0207433616563,False
19023,951,3,10.0503013748,False,0.0809116102371,False,-0.0393976394636,-0.0799543472079,0.0009572630291989999,False
19024,951,4,18.3204153663,False,0.0724770832351,True,-0.0311944156603,-0.0665729047271,0.0059041785080299995,False
19025,951,5,7.616689775680001,False,0.07172490295339999,True,-0.0381944192796,-0.07581262732869999,-0.00408772437524,True
19026,951,6,2.1520233534999997,False,0.0660049551595,True,-0.045684197404500006,-0.07742704025689999,-0.0114220850975,True
19027,951,7,2.2587286530200004,False,0.0655781330995,True,-0.0456249123725,-0.0781230974293,-0.012544964329799999,True
19028,951,8,0.510671887472,False,0.061068175749900006,True,-0.0536524498173,-0.0834866897832,-0.0224185140332,True
19029,951,9,0.34347602523599996,False,0.0603823335229,True,-0.055338721079599994,-0.0838951629802,-0.0235128294573,True
19030,951,10,0.214923401879,True,0.06277924629,True,-0.055396679975199994,-0.0872206827282,-0.024441436438199998,True
19031,951,11,0.168101277167,True,0.0601670045868,True,-0.058494903019599996,-0.0879758489054,-0.0278088443186,True
19032,951,12,0.0557635976819,True,0.05785825535709999,True,-0.0677804460069,-0.0968934553263,-0.0390351999692,True
19033,951,13,4.867900229530001e-06,True,0.057806575800599995,True,-0.06502440696140001,-0.0943047095542,-0.0364981337536,True
19034,951,14,1.50354533739e-06,True,0.05769615423859999,True,-0.06413517553919999,-0.09255813960760001,-0.034861985369,True
19035,951,15,3.12474392513e-11,True,0.057442842908300006,True,-0.065566873256,-0.09505054594360002,-0.0376077030353,True
19036,951,16,0.0184745886964,True,0.056305214943599996,True,-0.0626745446873,-0.09078390322239999,-0.034478688278800004,True
19037,951,17,0.113433173677,True,0.055202470082,True,-0.064518846145,-0.09216032929310002,-0.0369578592111,True
19038,951,18,1.40466177544e-08,True,0.05654766715390001,True,-0.0620742283813,-0.0915752913954,-0.0350276242415,True
19039,951,19,5.45689824792e-05,True,0.056785329228300006,True,-0.0626727984136,-0.09032865857460001,-0.0335433293462,True
19040,952,0,0.776471453934,False,0.142558432826,False,-0.102614506039,-0.174714870645,-0.032156437818400004,True
19041,952,1,0.153146497849,True,0.103858139698,False,-0.09255031896130002,-0.147063329724,-0.0432051900261,True
19042,952,2,0.622990571003,False,0.0895287443289,False,-0.07325367676789998,-0.117504229411,-0.0279754850822,True
19043,952,3,0.552274812369,False,0.0804641514777,False,-0.07329331786349999,-0.11489068232899999,-0.0344265308517,True
19044,952,4,0.035904238822,True,0.07638812918650001,True,-0.0705234565758,-0.105824882474,-0.029436753287800002,True
19045,952,5,0.0824937442764,True,0.07301147367819999,True,-0.0646630733735,-0.102412383599,-0.0294009099204,True
19046,952,6,0.017022052000700002,True,0.0675855038677,True,-0.0645463179678,-0.0967623419875,-0.029176838119799996,True
19047,952,7,0.0277001831533,True,0.0661473641873,True,-0.0686279323689,-0.09982206382600001,-0.0336746996387,True
19048,952,8,0.0501449532629,True,0.0633364285441,True,-0.06792216167569999,-0.0997840205989,-0.0364475920549,True
19049,952,9,0.00164286780017,True,0.0625468076904,True,-0.06504343398019999,-0.09852490830160002,-0.0359781006112,True
19050,952,10,1.58737375231e-08,True,0.0607205819494,True,-0.0659768646959,-0.0960680866245,-0.0353475046751,True
19051,952,11,4.361156626290001e-09,True,0.06284565964819999,True,-0.07067218049539999,-0.10241450033399999,-0.039568840686,True
19052,952,12,0.00042916170491700005,True,0.0573574429182,True,-0.0631563812717,-0.0922373099688,-0.0348798670506,True
19053,952,13,0.00021336605659099997,True,0.0616571963131,True,-0.0667007289235,-0.0975509711255,-0.0358937748124,True
19054,952,14,1.85524550237e-07,True,0.0577537185503,True,-0.06880705540910001,-0.09808496956460001,-0.040331251014300004,True
19055,952,15,8.71479560757e-11,True,0.0568181416025,True,-0.0689748884592,-0.09794518916799999,-0.0411270475656,True
19056,952,16,0.0009904488375389999,True,0.05984358080580001,True,-0.0637597219281,-0.0925528202499,-0.0327092394441,True
19057,952,17,8.976212722410001e-06,True,0.0551115999187,True,-0.0644546978818,-0.0924581793691,-0.0373465794504,True
19058,952,18,6.03693298584e-09,True,0.0555279631939,True,-0.0620420908811,-0.090168359921,-0.0346403967272,True
19059,952,19,0.000493188725501,True,0.056230407931399995,True,-0.06741542236909999,-0.0965484446856,-0.040318036754199996,True
19060,953,0,32.931713334099996,False,0.139622731502,False,-0.0122380497355,-0.08229775000060001,0.057324981500900006,False
19061,953,1,37.0348978556,False,0.101702827648,False,-0.0181591575609,-0.0733600260785,0.0283428015698,False
19062,953,2,36.2894658654,False,0.0880909418859,False,-0.022387711902900002,-0.067160381965,0.0209305599209,False
19063,953,3,35.2579556323,False,0.07933699565010001,True,-0.022652854018700003,-0.061109782364600004,0.0182272132855,False
19064,953,4,6.939441903760001,False,0.0766408993063,True,-0.0406506118569,-0.08053247649180001,-0.00389157718552,True
19065,953,5,3.87138773704,False,0.0673908059569,True,-0.0430561008844,-0.078290884988,-0.010900079031100001,True
19066,953,6,2.69813994175,False,0.0651015070478,True,-0.042511593008399996,-0.07499587032489999,-0.00989436327706,True
19067,953,7,3.15055956199,False,0.06460739403440001,True,-0.04276520679819999,-0.07558675568130001,-0.010979361646799999,True
19068,953,8,1.8806667226400002,False,0.06385724132159999,True,-0.04587526207769999,-0.0786637661291,-0.0148065248075,True
19069,953,9,3.3457864476,False,0.0615823189642,True,-0.0410557955354,-0.0710568149235,-0.00947449595933,True
19070,953,10,6.527987007849999,False,0.06054260912280001,True,-0.035112648617300006,-0.0655584024807,-0.0050157933579,True
19071,953,11,1.3375088616600002,False,0.0573547552652,True,-0.04264043491859999,-0.0712944684701,-0.013939713204900001,True
19072,953,12,10.4813512698,False,0.0591126357424,True,-0.0318830905235,-0.0613238564346,-0.00221122069218,True
19073,953,13,4.708895523,False,0.0595329271734,True,-0.03618640577980001,-0.06278703915919999,-0.0032541119858000003,True
19074,953,14,3.35163808267,False,0.0580132949242,True,-0.0386446059461,-0.0670738362529,-0.009060541328709999,True
19075,953,15,2.3273305164,False,0.0582115576975,True,-0.039143974862900006,-0.0668854695323,-0.00867391183483,True
19076,953,16,3.42388097945,False,0.0573449537335,True,-0.038192835115,-0.067927421732,-0.010582467998500001,True
19077,953,17,4.233111295930001,False,0.05583961424819999,True,-0.0361189816135,-0.0638497974967,-0.00801018324852,True
19078,953,18,5.47092828165,False,0.055372276096999996,True,-0.034006740583,-0.060900202215999996,-0.005527926119029999,True
19079,953,19,2.7210045266400003,False,0.0545209227446,True,-0.0388753867711,-0.0659087708764,-0.011387848131799999,True
19080,954,0,6.29404607236,False,0.136559102609,False,-0.0657159305173,-0.134834227957,0.0017248746514,False
19081,954,1,13.047910227100001,False,0.102131084067,False,-0.0442230914136,-0.0937441444731,0.00838693959429,False
19082,954,2,1.35173262868,False,0.08820209846310001,False,-0.0649663489793,-0.110025173439,-0.0218230749757,True
19083,954,3,0.8707363774789999,False,0.079795534785,True,-0.062199643513,-0.105035432185,-0.025239897400400002,True
19084,954,4,0.192516468332,True,0.07114168565760001,True,-0.0676492256733,-0.10157450811799999,-0.0304328224603,True
19085,954,5,0.254901990483,True,0.070202204907,True,-0.0629924493399,-0.09738512220000001,-0.027182917292999997,True
19086,954,6,0.265995103829,True,0.066900322759,True,-0.0560898363876,-0.0886788909979,-0.0217785682388,True
19087,954,7,0.993963088888,False,0.0651591553647,True,-0.049768344253900004,-0.08280098976410001,-0.0176418343994,True
19088,954,8,0.445737840263,False,0.0621102186029,True,-0.052744197547300004,-0.0832373564259,-0.0211271378229,True
19089,954,9,0.973577886996,False,0.0600550893896,True,-0.0470898615589,-0.079062118031,-0.0190070286414,True
19090,954,10,4.79235525822,False,0.0636078909596,True,-0.0403263332165,-0.07307741349960001,-0.00946952254001,True
19091,954,11,1.65280370822,False,0.0585398207821,True,-0.0433928379496,-0.0740318930843,-0.0154920723022,True
19092,954,12,1.29583141045,False,0.06101749600959999,True,-0.0452195421314,-0.07596373673710001,-0.0149462407275,True
19093,954,13,0.09512383945830001,True,0.059281986608,True,-0.0538072892222,-0.0824148569308,-0.0231328703228,True
19094,954,14,0.0132325338267,True,0.0572880567504,True,-0.059680866393800006,-0.0871294143269,-0.0298413575765,True
19095,954,15,2.4996584999699996e-07,True,0.057520002229699996,True,-0.0649030181197,-0.0932267906074,-0.0357067883777,True
19096,954,16,0.000572129514299,True,0.0557416241593,True,-0.06480180880059999,-0.0953051274882,-0.039563503328900004,True
19097,954,17,0.00254794374817,True,0.0595352370335,True,-0.06128501813040001,-0.0929083443778,-0.0333731073443,True
19098,954,18,2.3334378579700002e-08,True,0.0564421977258,True,-0.0662242535584,-0.0954919829638,-0.039049785238,True
19099,954,19,1.2939238380900001e-17,True,0.0541721998147,True,-0.06656032632600001,-0.09306390560380001,-0.0388917057891,True
19100,955,0,12.544292817899999,False,0.14016392467,False,-0.0525051175504,-0.12088861036599999,0.019275314304,False
19101,955,1,18.9293326351,False,0.105174546496,False,-0.0356891675382,-0.08940909907880001,0.0157654474168,False
19102,955,2,26.820636407600002,False,0.08745335111199999,False,-0.026374888502000003,-0.067057657267,0.020395693845,False
19103,955,3,27.586004811,False,0.07924610318099999,True,-0.0269255883622,-0.0678357378875,0.011410365293499999,False
19104,955,4,3.4053045212299997,False,0.0752648984427,True,-0.0473081649973,-0.08477029572460001,-0.00950539728191,True
19105,955,5,5.4943086481,False,0.06919477253289999,True,-0.0408625720536,-0.0753971384467,-0.0062023659138500005,True
19106,955,6,6.6999445706900005,False,0.0670648979241,True,-0.0376548736823,-0.07222151398189999,-0.005156616057729999,True
19107,955,7,7.53094618772,False,0.0639720790124,True,-0.036848316993699996,-0.0670714276516,-0.00309934863922,True
19108,955,8,2.0840486292900002,False,0.0618920576907,True,-0.043226974523,-0.0741391118344,-0.012247054143700002,True
19109,955,9,1.79777042586,False,0.0608713639812,True,-0.0434623870092,-0.0725653506544,-0.011693986673200001,True
19110,955,10,9.57765365428e-05,True,0.0624342329311,True,-0.057698531997100004,-0.08780101166269999,-0.0253667787316,True
19111,955,11,0.0017313631533900002,True,0.0611532793819,True,-0.06277838562390001,-0.0920185727494,-0.030865293367599998,True
19112,955,12,1.97453029891e-16,True,0.058152028330100004,True,-0.07006003734960001,-0.100489093838,-0.0423370655079,True
19113,955,13,0.000498965637242,True,0.0588935873641,True,-0.061376614635899995,-0.08928498419889999,-0.0303913968348,True
19114,955,14,7.21844935053e-18,True,0.056461104694900004,True,-0.0694323340228,-0.09711704894829999,-0.0406559442534,True
19115,955,15,7.75966468297e-14,True,0.0568928682809,True,-0.0679325717092,-0.0984226901765,-0.041529821895499995,True
19116,955,16,6.53847274345e-05,True,0.0576373725984,True,-0.0678811702547,-0.096895353949,-0.0392579813506,True
19117,955,17,3.04131556874e-14,True,0.0580213886492,True,-0.0686189075641,-0.09887041612299999,-0.0408490274738,True
19118,955,18,4.775406339049999e-10,True,0.054901383000800004,True,-0.0659159475127,-0.09352408192060001,-0.038622698919800004,True
19119,955,19,1.82065818479e-08,True,0.056335905424300003,True,-0.0670087466821,-0.09558260369060001,-0.039246698266300006,True
19120,956,0,31.714562336700002,False,0.147176676707,False,0.00721578132213,-0.064452893021,0.08272378368580001,False
19121,956,1,36.0741002504,False,0.101343309301,False,-0.0185848475565,-0.06916008089869999,0.0321832284024,False
19122,956,2,4.74116527846,False,0.08978218480979999,False,-0.0513627271014,-0.09590889726410001,-0.00612671245428,True
19123,956,3,0.00391466108472,True,0.0786611950913,True,-0.07536258030389999,-0.114824277204,-0.036163082112800005,True
19124,956,4,0.0005484468654909999,True,0.0737499757714,True,-0.0701451470286,-0.10529107737299999,-0.0315411016021,True
19125,956,5,3.87604630519e-14,True,0.0685608897243,True,-0.0884731838579,-0.12387507736600001,-0.055314187642199995,True
19126,956,6,0.11546970843,True,0.0664177464154,True,-0.0654264139925,-0.101018248965,-0.0346005025495,True
19127,956,7,0.0363864556759,True,0.0633885807675,True,-0.06082352529019999,-0.09137875805569999,-0.0279901772882,True
19128,956,8,2.93418528757e-09,True,0.061439992185699996,True,-0.07279040115230001,-0.10376326717599998,-0.0423232749899,True
19129,956,9,9.968899760299999e-11,True,0.062445580974699995,True,-0.0702423093764,-0.10073944299200001,-0.038293862017399996,True
19130,956,10,4.02129689642e-16,True,0.059340180492900005,True,-0.0743075051935,-0.102881464213,-0.043541283719600005,True
19131,956,11,2.5440636136199998e-15,True,0.0583069196801,True,-0.0670254838491,-0.0971461120919,-0.038839192411800005,True
19132,956,12,1.03719083787e-05,True,0.059213295391199995,True,-0.0698245324426,-0.09902178983650001,-0.0398084944454,True
19133,956,13,0.00029548270422400004,True,0.060153648724999995,True,-0.06365843118480001,-0.0938860318544,-0.0337323831294,True
19134,956,14,2.44885326437e-05,True,0.05653430355880001,True,-0.0630983706848,-0.0914402621091,-0.0349059585503,True
19135,956,15,8.9018490686e-07,True,0.055125630134300004,True,-0.0619733248404,-0.0897074799358,-0.0345818498015,True
19136,956,16,5.63547202365e-05,True,0.0564521778181,True,-0.0658209091248,-0.0950071564465,-0.0385549786284,True
19137,956,17,4.5062760055e-08,True,0.0584422721923,True,-0.0657763179072,-0.0950225321087,-0.0365802599164,True
19138,956,18,1.3975263265999998e-09,True,0.05502681296,True,-0.0655571605392,-0.0931220335857,-0.0380952206257,True
19139,956,19,0.005947214052609999,True,0.0575680560152,True,-0.0646572734298,-0.0937488724855,-0.0361808164703,True
19140,957,0,7.531101228139999,False,0.149707843748,False,-0.06345110463630001,-0.138853176059,0.0108546676884,False
19141,957,1,9.021619862689999,False,0.10274204791300001,False,-0.050414932841900004,-0.099793268717,0.00294877919594,False
19142,957,2,0.494182188161,False,0.09142493526739999,False,-0.07410712162739999,-0.118188787669,-0.026763852401799997,True
19143,957,3,0.0962235960914,True,0.08077794995639999,False,-0.08031712826710001,-0.12133987120300001,-0.0405619212464,True
19144,957,4,5.62112668504e-07,True,0.0719654660885,True,-0.08003441851819999,-0.116379214502,-0.044413748413800004,True
19145,957,5,0.000149893674536,True,0.06909371329280001,True,-0.07508232115060001,-0.109997997205,-0.0409042839123,True
19146,957,6,2.10335093144e-10,True,0.0679994365507,True,-0.0762511242248,-0.109856695426,-0.041857258875000004,True
19147,957,7,3.40928030648e-06,True,0.0641110728913,True,-0.07537924557919999,-0.10809804224000001,-0.043986969348400004,True
19148,957,8,7.956384921460001e-06,True,0.0626799286934,True,-0.06926732645830001,-0.101245825367,-0.038565896673800004,True
19149,957,9,2.40926435867e-11,True,0.0619990923869,True,-0.0749642595182,-0.106183275409,-0.044184183022300004,True
19150,957,10,0.00101342234841,True,0.060296197138,True,-0.0671926698194,-0.09824608629249999,-0.0379498891546,True
19151,957,11,0.000150513429341,True,0.05900698706759999,True,-0.0693654073189,-0.09906360976230001,-0.0400566226948,True
19152,957,12,9.581039195649999e-07,True,0.0591991098656,True,-0.06724151801889999,-0.0970549386847,-0.0378558288191,True
19153,957,13,5.5656368079100003e-08,True,0.0579314104826,True,-0.06532071125450001,-0.09533336957460001,-0.037401959092,True
19154,957,14,0.169231006153,True,0.0578761319731,True,-0.0639686632517,-0.0941223881477,-0.0362462561746,True
19155,957,15,1.78082097475e-06,True,0.0559380586945,True,-0.0644334327664,-0.0913467130202,-0.0354086543257,True
19156,957,16,2.12371056549e-05,True,0.0572994118893,True,-0.0631949299857,-0.09072956087210002,-0.0334301489828,True
19157,957,17,0.17055162758099998,True,0.05727336991259999,True,-0.06115677178619999,-0.0909067065793,-0.0336333366667,True
19158,957,18,5.36718882689e-05,True,0.0550245979206,True,-0.0597740489833,-0.0864649837266,-0.031440385806,True
19159,957,19,0.00120573361322,True,0.055822206813099996,True,-0.0594168569367,-0.08896011168410001,-0.033137904871,True
19160,958,0,31.5931281734,False,0.144652291718,False,0.012312365268299999,-0.0588865507444,0.0857657409739,False
19161,958,1,7.01872812861,False,0.10252424887,False,-0.05155721268019999,-0.10183081007200001,0.000693438798528,False
19162,958,2,6.53017327221,False,0.08739751253280001,False,-0.04594962096059999,-0.0907375721287,-0.00334005959589,True
19163,958,3,0.972335848705,False,0.0808769572862,False,-0.060979757213900004,-0.0971187677014,-0.0162418104152,True
19164,958,4,0.137586571904,True,0.0726341383451,True,-0.07019639798939999,-0.106712451704,-0.0340783133584,True
19165,958,5,0.9016112264749999,False,0.0688367665238,True,-0.05353864400140001,-0.087820442122,-0.018983675598200002,True
19166,958,6,2.2150738610599996,False,0.067435257146,True,-0.0456191719689,-0.076840035676,-0.00940477853003,True
19167,958,7,0.423057964399,False,0.06644887618169999,True,-0.0547017378373,-0.08910942571239999,-0.022660549530700003,True
19168,958,8,0.511338277058,False,0.062847447183,True,-0.0515765966309,-0.08383635030230001,-0.020988903119200004,True
19169,958,9,0.384250799393,False,0.060768276204300004,True,-0.0492077995588,-0.0814403383644,-0.02067206216,True
19170,958,10,5.98723944119e-05,True,0.0599853385195,True,-0.059926316186800006,-0.09027696275569999,-0.0302916242361,True
19171,958,11,0.0664746781161,True,0.0595508762925,True,-0.06328006048820001,-0.0925491604843,-0.032998284191799995,True
19172,958,12,0.0485414171122,True,0.0587461288525,True,-0.0673069019381,-0.0964382293076,-0.0376921004551,True
19173,958,13,3.06401419716e-17,True,0.059832833965499994,True,-0.0731867542285,-0.103672842208,-0.0438400082421,True
19174,958,14,1.21346318449e-09,True,0.0576734888696,True,-0.07503400860489999,-0.10461218991900001,-0.0469387010489,True
19175,958,15,8.5401616052599995e-16,True,0.0576660562005,True,-0.0771264819189,-0.106331426912,-0.048665370711,True
19176,958,16,6.651103566149999e-37,True,0.055858253229,True,-0.0858843831793,-0.114456896564,-0.058598643334499996,True
19177,958,17,1.65681385331e-45,True,0.0553132382254,True,-0.08209046588439999,-0.110267165547,-0.0549539273219,True
19178,958,18,2.7007511467e-27,True,0.05540587417230001,True,-0.0795965897578,-0.10813454907,-0.052728674897800004,True
19179,958,19,4.47093649479e-32,True,0.0554512600139,True,-0.0821942393386,-0.110956546391,-0.0555052863772,True
19180,959,0,5.70282421033,False,0.142889221106,False,-0.068610211469,-0.13722300512,0.005666215986,False
19181,959,1,0.20309970810800002,True,0.104502597258,False,-0.09588947176750001,-0.14790552820800001,-0.0434029309504,True
19182,959,2,0.352863173639,False,0.0865655418375,False,-0.0697776718379,-0.112771758842,-0.0262062170048,True
19183,959,3,0.0884985859552,True,0.080479925368,False,-0.07719967774730001,-0.116353732784,-0.0358738074159,True
19184,959,4,0.0753686854857,True,0.0750210606651,True,-0.070324351748,-0.110288163683,-0.0352671030174,True
19185,959,5,0.00797024508989,True,0.0707275090237,True,-0.0756843655252,-0.111390145472,-0.04066263644819999,True
19186,959,6,6.95611631188e-07,True,0.0646299445172,True,-0.0718899539304,-0.10467946476,-0.0400495202431,True
19187,959,7,0.0010417660664199999,True,0.0648096587485,True,-0.07170563682969999,-0.10346360239,-0.0386539436419,True
19188,959,8,8.66258484808e-19,True,0.0625352508563,True,-0.080342237397,-0.110818126645,-0.0482828757883,True
19189,959,9,9.00658026683e-17,True,0.0625727944349,True,-0.08923069555770001,-0.12035690659000002,-0.0577841121556,True
19190,959,10,3.1013939451e-32,True,0.0622684515227,True,-0.090967266713,-0.120151004366,-0.0578825528433,True
19191,959,11,1.0009487841e-35,True,0.0608631305698,True,-0.0905103784788,-0.120390146303,-0.059527015733599996,True
19192,959,12,3.3498994785e-23,True,0.06001598321280001,True,-0.08199070053299999,-0.11304654453,-0.0530305613172,True
19193,959,13,1.61682070538e-23,True,0.05865658474280001,True,-0.084272133011,-0.11439754280400001,-0.0557409580616,True
19194,959,14,2.3126834972200002e-36,True,0.05872987173119999,True,-0.0862550691916,-0.114624903298,-0.055895031566399994,True
19195,959,15,4.47874076803e-24,True,0.0569781741848,True,-0.08072143950060001,-0.10797196460000001,-0.050993790414800004,True
19196,959,16,2.6641338667099995e-44,True,0.058027623541,True,-0.08636005865669999,-0.115496631573,-0.0574690080324,True
19197,959,17,2.1861805781299994e-46,True,0.056294298262999996,True,-0.0886977324436,-0.116561791197,-0.06026749293380001,True
19198,959,18,1.7110310651899997e-63,True,0.054434694828699996,True,-0.093324632907,-0.12094493257099999,-0.066510237742,True
19199,959,19,6.84147322405e-09,True,0.056118497126000005,True,-0.0878698536072,-0.11615042264799999,-0.060031925521800006,True
19200,960,0,0.48560783131800006,False,0.14075387585100002,False,-0.105302977195,-0.173705449702,-0.0329515738503,True
19201,960,1,2.90149047691,False,0.10478495267200001,False,-0.06446601527000001,-0.11692878783399999,-0.012143835161800001,True
19202,960,2,2.33202408104,False,0.0898932057587,False,-0.058235460073999996,-0.102914655065,-0.0130214493062,True
19203,960,3,2.68758644283,False,0.0771634268804,True,-0.0506203321444,-0.0896667749152,-0.0125033480348,True
19204,960,4,1.2646228522399998,False,0.0727867008601,True,-0.05353002664469999,-0.0902967710319,-0.0175100701717,True
19205,960,5,0.0945193359445,True,0.0692349285394,True,-0.0667393221961,-0.100543119581,-0.0313081910413,True
19206,960,6,0.0145229430648,True,0.0675394691079,True,-0.0634449783286,-0.0973197057753,-0.029780236667299998,True
19207,960,7,0.051323562443500004,True,0.06519911970980001,True,-0.0614370510254,-0.09566487404200001,-0.0304657543322,True
19208,960,8,0.26713279663199996,True,0.0645747009815,True,-0.057818457231499996,-0.0921603673769,-0.027585666395400003,True
19209,960,9,0.195681505148,True,0.0611674280095,True,-0.0586754548398,-0.08873033136320001,-0.0275629033537,True
19210,960,10,0.175641716914,True,0.0606951200015,True,-0.0545980810229,-0.0847459445008,-0.024050824499300003,True
19211,960,11,0.41756238651,False,0.058414621982199995,True,-0.04973825620019999,-0.0776364047578,-0.0192217827755,True
19212,960,12,0.062286622884,True,0.0597837382022,True,-0.0508186662804,-0.0810040280161,-0.021220289813900003,True
19213,960,13,0.27133761026500003,True,0.059113594061599994,True,-0.0501166559815,-0.0814652989133,-0.022351704851700002,True
19214,960,14,0.126710713199,True,0.0587261404875,True,-0.0565701296007,-0.0864720616285,-0.027745921141,True
19215,960,15,1.11425578379e-08,True,0.057059312911800004,True,-0.0630843098749,-0.0918125666333,-0.0347532537215,True
19216,960,16,9.24448498131e-14,True,0.0574224450243,True,-0.0689096416472,-0.0957246440557,-0.0383021990314,True
19217,960,17,9.180178356930001e-19,True,0.056999842871199996,True,-0.07393391608660001,-0.102565325117,-0.0455654822456,True
19218,960,18,0.0016454290556800002,True,0.05645416679819999,True,-0.06289169942049999,-0.09347553387140001,-0.037021367073199994,True
19219,960,19,0.010975948901200001,True,0.0572198688942,True,-0.0572508174278,-0.08717999366210001,-0.0299601247679,True
19220,961,0,9.78295406332,False,0.146266287747,False,-0.0590343145806,-0.137099546239,0.00916674150798,False
19221,961,1,3.28678712292,False,0.10371775679300001,False,-0.06354725958169999,-0.11205465846200001,-0.00833690166887,True
19222,961,2,1.4839906182700002,False,0.0909153484117,False,-0.0634244794788,-0.11051279697699999,-0.019597448565099998,True
19223,961,3,0.8945141620970001,False,0.0777727195786,True,-0.058022133489,-0.09744897508360001,-0.019676255505,True
19224,961,4,0.551620449588,False,0.0737900710892,True,-0.060013414424300006,-0.0983644117742,-0.024574340685099998,True
19225,961,5,0.689521966614,False,0.0721607481745,True,-0.0557403068132,-0.09462392850739999,-0.022463180332900002,True
19226,961,6,0.25643421045000003,True,0.0675695368043,True,-0.056169358484300005,-0.089424191008,-0.0218546542037,True
19227,961,7,0.10896365130100001,True,0.06555020315230001,True,-0.0650544197985,-0.0976275249711,-0.0320773218188,True
19228,961,8,0.0142956314921,True,0.062319885422599995,True,-0.0642288114249,-0.09535060850220001,-0.0330307230796,True
19229,961,9,0.165770653584,True,0.062039984164699996,True,-0.0621025391766,-0.09384751260150001,-0.0318075284367,True
19230,961,10,0.030178210092700004,True,0.0608525144598,True,-0.0596144612782,-0.09087670035380001,-0.030024185893900004,True
19231,961,11,0.0164410535027,True,0.0605100788007,True,-0.059185728181099996,-0.0882738470447,-0.027763768244,True
19232,961,12,0.102854586251,True,0.0597839080829,True,-0.058020706633699994,-0.0877146437437,-0.027930735660700003,True
19233,961,13,0.034447083860400005,True,0.0586526360621,True,-0.053625596570199996,-0.0842981991535,-0.025645563091400002,True
19234,961,14,0.333949359073,False,0.0592800458499,True,-0.050716109445799996,-0.08075623172089999,-0.0214761858709,True
19235,961,15,0.020096723686400003,True,0.058475194256,True,-0.05944988519830001,-0.09082176865189999,-0.0323465743959,True
19236,961,16,0.08504783708,True,0.0574860397023,True,-0.0498724175428,-0.0780305324656,-0.0205444927633,True
19237,961,17,0.24910129628000002,True,0.05821637887659999,True,-0.0491787229717,-0.076061153683,-0.017844774806400003,True
19238,961,18,0.0994472360279,True,0.057320023746100006,True,-0.05600539664009999,-0.08416817860760001,-0.0268481548616,True
19239,961,19,0.13228294556700002,True,0.0558204300026,True,-0.054643262846999996,-0.08305135074419999,-0.0272309207416,True
19240,962,0,1.25495305076,False,0.144204265423,False,-0.101174707556,-0.173750944835,-0.029546679411299997,True
19241,962,1,0.071889352351,True,0.106566390714,False,-0.0958880777118,-0.14621167956199999,-0.0396452888475,True
19242,962,2,0.0550681164453,True,0.08673105311200001,False,-0.0787824282225,-0.12365825794299999,-0.0369272048306,True
19243,962,3,0.0631580704388,True,0.07841993442339999,True,-0.0757768617912,-0.115285953521,-0.0368660190977,True
19244,962,4,1.53060581676e-07,True,0.075714806948,True,-0.0870654963438,-0.125782699895,-0.0500678929465,True
19245,962,5,2.58021930377e-18,True,0.0727659187335,True,-0.0933301302126,-0.13075739465,-0.05799147591630001,True
19246,962,6,2.65273990826e-19,True,0.0674394574454,True,-0.0917681183645,-0.124264772547,-0.056825315101300004,True
19247,962,7,1.80257497106e-11,True,0.0670097755989,True,-0.0872858310657,-0.122560548829,-0.0555507732305,True
19248,962,8,2.16505932161e-07,True,0.062309041854400005,True,-0.082448333165,-0.113036192447,-0.0507271505927,True
19249,962,9,1.3507966300999999e-08,True,0.0629056109645,True,-0.07620594143130001,-0.10818488792400001,-0.045279276959499994,True
19250,962,10,2.0642020851500002e-14,True,0.0605572383631,True,-0.0774966953142,-0.107210189329,-0.0466529509657,True
19251,962,11,2.59972433533e-12,True,0.06142967450780001,True,-0.08048347036560001,-0.112124600044,-0.05069492553669999,True
19252,962,12,4.6283793219300005e-10,True,0.0575829078375,True,-0.0703596885243,-0.10076753984999999,-0.0431846320126,True
19253,962,13,4.71240150731e-09,True,0.05699668739569999,True,-0.06562568783,-0.09488595396880001,-0.037889266573099996,True
19254,962,14,2.40157384534e-15,True,0.056600147734599995,True,-0.0697807421929,-0.0983778966174,-0.0417777488828,True
19255,962,15,2.38848374363e-11,True,0.055682579189,True,-0.07028431143710001,-0.0977786981316,-0.04209611894259999,True
19256,962,16,5.65636138254e-11,True,0.0577987703039,True,-0.0685445183836,-0.0973271705556,-0.0395284002517,True
19257,962,17,0.000534396420204,True,0.0574824123722,True,-0.0645604507466,-0.09338998829959999,-0.0359075759274,True
19258,962,18,4.86856176996e-15,True,0.059151179788199997,True,-0.0686200781983,-0.0965415917312,-0.0373904119429,True
19259,962,19,7.6881597979e-05,True,0.0570622460884,True,-0.0643726525536,-0.0930955575338,-0.0360333114454,True
19260,963,0,24.7856513177,False,0.135445733534,False,-0.029460106350599997,-0.09836359041819999,0.0370821431155,False
19261,963,1,26.430620806,False,0.10459364466700001,False,-0.0297505161477,-0.0835733638616,0.021020280805700002,False
19262,963,2,16.344729714,False,0.0890599853789,False,-0.0338043278695,-0.0786177773821,0.010442207996799999,False
19263,963,3,4.14031674574,False,0.077503864923,True,-0.046643830248800006,-0.08555275157569998,-0.008048886652789999,True
19264,963,4,4.35732262897,False,0.0732561399177,True,-0.0448854400018,-0.0839667094213,-0.010710569503600002,True
19265,963,5,16.236665852999998,False,0.0690931448656,True,-0.031170410468500002,-0.067507665939,0.0015854789266099999,False
19266,963,6,11.0467448195,False,0.066459124042,True,-0.0323985732874,-0.0666185163457,-0.000159392303688,True
19267,963,7,21.0913975192,False,0.0640079167076,True,-0.0269257961872,-0.0570783606518,0.006929556055739999,False
19268,963,8,11.3201581889,False,0.0613056674715,True,-0.031956430572900006,-0.06023418338830001,0.00107148408318,False
19269,963,9,5.55319160204,False,0.0621237244371,True,-0.037232680360800005,-0.0673773041829,-0.00525357974581,True
19270,963,10,11.977405181199998,False,0.0599727090659,True,-0.0315118510706,-0.05952374133380001,0.000448967732143,False
19271,963,11,18.8766833243,False,0.059215074240499994,True,-0.026533452604000002,-0.0562191321078,0.0029959421327800002,False
19272,963,12,8.495506497560001,False,0.058592656447400006,True,-0.0329852817876,-0.0624294061596,-0.00383674971218,True
19273,963,13,13.1018345557,False,0.059941244336,True,-0.0295782108283,-0.058461161849,0.001480082487,False
19274,963,14,7.57080132389,False,0.0563182627279,True,-0.0324229983108,-0.061071895042199995,-0.00475363231433,True
19275,963,15,7.06401527277,False,0.0570013621357,True,-0.033151591227,-0.06250505716850001,-0.00550369503286,True
19276,963,16,7.921474443010001,False,0.0556785104612,True,-0.0319287193684,-0.059373862745400005,-0.0036953522841599996,True
19277,963,17,8.556357849,False,0.05816696894619999,True,-0.0322793724684,-0.0625508680225,-0.00438389907622,True
19278,963,18,14.89772889,False,0.056314682545900004,True,-0.0279804361526,-0.056606996513,-0.000292313967114,True
19279,963,19,8.5617710398,False,0.0563695849852,True,-0.0317153588911,-0.0596666954395,-0.0032971104543400003,True
19280,964,0,34.223045899999995,False,0.138300436582,False,-0.007188502626379999,-0.07574792185560002,0.0625525147267,False
19281,964,1,7.23422014786,False,0.104233349057,False,-0.049704614028,-0.106768577735,-0.00253522867789,True
19282,964,2,10.1382846967,False,0.0905526882506,False,-0.042094530279,-0.08499738792139999,0.005555300329189999,False
19283,964,3,3.1379887167400002,False,0.0804452016929,False,-0.0506880267665,-0.090527020587,-0.0100818188941,True
19284,964,4,8.37838813872,False,0.0730510420996,True,-0.0381155296817,-0.0733348923374,-0.000283850237834,True
19285,964,5,4.11462377675,False,0.0685685728209,True,-0.0418220096204,-0.0769629823287,-0.00839440950787,True
19286,964,6,3.94041575885,False,0.0683901301075,True,-0.043251965105400005,-0.0756344975643,-0.00724436745674,True
19287,964,7,0.716968680583,False,0.0643394267401,True,-0.0521153460295,-0.0853179453703,-0.0209785186302,True
19288,964,8,3.40008809522,False,0.06423816544290001,True,-0.04190134509730001,-0.07528808061660001,-0.0110499151736,True
19289,964,9,1.1580686341,False,0.062153893510999994,True,-0.044885025055400006,-0.0754813885351,-0.0133274950241,True
19290,964,10,0.31860700907,True,0.0595777093363,True,-0.050090071087600004,-0.079968654214,-0.0203909448777,True
19291,964,11,3.21983254899,False,0.06122522212180001,True,-0.03962072278130001,-0.0707862059563,-0.009560983834499999,True
19292,964,12,1.4663101811200001,False,0.057260716135,True,-0.0427365541438,-0.07116760174039999,-0.013906885605299998,True
19293,964,13,1.48889089106,False,0.0566240202392,True,-0.04184634699,-0.07017328767099999,-0.0135492674319,True
19294,964,14,2.85350570982,False,0.057893203336399995,True,-0.04066225412,-0.069191341969,-0.011298138632700001,True
19295,964,15,2.40252336521,False,0.058005341904100005,True,-0.039769102358800004,-0.06956263667460001,-0.011557294770500002,True
19296,964,16,1.0983400907799998,False,0.0558581078864,True,-0.0444276731668,-0.07370121082489998,-0.0178431029385,True
19297,964,17,0.651445815872,False,0.0582487659389,True,-0.047892635840300006,-0.0751073434574,-0.0168585775186,True
19298,964,18,1.11273685037,False,0.0561883489932,True,-0.0431052969209,-0.0705847170454,-0.0143963680522,True
19299,964,19,1.07269596199,False,0.0543789456254,True,-0.0433268934781,-0.07073706038380001,-0.0163581147584,True
19300,965,0,1.70223496733,False,0.143175023849,False,-0.0898832921978,-0.16310786154999998,-0.019932837701400002,True
19301,965,1,4.0999404553600005,False,0.104649725021,False,-0.0621385473921,-0.112242400544,-0.00759267552287,True
19302,965,2,16.8825502098,False,0.0841222103238,False,-0.0342435644371,-0.0771543160805,0.00696789424332,False
19303,965,3,42.1989385187,False,0.0811044488799,False,-0.0174680999268,-0.057922784679699996,0.0231816642003,False
19304,965,4,34.375937091,False,0.0744015940138,True,-0.0217481568536,-0.0579710357079,0.016430558305899998,False
19305,965,5,33.424862742100004,False,0.06804065359469999,True,-0.022321090117599997,-0.055274398614499995,0.0127662549802,False
19306,965,6,29.127432957800004,False,0.0680552238842,True,-0.023193601077299997,-0.0579856273862,0.010069596497899999,False
19307,965,7,19.379583483599998,False,0.0619784910317,True,-0.027313840715600002,-0.057773428949600004,0.0042050620821399995,False
19308,965,8,20.4745283173,False,0.0618245210075,True,-0.0271436370727,-0.0586893859057,0.00313513510182,False
19309,965,9,30.6012783752,False,0.0625364729959,True,-0.0222966227355,-0.0545563006288,0.00798017236709,False
19310,965,10,25.9357415405,False,0.0605522629089,True,-0.0240314024656,-0.0560139823195,0.00453828058934,False
19311,965,11,5.37711356414,False,0.06066670563900001,True,-0.0359752222655,-0.06587431226030001,-0.00520760662131,True
19312,965,12,5.83791616997,False,0.0597384942726,True,-0.036303531005800006,-0.0651303528066,-0.00539185853392,True
19313,965,13,13.2344201993,False,0.06098412658,True,-0.0300326477855,-0.061899040136099995,-0.000914913556038,True
19314,965,14,3.31507591652,False,0.0602284991593,True,-0.0374576704472,-0.0675213486016,-0.00729284944226,True
19315,965,15,1.4508690982700003,False,0.057422271815,True,-0.041149165544800005,-0.0692100992332,-0.011787827418200001,True
19316,965,16,2.12871020528,False,0.0571955367469,True,-0.040273440741800004,-0.0687088320026,-0.0115132952556,True
19317,965,17,0.20725284658399998,True,0.0561073853532,True,-0.04851108538480001,-0.0758900238816,-0.0197826385284,True
19318,965,18,0.1259374287,True,0.057088639715,True,-0.052102592035099995,-0.0803822743916,-0.023293634676599995,True
19319,965,19,1.55835863894e-06,True,0.0572477053415,True,-0.059287434820400005,-0.0884882110474,-0.0312405057059,True
19320,966,0,11.276175826500001,False,0.140857163106,False,-0.054623169444500005,-0.123734884328,0.017122278777700003,False
19321,966,1,22.513583275100004,False,0.10641276716600001,False,-0.032036269713499994,-0.08551506918,0.020897697985900004,False
19322,966,2,35.811400477199996,False,0.0865432554034,False,-0.019869160534299997,-0.062220648252699996,0.0243226071507,False
19323,966,3,3.17908442819,False,0.0807071426598,False,-0.052694663887999996,-0.0925094398759,-0.011802297216,True
19324,966,4,5.7015626278100004,False,0.0742736047728,True,-0.0431575573645,-0.0803385923228,-0.00606498755001,True
19325,966,5,3.80796133405,False,0.0694954210793,True,-0.0445587866201,-0.07924806098619999,-0.00975263990695,True
19326,966,6,4.644660859119999,False,0.0668385472623,True,-0.0418697784746,-0.0771716570008,-0.0103331097386,True
19327,966,7,4.73040776065,False,0.06612197881630001,True,-0.041702792399,-0.0738123058934,-0.00769032707713,True
19328,966,8,2.0151387917299997,False,0.0636341861352,True,-0.0453118414993,-0.07639114880919999,-0.012756962674,True
19329,966,9,0.409512624163,False,0.0621069171086,True,-0.0490727587184,-0.078041839827,-0.0159349227184,True
19330,966,10,2.77396808143,False,0.06128873469880001,True,-0.0409854766868,-0.0712645862744,-0.00997585157554,True
19331,966,11,1.3148715122799999,False,0.06100189324059999,True,-0.0442077224531,-0.073890341439,-0.0128884481984,True
19332,966,12,1.6781045415399998,False,0.0596044032249,True,-0.0440873956008,-0.0756364647899,-0.016032061565000002,True
19333,966,13,1.09439403735,False,0.0567723006759,True,-0.044017478873600004,-0.0733541824683,-0.0165818817924,True
19334,966,14,1.48863857032,False,0.057961250858399996,True,-0.0416461061532,-0.0698806243925,-0.011919373534099999,True
19335,966,15,0.653199516666,False,0.05828624848780001,True,-0.0450990606177,-0.07516957441589998,-0.0168833259281,True
19336,966,16,0.360498815021,False,0.055916065335699996,True,-0.047512348415900005,-0.07641187889619999,-0.020495813560500002,True
19337,966,17,1.01357386382,False,0.057254308756999994,True,-0.043559070446499995,-0.0717369997002,-0.014482690943200002,True
19338,966,18,3.8108053333199994,False,0.0573461535814,True,-0.03758242731230001,-0.0664399460114,-0.009093792430030001,True
19339,966,19,4.84912657826,False,0.055657135508699995,True,-0.036060099722,-0.0641823961226,-0.00852526061382,True
19340,967,0,22.6044775735,False,0.148947600715,False,-0.0328991643116,-0.11112485832699999,0.0378227423881,False
19341,967,1,40.0251414965,False,0.10199089623,False,-0.016936217557299998,-0.0691606737925,0.0328302224371,False
19342,967,2,19.5791361456,False,0.0902452835556,False,-0.0328379180794,-0.0762240113701,0.0140212721855,False
19343,967,3,5.08401742938,False,0.0813357013018,False,-0.0475845338465,-0.0869375101778,-0.0056018088760100004,True
19344,967,4,3.0480807472,False,0.07447683864410001,True,-0.0498335440723,-0.08754382573760001,-0.0130669870935,True
19345,967,5,0.844865462694,False,0.06879048044689999,True,-0.0519469082331,-0.08577049080869999,-0.0169800103618,True
19346,967,6,0.0009745639149919999,True,0.0649933156798,True,-0.0698643486956,-0.101511641609,-0.036518325929099996,True
19347,967,7,5.15027941869e-13,True,0.06310925394150001,True,-0.0760045683485,-0.108088217769,-0.0449789638279,True
19348,967,8,1.42964736548e-05,True,0.062112678237300004,True,-0.0665841883831,-0.0966273861635,-0.0345147079262,True
19349,967,9,0.07626487886960001,True,0.0638697934342,True,-0.0606380664246,-0.0938854928952,-0.030015699461,True
19350,967,10,0.34884809698700003,False,0.0617843082444,True,-0.0534602979859,-0.0830782256565,-0.021293917412099996,True
19351,967,11,0.0527769357302,True,0.0578099586044,True,-0.0565816657203,-0.085769570637,-0.0279596120327,True
19352,967,12,0.12708951168,True,0.0591454530148,True,-0.0589678417945,-0.0891925238617,-0.0300470708469,True
19353,967,13,2.92513257222e-07,True,0.05834398738609999,True,-0.0646052094711,-0.0920438719139,-0.0336998845278,True
19354,967,14,3.80600502685e-06,True,0.058389890641900005,True,-0.0645736463704,-0.09395667475289998,-0.035566784111,True
19355,967,15,7.58068183976e-06,True,0.05803080956119999,True,-0.062307553026300005,-0.092000163136,-0.0339693535749,True
19356,967,16,0.000493170088298,True,0.0572745007266,True,-0.0614302495762,-0.0906316561798,-0.0333571554532,True
19357,967,17,5.2261862436699996e-08,True,0.057045170541199994,True,-0.0661915471127,-0.09518295340739999,-0.038137782866199996,True
19358,967,18,3.09458254927e-05,True,0.057490329427,True,-0.06663093664509999,-0.09438854300100001,-0.036898213574099996,True
19359,967,19,0.10280442625399999,True,0.0567076271491,True,-0.0581233653192,-0.08596485312,-0.029257225970799997,True
19360,968,0,0.473732296904,False,0.14270913368,False,-0.115070525898,-0.188102696605,-0.045393562925699994,True
19361,968,1,4.05528610902,False,0.103475782103,False,-0.060264690446199996,-0.110597240657,-0.00712145855411,True
19362,968,2,0.568745516773,False,0.09010869765360001,False,-0.0722654970957,-0.12063343639900001,-0.0305247387453,True
19363,968,3,0.221789512674,True,0.0780764012573,True,-0.0730354029355,-0.110627589712,-0.0325511884549,True
19364,968,4,0.311274370493,True,0.0740142437769,True,-0.06445554360240001,-0.10119542107999999,-0.0271811773032,True
19365,968,5,0.601859376359,False,0.0689451844312,True,-0.0570469691034,-0.09340174235510001,-0.024456557923900002,True
19366,968,6,0.013100187012499999,True,0.0682051033313,True,-0.06768668317610001,-0.0999797697473,-0.031774666416000005,True
19367,968,7,0.0005669452056310001,True,0.06499574209180001,True,-0.0654736627541,-0.09705137790969999,-0.032055635818,True
19368,968,8,0.193778578441,True,0.062496079835,True,-0.062284580367099995,-0.0929505042949,-0.0304544244599,True
19369,968,9,0.0133989494601,True,0.0598750098748,True,-0.0637302666111,-0.09355196429130001,-0.033676954416499996,True
19370,968,10,0.22309375975900003,True,0.060134628893300006,True,-0.054716076112599994,-0.0846662415673,-0.0245316126741,True
19371,968,11,0.19283725514299999,True,0.0591768982379,True,-0.055339313207199994,-0.083562041232,-0.024385142994,True
19372,968,12,6.47939494508e-05,True,0.0591321361422,True,-0.06118013531619999,-0.09071948243210001,-0.0315873462898,True
19373,968,13,0.00012009257337899999,True,0.059606308215899996,True,-0.061103285423300006,-0.0921850107747,-0.0325787025588,True
19374,968,14,0.0643986263482,True,0.0600521487363,True,-0.06164294974830001,-0.0895510986466,-0.029498949910300002,True
19375,968,15,0.025386310504400003,True,0.057763116489,True,-0.059466536432499995,-0.0884042161107,-0.0306410996218,True
19376,968,16,0.10996460086899999,True,0.057509929202500004,True,-0.0508787849978,-0.0812176285466,-0.023707699344099997,True
19377,968,17,0.062505919605,True,0.0561610767349,True,-0.053433430272500006,-0.0802581216857,-0.024097044950900003,True
19378,968,18,0.022402901823299997,True,0.0562976149945,True,-0.055490443926099996,-0.08506584917139999,-0.0287682341768,True
19379,968,19,0.212937402748,True,0.0548284126072,True,-0.05391042088280001,-0.0810740957341,-0.0262456831269,True
19380,969,0,31.6850591271,False,0.13465634752699998,False,-0.0132970789717,-0.0841739226606,0.050482424866000006,False
19381,969,1,3.7522449522000003,False,0.10582224459799999,False,-0.0627807809249,-0.11455801285299999,-0.00873576825534,True
19382,969,2,6.901293447839999,False,0.08606223872220001,False,-0.045972337591199994,-0.0878177673461,-0.00175552862383,True
19383,969,3,6.897889208,False,0.07753211273749999,True,-0.041992550001300005,-0.0818773182717,-0.00434520553426,True
19384,969,4,4.74700982658,False,0.0753751342832,True,-0.0455309919151,-0.0818336150483,-0.006458480765100001,True
19385,969,5,12.5447354777,False,0.07051353954560001,True,-0.033078093047799996,-0.06906667617750001,0.00144686336814,False
19386,969,6,1.56440459106,False,0.0649224314764,True,-0.0464105101514,-0.0799808651908,-0.0150584337145,True
19387,969,7,4.146971607669999,False,0.0647004187622,True,-0.040232547486099994,-0.0731325792967,-0.00843216053446,True
19388,969,8,3.49647656757,False,0.0639502156305,True,-0.0416784666825,-0.0729197991365,-0.00896958350607,True
19389,969,9,2.11565425421,False,0.06299167300099999,True,-0.0427930248393,-0.0728959405813,-0.009904267580299999,True
19390,969,10,1.15747696283,False,0.060342999939000004,True,-0.0470180804036,-0.0778708655726,-0.0175278656336,True
19391,969,11,0.00970963988189,True,0.0600617008941,True,-0.060645849829999994,-0.0914957738562,-0.0314340729621,True
19392,969,12,0.0812949962247,True,0.0604502958481,True,-0.0548973896339,-0.08466565983419999,-0.0242153639861,True
19393,969,13,0.036367303068,True,0.0568406293034,True,-0.0580323395983,-0.08609687871449999,-0.0292562494112,True
19394,969,14,0.00150865015869,True,0.057774453741100004,True,-0.060216498862899995,-0.08824310277110001,-0.03046864903,True
19395,969,15,0.0633774108527,True,0.05815133764909999,True,-0.060568795165300005,-0.09061329075670001,-0.0324619531076,True
19396,969,16,0.057634182741900006,True,0.0575145886893,True,-0.0566094482916,-0.08700655831689999,-0.0294919696276,True
19397,969,17,0.00757740246454,True,0.0544004815283,True,-0.052469931070300006,-0.0786147828904,-0.024214301362099996,True
19398,969,18,0.00352199013194,True,0.0566030036885,True,-0.056360444890800006,-0.0856699512744,-0.0290669475859,True
19399,969,19,0.139610515397,True,0.0563366348565,True,-0.0520597335378,-0.0788824765082,-0.0225458416517,True
19400,970,0,10.3705650375,False,0.145602953084,False,-0.05619740958240001,-0.133555232831,0.0120477202532,False
19401,970,1,4.56562822129,False,0.10037167589299999,False,-0.0566944544883,-0.10240484901699999,-0.00203317312446,True
19402,970,2,3.1966881550800004,False,0.08829124048350001,False,-0.054041226936999996,-0.0967233089864,-0.00843206850287,True
19403,970,3,1.48701022957,False,0.0810950499908,False,-0.056608329036800006,-0.0944364065333,-0.013341356542499998,True
19404,970,4,2.99507144378,False,0.07339540034410001,True,-0.049142021037,-0.0856345281423,-0.0122391277982,True
19405,970,5,0.986524171238,False,0.0684699930159,True,-0.0537908358269,-0.0888789837305,-0.0204089907146,True
19406,970,6,2.4609389663299996,False,0.06822255370090001,True,-0.0469219184896,-0.0807822572165,-0.0125597035156,True
19407,970,7,0.0234480190897,True,0.06597838150759999,True,-0.0591680470868,-0.0912768736782,-0.025298492170599998,True
19408,970,8,0.32298046729200003,True,0.06247402989580001,True,-0.055181890228699994,-0.0861017482186,-0.023627718322799997,True
19409,970,9,0.08971331390069999,True,0.0587640694148,True,-0.056015959479900006,-0.08344172293289999,-0.024677653518099998,True
19410,970,10,0.279220572404,True,0.060828917402099995,True,-0.051452813446199994,-0.08282001410289999,-0.021991096700900003,True
19411,970,11,0.132293997172,True,0.0601786501196,True,-0.053241758788400005,-0.082563419997,-0.022384769877400002,True
19412,970,12,0.308976225267,True,0.0576446513356,True,-0.0519585628959,-0.0808684812484,-0.023223829912799997,True
19413,970,13,0.00047542528838599994,True,0.0578912426095,True,-0.057859366983,-0.08879702671569999,-0.030905784106200002,True
19414,970,14,0.00765312261508,True,0.0571771575702,True,-0.05939187007180001,-0.08891350710319999,-0.0317363495329,True
19415,970,15,0.000498888424124,True,0.05934155369530001,True,-0.06077547406,-0.0913738939188,-0.0320323402235,True
19416,970,16,2.69519417619e-22,True,0.056772244826400003,True,-0.0685478727508,-0.0965052283152,-0.03973298348880001,True
19417,970,17,6.47895386799e-16,True,0.0562769336922,True,-0.0684201157793,-0.0958197149159,-0.039542781223699995,True
19418,970,18,4.3979700432e-05,True,0.054987733605800004,True,-0.071015180804,-0.09872276092289999,-0.0437350273171,True
19419,970,19,1.0864675208e-06,True,0.0568460300688,True,-0.0651860351478,-0.0934833791607,-0.0366373490919,True
19420,971,0,22.692769587199997,False,0.141373548799,False,-0.034595722397800004,-0.10535840732599999,0.036015141472900004,False
19421,971,1,36.3565594983,False,0.103704314978,False,-0.0194915895846,-0.0722917026546,0.0314126123232,False
19422,971,2,6.20533736405,False,0.0882801080223,False,-0.048533989137,-0.091284817246,-0.00300470922373,True
19423,971,3,1.24083131029,False,0.080657306257,False,-0.06007433395219999,-0.10054148343000001,-0.019884177173,True
19424,971,4,1.63515832724,False,0.0737840593644,True,-0.0525542275647,-0.0906202405164,-0.016836181151999998,True
19425,971,5,5.749225922740001,False,0.0703439055035,True,-0.0406057098935,-0.07740786537210001,-0.00706395986862,True
19426,971,6,9.86072419153,False,0.0668382872135,True,-0.0343165996813,-0.06963865625030001,-0.00280036903682,True
19427,971,7,5.904914412969999,False,0.0642545580052,True,-0.0373850110355,-0.0705151660045,-0.00626060799931,True
19428,971,8,1.4231220650799998,False,0.0631502254463,True,-0.0454386179342,-0.075739726571,-0.0125895011247,True
19429,971,9,0.448803390756,False,0.0614759673287,True,-0.0502252813181,-0.0812732127624,-0.0197972454338,True
19430,971,10,0.30855889347800003,True,0.061802895423800006,True,-0.0563822820835,-0.0870832287666,-0.025280333342800002,True
19431,971,11,0.741002283152,False,0.0595697507107,True,-0.048850782677,-0.0797466924713,-0.020176941760599997,True
19432,971,12,0.20045914056800002,True,0.056514367842699996,True,-0.05123279512659999,-0.07957634095310001,-0.0230619731105,True
19433,971,13,0.097139187217,True,0.0591992827364,True,-0.057717461091599996,-0.0871883243358,-0.0279890415993,True
19434,971,14,0.000237370128983,True,0.0592732463555,True,-0.0633259552295,-0.0940253639712,-0.0347521176158,True
19435,971,15,0.147880816168,True,0.056479288738599996,True,-0.057605011563400005,-0.0842721492288,-0.027792860490299998,True
19436,971,16,0.00731838690101,True,0.056362259166900006,True,-0.0588611027635,-0.0867393610197,-0.0303771018527,True
19437,971,17,1.93294038437e-15,True,0.0574607474642,True,-0.06695281737150001,-0.09368159450880001,-0.0362208470446,True
19438,971,18,8.66049555014e-08,True,0.057509408175,True,-0.0686123173035,-0.09701068131010002,-0.0395012731351,True
19439,971,19,8.51148798725e-14,True,0.0566648167756,True,-0.07263135541469999,-0.10112609347899999,-0.0444612767036,True
19440,972,0,12.5612451959,False,0.137465056614,False,-0.0522627848217,-0.12079303087000001,0.016672025743799997,False
19441,972,1,22.012693009499998,False,0.10107232765,False,-0.034016533664199995,-0.0859319009736,0.0151404266766,False
19442,972,2,13.989760538699999,False,0.0868084712603,False,-0.0376186343054,-0.083650379286,0.00315809197436,False
19443,972,3,15.720192320499999,False,0.08033738650769999,False,-0.0339491190272,-0.0733031773637,0.007034209143939999,False
19444,972,4,16.5876040946,False,0.0739786365607,True,-0.0326048679049,-0.06933062536560002,0.00464801119509,False
19445,972,5,0.727890357535,False,0.06942599597910001,True,-0.0530587155468,-0.0878817989665,-0.018455802987400002,True
19446,972,6,0.00427351707998,True,0.06795106885840001,True,-0.0623859571256,-0.0959825378228,-0.0280314689644,True
19447,972,7,0.0327309049933,True,0.064230544485,True,-0.0610986256959,-0.0912377331668,-0.027007188681799996,True
19448,972,8,0.0297901715484,True,0.06400391149809999,True,-0.060735784724699995,-0.0928601723364,-0.0288562608383,True
19449,972,9,0.009836911829180001,True,0.0623856573594,True,-0.06409464154069999,-0.09500973908360001,-0.032624081724200005,True
19450,972,10,0.0115163426771,True,0.0590123620216,True,-0.058721745428900005,-0.0885451799588,-0.0295328179372,True
19451,972,11,0.780075410494,False,0.060935063731,True,-0.0490884328323,-0.07956778493639999,-0.0186327212055,True
19452,972,12,0.520632422534,False,0.0594031787335,True,-0.0508776355939,-0.0804593103751,-0.021056131641599998,True
19453,972,13,0.616464833997,False,0.057874589362199996,True,-0.0470667319362,-0.076840967518,-0.0189663781558,True
19454,972,14,0.0583642621769,True,0.0572414328313,True,-0.055340508443599994,-0.08481560940789999,-0.0275741765766,True
19455,972,15,0.161828657764,True,0.0572509249493,True,-0.0546405152708,-0.0835471895385,-0.0262962645892,True
19456,972,16,0.00784845523494,True,0.0576524533793,True,-0.0585808157123,-0.08736737429449999,-0.0297149209152,True
19457,972,17,0.09052046391239998,True,0.056834903265699996,True,-0.056991741628400004,-0.0853605900213,-0.028525686755599997,True
19458,972,18,0.020683500440200002,True,0.0565910639521,True,-0.06342733403459999,-0.09153750648,-0.0349464425279,True
19459,972,19,1.11258226413e-07,True,0.052280184579,True,-0.059886786116899994,-0.08586634034489998,-0.0335861557659,True
19460,973,0,33.4084237256,False,0.13758959341600002,False,-0.013206420326399999,-0.0808784963475,0.056711097068300007,False
19461,973,1,13.8561732851,False,0.107227790486,False,-0.0422643455669,-0.0937285276775,0.0134992628089,False
19462,973,2,23.3482792563,False,0.0896696767426,False,-0.029073775744500003,-0.0755257459374,0.0141439308051,False
19463,973,3,19.5305147178,False,0.0796158390476,True,-0.0309899473503,-0.07314082323979999,0.00647501580785,False
19464,973,4,15.2447300722,False,0.07521129374369999,True,-0.0340238915658,-0.0716635650225,0.0035477287212199995,False
19465,973,5,9.58719070664,False,0.07226666384060002,True,-0.0376384207656,-0.07270099642969999,-0.000434332589107,True
19466,973,6,1.66687668972,False,0.06600449733699999,True,-0.0472937635814,-0.07995465317419999,-0.013950155837199999,True
19467,973,7,1.7910835388900004,False,0.0651119804909,True,-0.04734885758909999,-0.08040815278630001,-0.015296172295299998,True
19468,973,8,2.78953023946,False,0.062068916154199995,True,-0.0415162532601,-0.0714532828028,-0.00938436664864,True
19469,973,9,2.1521661293400003,False,0.0617868526715,True,-0.0441623952759,-0.07630282553539999,-0.0145159728639,True
19470,973,10,0.427286921108,False,0.0594335224546,True,-0.04996848347019999,-0.07842524813339999,-0.0189917256789,True
19471,973,11,0.00308605129471,True,0.0577000044121,True,-0.05987077892249999,-0.0883110211445,-0.030611016732400003,True
19472,973,12,0.00024580351799,True,0.0577477021332,True,-0.0605578475791,-0.0887456321473,-0.0309979300141,True
19473,973,13,0.620843714689,False,0.061143098243199995,True,-0.051593697857,-0.0845724366606,-0.0234293384174,True
19474,973,14,0.0743909365523,True,0.057573739271800005,True,-0.056560230399900005,-0.0842096889061,-0.0266359496343,True
19475,973,15,0.126208264854,True,0.05686771838330001,True,-0.0570687068985,-0.0848647792339,-0.0279970608506,True
19476,973,16,0.11775228829199999,True,0.056516073977100005,True,-0.0578571836178,-0.0855057980325,-0.028989724055400002,True
19477,973,17,0.17777746307199999,True,0.0569993836056,True,-0.051687350679,-0.0790566291484,-0.0220572455428,True
19478,973,18,0.00046022222053699994,True,0.05441827357969999,True,-0.0547707162207,-0.0838318576949,-0.029413584115200002,True
19479,973,19,0.071860837737,True,0.0573881517684,True,-0.0545345193726,-0.0817254280759,-0.0243372763075,True
19480,974,0,5.23951120967,False,0.1396002295,False,-0.0729721361907,-0.141662582336,-0.00206235283603,True
19481,974,1,3.3894532622500004,False,0.10508331199899999,False,-0.0615387245949,-0.113351821468,-0.00826850946937,True
19482,974,2,0.581272452433,False,0.0879945150692,False,-0.0669497002662,-0.111672603871,-0.0236780888017,True
19483,974,3,2.00074761187,False,0.0806827563384,False,-0.0550935167662,-0.09486466233850001,-0.014181906000000001,True
19484,974,4,0.690534756554,False,0.0732908262893,True,-0.058297976437,-0.09578135922139999,-0.0224905329322,True
19485,974,5,0.280086163407,True,0.0684085725957,True,-0.05870819344219999,-0.0928666626676,-0.0244580900719,True
19486,974,6,0.544348891408,False,0.06497575507209999,True,-0.0541627928809,-0.08572579372150001,-0.0207500386494,True
19487,974,7,0.7223794641879999,False,0.0647973247199,True,-0.056315943769199996,-0.08789727120999999,-0.0230999464901,True
19488,974,8,0.641563430827,False,0.0613194845188,True,-0.0490987842323,-0.0793116531428,-0.017992168624,True
19489,974,9,1.6309545514300001,False,0.06264393381939999,True,-0.046046956289400004,-0.07610138603080001,-0.0134574522114,True
19490,974,10,0.98405165499,False,0.06023783286500001,True,-0.046432365285400005,-0.0759370348272,-0.0156992019622,True
19491,974,11,2.84958375673,False,0.0619072078199,True,-0.0420693408609,-0.07442309585660001,-0.0125158880367,True
19492,974,12,0.953790118819,False,0.05698032643999999,True,-0.0443488148945,-0.07192685790730001,-0.0149465314672,True
19493,974,13,0.0382820263947,True,0.057609220618500004,True,-0.0522238326995,-0.0823065147144,-0.024697294095999998,True
19494,974,14,0.103051710392,True,0.0560871798806,True,-0.0535155405109,-0.0822932222836,-0.026206042403,True
19495,974,15,0.0355476974752,True,0.0568926743659,True,-0.0542794782883,-0.0840384113184,-0.0271457369526,True
19496,974,16,0.253564132659,True,0.05882183464980001,True,-0.0562174141407,-0.0849031246733,-0.0260812900234,True
19497,974,17,0.9170759695799999,False,0.057404627599300005,True,-0.0475869892892,-0.07738497339610001,-0.0199803457968,True
19498,974,18,0.0978173119111,True,0.05729312553449999,True,-0.0550748036432,-0.0827801096494,-0.025486984114900003,True
19499,974,19,0.0013297682245899999,True,0.0537319576925,True,-0.0571125150392,-0.0830777962947,-0.0293458386022,True
19500,975,0,35.555044696100005,False,0.136025601948,False,0.0023296980700300003,-0.0646349594754,0.07139064247219999,False
19501,975,1,25.7143545688,False,0.105311899652,False,-0.0286300773539,-0.08275728422939999,0.022554615423,False
19502,975,2,25.883579674099998,False,0.09246166826050001,False,-0.0270039172303,-0.0746581865446,0.017803481715900002,False
19503,975,3,35.0895884064,False,0.0814160837105,False,-0.0215779946256,-0.058987627663900005,0.022428456046599998,False
19504,975,4,48.729031252,False,0.075646957842,True,-0.0151151181794,-0.0538419081305,0.0218050497115,False
19505,975,5,60.0832050806,False,0.0693048230012,True,-0.0110576962767,-0.0450581907555,0.0242466322457,False
19506,975,6,55.1374369932,False,0.0657799960862,True,-0.0134715524014,-0.046395813922800004,0.0193841821634,False
19507,975,7,56.40295676189999,False,0.0659683267535,True,-0.01274312957,-0.04511390475819999,0.0208544219953,False
19508,975,8,15.6653856047,False,0.0633633559375,True,-0.028952711813500003,-0.06159997229019999,0.00176338364727,False
19509,975,9,6.24002733471,False,0.0650436102527,True,-0.0374698858869,-0.0699911537033,-0.0049475434506000004,True
19510,975,10,3.9709444651499997,False,0.060074128821300005,True,-0.038484489223599996,-0.07073188953939999,-0.010657760718100002,True
19511,975,11,4.0252951604,False,0.05843411911719999,True,-0.036648903937900004,-0.0662338302881,-0.0077997111708699995,True
19512,975,12,2.2005554396,False,0.0584396906678,True,-0.0403786385889,-0.070143170906,-0.0117034802382,True
19513,975,13,1.06598261935,False,0.0587517667596,True,-0.0446234156819,-0.07329144424049999,-0.0145396774809,True
19514,975,14,4.722021317,False,0.058123631535,True,-0.036187351895,-0.06507571104450001,-0.00695207950954,True
19515,975,15,2.2109714875099997,False,0.059427562338899995,True,-0.042109339765999995,-0.0714950376739,-0.012067475335,True
19516,975,16,1.41165380289,False,0.05606206668330001,True,-0.0412436349724,-0.0691081389015,-0.0130460722181,True
19517,975,17,0.8448426405410001,False,0.056320287604099996,True,-0.0427271650124,-0.07039128553849999,-0.014070997934399998,True
19518,975,18,0.20619479949,True,0.0571142228427,True,-0.050524405702300004,-0.07861873531210001,-0.0215045124694,True
19519,975,19,0.022507850265900003,True,0.0579804273568,True,-0.0550115047841,-0.08346609665230001,-0.0254856692954,True
19520,976,0,33.8088561267,False,0.138862720366,False,-0.00041440978035400003,-0.0690892079023,0.06977351246389998,False
19521,976,1,27.2091422452,False,0.10272331315500001,False,0.028365508592,-0.021061527350599997,0.0816617858048,False
19522,976,2,37.5380813424,False,0.08682761244710001,False,-0.0204078253312,-0.0644374144759,0.022390197971099996,False
19523,976,3,7.3259740107,False,0.07960024407430001,True,-0.04345410953769999,-0.08157003104110001,-0.00196978696675,True
19524,976,4,1.68807697716,False,0.0731889876947,True,-0.0524525483756,-0.0920050338643,-0.018816046169599997,True
19525,976,5,0.607320543719,False,0.0690585141115,True,-0.0567181679464,-0.09112734191289999,-0.022068827801399998,True
19526,976,6,0.210162120092,True,0.06861475348,True,-0.0605941142429,-0.0967231062651,-0.028108352785099995,True
19527,976,7,0.339768704561,False,0.062729469671,True,-0.05692242982009999,-0.08978361950439999,-0.027054149833499998,True
19528,976,8,8.53333968998e-05,True,0.0621620076996,True,-0.0623418461165,-0.0942311985788,-0.0320691908793,True
19529,976,9,1.25309338391e-05,True,0.0613459722919,True,-0.0724269510843,-0.101397015365,-0.0400510430735,True
19530,976,10,5.701194199000001e-09,True,0.057634679860399995,True,-0.070496772433,-0.0992685470049,-0.0416338671445,True
19531,976,11,1.64614640393e-17,True,0.06092317893680001,True,-0.0709351510183,-0.102916413662,-0.0419932347254,True
19532,976,12,1.40209098492e-07,True,0.059125974972699995,True,-0.0734341679757,-0.10271423199100001,-0.043588257018,True
19533,976,13,1.8843307683000002e-28,True,0.057655970663900005,True,-0.0797575200991,-0.10792749605900001,-0.05027152539480001,True
19534,976,14,2.3326621195699997e-29,True,0.0573507137361,True,-0.0820763259625,-0.111179239144,-0.0538285254079,True
19535,976,15,9.78523909253e-13,True,0.0565206218117,True,-0.079217047243,-0.108295355803,-0.0517747339917,True
19536,976,16,2.62749571202e-21,True,0.0588361062889,True,-0.079463944472,-0.10852025811100001,-0.0496841518221,True
19537,976,17,1.02745548113e-31,True,0.056823425691400004,True,-0.080611770391,-0.108416093596,-0.051592667905,True
19538,976,18,2.8736797341000006e-16,True,0.0563316998771,True,-0.0800375075127,-0.108321607378,-0.0519899075007,True
19539,976,19,3.81414565003e-15,True,0.0548602562026,True,-0.07335216256350001,-0.10152050067500001,-0.0466602444728,True
19540,977,0,12.5681922192,False,0.136798000336,False,-0.0495247351004,-0.113959354909,0.0228386454269,False
19541,977,1,41.1692836103,False,0.104923540323,False,-0.0122775258644,-0.06549913297019999,0.03942440735319999,False
19542,977,2,54.6923432458,False,0.08876046015419999,False,-0.0045720419427899995,-0.05181725208890001,0.0369432080653,False
19543,977,3,29.155298885700002,False,0.07762085557369999,True,-0.0254852744374,-0.0640789758607,0.013541879713,False
19544,977,4,6.286630999430001,False,0.074405510832,True,-0.0408253166505,-0.07731145938039999,-0.00290594854836,True
19545,977,5,7.5197238630899985,False,0.0701248387959,True,-0.0395624914509,-0.0733471109268,-0.00322227213092,True
19546,977,6,7.05411863991,False,0.0662033644105,True,-0.0368704708819,-0.0684434291921,-0.00224006478159,True
19547,977,7,12.7847692163,False,0.0655447769283,True,-0.0310678848644,-0.0627215844705,0.0028231924577600005,False
19548,977,8,22.4978613126,False,0.0620142647371,True,-0.0258263742719,-0.0566663833074,0.00534788142976,False
19549,977,9,7.21424137498,False,0.0610360050337,True,-0.0355500490828,-0.0665857803882,-0.00554977535449,True
19550,977,10,5.04004345361,False,0.061734863816200004,True,-0.0382165872978,-0.07015587949799999,-0.00842101568185,True
19551,977,11,1.63155171982,False,0.0599357139812,True,-0.0438249101585,-0.0719605912293,-0.0120248772481,True
19552,977,12,0.8794064697570001,False,0.0593899850485,True,-0.0479470995173,-0.07925227079580001,-0.0198622857474,True
19553,977,13,2.34504825538,False,0.0573782559007,True,-0.039324510348,-0.06831335224809999,-0.0109350963474,True
19554,977,14,1.12104039064,False,0.057994496807,True,-0.0454342772394,-0.075277681725,-0.017283184918,True
19555,977,15,0.0757116341755,True,0.058022774967800006,True,-0.0495677709535,-0.0785233069659,-0.020500531998099997,True
19556,977,16,0.301566765243,True,0.05598812192009999,True,-0.05159003922330001,-0.0797642580652,-0.023776136145099998,True
19557,977,17,0.023899141590200002,True,0.0543026486228,True,-0.053524555093,-0.07999718391289999,-0.025694535290099997,True
19558,977,18,0.000561189426098,True,0.05641138034630001,True,-0.0546714399022,-0.0829254195746,-0.0265140392283,True
19559,977,19,0.0466548277587,True,0.057058565980599996,True,-0.06022084100740001,-0.08833809564400001,-0.0312795296633,True
19560,978,0,33.024837222399995,False,0.138023010317,False,-0.0028343183069499994,-0.0686611544329,0.0693618558837,False
19561,978,1,44.6127864812,False,0.103743763302,False,-0.0117212756405,-0.0638230507683,0.039920712533199995,False
19562,978,2,32.2413146341,False,0.09032233537139998,False,-0.023932192572499997,-0.06926580633839999,0.021056529033,False
19563,978,3,28.1149770717,False,0.07645618456889999,True,-0.0254047408219,-0.0639248220739,0.012531362494999998,False
19564,978,4,12.5171452501,False,0.0731616102284,True,-0.0354260750226,-0.0720608165073,0.0011007937210999999,False
19565,978,5,14.2360272932,False,0.0682072344305,True,-0.0314803826315,-0.0647671238097,0.0034401106208,False
19566,978,6,6.90583685368,False,0.0660609209773,True,-0.0361901793334,-0.0706898579782,-0.00462893700088,True
19567,978,7,2.31072821808,False,0.0632360139219,True,-0.042594992989800004,-0.0750804625683,-0.0118444486464,True
19568,978,8,1.27976473911,False,0.0625765622152,True,-0.0463224005117,-0.07842624280619999,-0.015849680591,True
19569,978,9,1.11374617479,False,0.06131247465,True,-0.0476019454567,-0.0783824819747,-0.0170700073247,True
19570,978,10,1.12835508932,False,0.059579786726,True,-0.0446461004232,-0.0760849782308,-0.0165051915048,True
19571,978,11,7.8148186721,False,0.060678540180400004,True,-0.0342380303599,-0.06365105715149999,-0.0029725169711800003,True
19572,978,12,8.21457940908,False,0.0599833427262,True,-0.0336519101627,-0.06356549719349999,-0.00358215446734,True
19573,978,13,10.212509474199999,False,0.05844386614969999,True,-0.0309990925575,-0.060394834266599993,-0.00195096811697,True
19574,978,14,4.10778123078,False,0.0585423834153,True,-0.0374769786319,-0.0667600728419,-0.00821768942668,True
19575,978,15,4.068599837880001,False,0.0578617170712,True,-0.0366791350089,-0.0647590586451,-0.00689734157391,True
19576,978,16,0.589150820566,False,0.0568642686588,True,-0.0457001061868,-0.07553250220919999,-0.0186682335505,True
19577,978,17,0.334135993228,False,0.0553520521648,True,-0.04831702225100001,-0.07556520629369999,-0.020213154128900002,True
19578,978,18,0.0587246999851,True,0.0565876576365,True,-0.0497143777071,-0.0781765117903,-0.0215888541538,True
19579,978,19,0.0234138751687,True,0.0561332226131,True,-0.055137822699499996,-0.0830223515723,-0.026889128959300002,True
19580,979,0,8.52605194377,False,0.14327797871200001,False,-0.0604806917395,-0.134696834723,0.00858114398896,False
19581,979,1,33.3343266269,False,0.105006962567,False,-0.0212508197102,-0.0735376675472,0.031469295019600003,False
19582,979,2,17.5348459368,False,0.0919532709029,False,-0.0343942008497,-0.0792473465683,0.0127059243346,False
19583,979,3,1.18445748514,False,0.0815487606631,False,-0.0582265345293,-0.0985257184956,-0.0169769578324,True
19584,979,4,1.79577199838,False,0.07633962185689999,True,-0.054889131732599995,-0.0917208755555,-0.0153812536986,True
19585,979,5,0.5270146937269999,False,0.0692715421599,True,-0.0581615497351,-0.0935467189206,-0.024275176760700002,True
19586,979,6,0.0014007000441400002,True,0.0659782367173,True,-0.0700480580487,-0.10246411955,-0.036485882832199994,True
19587,979,7,0.00027620246977999997,True,0.06732494572639999,True,-0.07548009909289999,-0.10779117436100001,-0.0404662286349,True
19588,979,8,2.3092559023400005e-16,True,0.0637812026348,True,-0.07733740771639999,-0.10981175685999998,-0.0460305542252,True
19589,979,9,1.96214217711e-15,True,0.06505751800540001,True,-0.08065685203180001,-0.113082048962,-0.0480245309567,True
19590,979,10,1.45011962736e-40,True,0.0595947094235,True,-0.08699834151319999,-0.116679363839,-0.057084654415800004,True
19591,979,11,1.07417338861e-10,True,0.0588352098718,True,-0.0804446452057,-0.11045464383300001,-0.0516194339608,True
19592,979,12,6.4293237027799995e-28,True,0.0583551367661,True,-0.0823929763,-0.109953174929,-0.051598038162599995,True
19593,979,13,1.28730839584e-18,True,0.0584117868129,True,-0.0788444115515,-0.10702427520999999,-0.048612488397000005,True
19594,979,14,4.072849495149999e-58,True,0.057275196599500006,True,-0.0896011629811,-0.117211624209,-0.059936427609599996,True
19595,979,15,2.51024767371e-63,True,0.0559928270517,True,-0.0970731392102,-0.125529084858,-0.0695362578065,True
19596,979,16,2.9855577019199996e-79,True,0.0578063627866,True,-0.10045379937200001,-0.130283173844,-0.0724768110577,True
19597,979,17,3.84881373627e-52,True,0.054927614936,True,-0.100536715086,-0.128040870079,-0.07311325514330001,True
19598,979,18,8.754243445279999e-61,True,0.0571732693029,True,-0.09654538911869999,-0.123733523683,-0.0665602543798,True
19599,979,19,2.92515937476e-76,True,0.05395078864990001,True,-0.0996208496821,-0.126465047981,-0.072514259331,True
19600,980,0,9.546551997989999,False,0.140258743252,False,-0.0596250336652,-0.126797364705,0.0134613785475,False
19601,980,1,18.0615843114,False,0.105816581518,False,-0.039788883536699994,-0.0926316576881,0.0131849238302,False
19602,980,2,24.4380348946,False,0.0893988179319,False,-0.029289860478599997,-0.0747144346824,0.0146843832494,False
19603,980,3,5.29653502251,False,0.0787689218127,True,-0.046441789577699996,-0.0855605627682,-0.0067916409554899995,True
19604,980,4,3.6469261583,False,0.0724785038205,True,-0.04522388495080001,-0.0805977343158,-0.00811923049523,True
19605,980,5,0.447453221275,False,0.0708720488341,True,-0.0562529521849,-0.0912680852201,-0.020396036386,True
19606,980,6,1.49410961692,False,0.0682767599652,True,-0.05012486254719999,-0.084896006028,-0.0166192460628,True
19607,980,7,0.125368046122,True,0.0640881846237,True,-0.0617620760006,-0.0938303096886,-0.0297421250649,True
19608,980,8,0.18067686393899998,True,0.0631437681652,True,-0.058103912719099995,-0.0902982736321,-0.027154505466900004,True
19609,980,9,0.350753982967,False,0.06055604288980001,True,-0.0553509665097,-0.0871047403802,-0.0265486974905,True
19610,980,10,0.8287406349549999,False,0.059524775749900005,True,-0.0483599077405,-0.07648574728350001,-0.0169609715335,True
19611,980,11,0.032923796313299995,True,0.0602594147016,True,-0.055596303753399995,-0.08453615256619999,-0.024276737864599995,True
19612,980,12,0.10690254601,True,0.0593743361288,True,-0.0635689336944,-0.09129113978289999,-0.0319168036541,True
19613,980,13,3.17438495023e-06,True,0.0593349150098,True,-0.0650798318976,-0.0952851540431,-0.035950239033300004,True
19614,980,14,0.009240656730389998,True,0.058889439342400006,True,-0.0566118076562,-0.08837004438719999,-0.0294806050448,True
19615,980,15,0.0317020892348,True,0.0559565768444,True,-0.057694535343500004,-0.0852079452015,-0.029251368357000002,True
19616,980,16,0.10344467870400001,True,0.0570215991258,True,-0.0550171837091,-0.0825525568897,-0.025530957763900002,True
19617,980,17,0.0142042125153,True,0.0561106543657,True,-0.0598549082477,-0.0873216764968,-0.0312110221311,True
19618,980,18,3.05365561248e-05,True,0.0570536992621,True,-0.06372304649680001,-0.09342081710030001,-0.03636711783819999,True
19619,980,19,0.05079507844719999,True,0.05478145508999999,True,-0.06571385388619999,-0.0926635781301,-0.03788212303999999,True
19620,981,0,15.299183358299999,False,0.136771818129,False,-0.047064987579300006,-0.116321255179,0.0204505629494,False
19621,981,1,22.246097680100004,False,0.103166762957,False,-0.032378983815200005,-0.08627939725369999,0.0168873657035,False
19622,981,2,5.85172586431,False,0.0872646506795,False,-0.0466611338845,-0.0917274890539,-0.0044628383743700005,True
19623,981,3,2.64539452134,False,0.0779693588165,True,-0.050526971989900006,-0.0879957560607,-0.010026397244200002,True
19624,981,4,5.714993494990001,False,0.07303219231819999,True,-0.0426445250095,-0.0776235739241,-0.0045913816059,True
19625,981,5,0.369176853724,False,0.07095718994260002,True,-0.0620565880726,-0.09841450872030001,-0.027457318777799996,True
19626,981,6,0.28531022987,True,0.0658525476843,True,-0.0530170334523,-0.0875850061608,-0.0217324584765,True
19627,981,7,3.41150692587,False,0.0663371279589,True,-0.04336459398609999,-0.0763768551215,-0.010039727162500001,True
19628,981,8,0.388994030841,False,0.062432344536100005,True,-0.054262985638499996,-0.0864102837217,-0.023977939185599997,True
19629,981,9,0.060615359199400004,True,0.0618760742572,True,-0.054660879304,-0.0863972162696,-0.024521142012400004,True
19630,981,10,0.08361204939189999,True,0.060051286977000004,True,-0.0582839526399,-0.0875600640979,-0.0275087771209,True
19631,981,11,1.51380800967e-07,True,0.059683140846100005,True,-0.063510871191,-0.09387238281160001,-0.034189241965400005,True
19632,981,12,0.10503066589500001,True,0.0595301116223,True,-0.0567187186707,-0.0863191685803,-0.026789056957999997,True
19633,981,13,0.251117831369,True,0.0586666215822,True,-0.0551805880206,-0.0829970166527,-0.024330395070599996,True
19634,981,14,0.109479110121,True,0.0589039778809,True,-0.0555467615255,-0.08484636763319998,-0.0259423897523,True
19635,981,15,0.0767917026512,True,0.057755942727499995,True,-0.0517783710496,-0.0796994416033,-0.021943498875799997,True
19636,981,16,0.41896295030999997,False,0.0563190882778,True,-0.0507364619432,-0.0781321771709,-0.0218130888931,True
19637,981,17,0.0010248349506099999,True,0.057791931648699994,True,-0.0567087217911,-0.087175071172,-0.029383139523200003,True
19638,981,18,0.187329461809,True,0.057123230073600005,True,-0.0556831980741,-0.0844539468841,-0.027330716810400002,True
19639,981,19,0.184414856021,True,0.0557855175668,True,-0.051719264424900005,-0.0792550241102,-0.023469506543400003,True
19640,982,0,34.343491190900004,False,0.13999591480499998,False,-0.0061406740237600005,-0.0750701208362,0.064925793969,False
19641,982,1,38.4717307223,False,0.109968831699,False,-0.0159516748429,-0.0717903780303,0.0381784536688,False
19642,982,2,44.9662031762,False,0.0904424842392,False,-0.011568139408799999,-0.058305875036500004,0.0321366092027,False
19643,982,3,16.0183365946,False,0.0779737114306,True,-0.0341736972578,-0.0718379024055,0.00613580902509,False
19644,982,4,9.94160929977,False,0.07100015191480001,True,-0.0356163820085,-0.0725331986716,-0.00153304675678,True
19645,982,5,0.396759837874,False,0.0691462874604,True,-0.0592534595622,-0.09446914647719999,-0.025322859016800002,True
19646,982,6,0.16752075227,True,0.0670967017169,True,-0.060100491514,-0.09360724383130001,-0.026510542114499998,True
19647,982,7,0.0224239157958,True,0.06490793974119999,True,-0.0657604420107,-0.09983695918539999,-0.034929019444199995,True
19648,982,8,0.276409729186,True,0.061979420117499996,True,-0.05873061927130001,-0.0890050444474,-0.0270256243298,True
19649,982,9,0.45825637523199997,False,0.0609283990776,True,-0.049798516810099995,-0.0799449092719,-0.0190165101943,True
19650,982,10,1.1183118648700001,False,0.0620884456975,True,-0.04716641596530001,-0.07845885009110001,-0.0163704043937,True
19651,982,11,0.756336559262,False,0.0587317748569,True,-0.0460293631369,-0.0744858552804,-0.0157540804235,True
19652,982,12,0.247165738422,True,0.0598734599813,True,-0.05164607183849999,-0.0824817090723,-0.0226082490911,True
19653,982,13,0.0194219894919,True,0.055981316929400005,True,-0.05449939836130001,-0.08253009330569999,-0.026548776376299998,True
19654,982,14,0.234947299593,True,0.0587718793036,True,-0.0517945227381,-0.0827933004219,-0.0240214211183,True
19655,982,15,0.0586883428962,True,0.0562622877476,True,-0.0518558338368,-0.0797826221732,-0.0235203344256,True
19656,982,16,0.223950477603,True,0.05566108375,True,-0.050743878306900005,-0.07788233772219999,-0.0222212539722,True
19657,982,17,0.121362991875,True,0.0574457317252,True,-0.05471610531190001,-0.0826841274421,-0.0252383957169,True
19658,982,18,0.0921943676386,True,0.0580756093468,True,-0.056536603537,-0.0860361283861,-0.0279605190393,True
19659,982,19,0.04215705471199999,True,0.0583424417266,True,-0.057316425239000005,-0.0867671318558,-0.0284246901292,True
19660,983,0,33.2585601258,False,0.138630030347,False,-0.015394500830200001,-0.0832089603247,0.0554210700225,False
19661,983,1,46.0703302269,False,0.105555600066,False,-0.008854701557399999,-0.0604125587395,0.0451430413266,False
19662,983,2,54.1428674546,False,0.09339195839749999,False,-0.0032853674063899998,-0.050549665258599996,0.0428422931389,False
19663,983,3,35.8156219421,False,0.0814824348835,False,-0.021857104277599997,-0.0652311215299,0.0162513133536,False
19664,983,4,20.9206296319,False,0.0732569721363,True,-0.0301359236766,-0.0687088911752,0.00454808096113,False
19665,983,5,9.79743452652,False,0.0693499436435,True,-0.036144570803699996,-0.0696847308569,-0.000334787213342,True
19666,983,6,5.66889444347,False,0.0687441515872,True,-0.0404812482037,-0.07571030458710001,-0.00696615299988,True
19667,983,7,2.4262988388099997,False,0.0636921755805,True,-0.0416738221816,-0.07349737153460001,-0.00980519595408,True
19668,983,8,0.10288266633899999,True,0.0629593805702,True,-0.0537084918408,-0.0828566721777,-0.0198972916075,True
19669,983,9,0.429543654838,False,0.0619295517141,True,-0.0500702887356,-0.0806140879552,-0.018684536241099996,True
19670,983,10,0.8050738927159999,False,0.062244660739699996,True,-0.0472237946748,-0.07791614490389999,-0.0156714841642,True
19671,983,11,1.25678653037,False,0.05669574562580001,True,-0.0463184791155,-0.0741326130348,-0.017436867409000002,True
19672,983,12,0.378063611296,False,0.0598190305913,True,-0.054366931159300004,-0.08506819589919999,-0.0252491653079,True
19673,983,13,0.00607389080919,True,0.0578791718846,True,-0.0602700370938,-0.08995089860819999,-0.032071726723599994,True
19674,983,14,1.58308953196e-06,True,0.0571416671583,True,-0.0656826019187,-0.0959567640803,-0.038815096922,True
19675,983,15,4.55343093142e-15,True,0.05617535042309999,True,-0.0659755474236,-0.0945907561465,-0.0384154057234,True
19676,983,16,0.0009029741550429999,True,0.0604920517753,True,-0.061994957093,-0.092325655645,-0.0318336038697,True
19677,983,17,3.57371081886e-05,True,0.057059531614499996,True,-0.0612731213732,-0.09146387856789999,-0.034404346953500003,True
19678,983,18,3.5498852755900004e-16,True,0.0557779374847,True,-0.0631671320744,-0.09020055421749999,-0.034422616732800004,True
19679,983,19,0.00046413308620899994,True,0.05564883396369999,True,-0.056599830244000005,-0.08322851469930001,-0.0275796807356,True
19680,984,0,3.22814773162,False,0.142336794057,False,-0.08140551978180001,-0.151255662347,-0.00891886828993,True
19681,984,1,1.00060764802,False,0.10499065068600001,False,-0.0754973607118,-0.127902727166,-0.022912076479000003,True
19682,984,2,2.11867010781,False,0.08895398164999999,False,-0.058009458559800005,-0.102381131513,-0.0134271498627,True
19683,984,3,1.45613437752,False,0.0802175693873,False,-0.0590043802031,-0.10127279874299999,-0.0210552293553,True
19684,984,4,1.6043786441299999,False,0.074513151359,True,-0.0533144609895,-0.0899108440333,-0.0153976926743,True
19685,984,5,0.811225911057,False,0.06973164069,True,-0.0530431151291,-0.0876890741054,-0.0179574334154,True
19686,984,6,0.600970608913,False,0.0668207867848,True,-0.0521831797858,-0.08511727148360002,-0.0182964846988,True
19687,984,7,2.06945038732,False,0.0629743665822,True,-0.04423829676300001,-0.0749627839549,-0.011988417372700002,True
19688,984,8,6.03903404018,False,0.0633698043798,True,-0.0385862902464,-0.07082565541119999,-0.00745585103139,True
19689,984,9,1.1786155018,False,0.061277302846,True,-0.044933170901499994,-0.07727351163160001,-0.0159962087856,True
19690,984,10,1.32500759317,False,0.0626842057264,True,-0.04771179970099999,-0.078658436585,-0.0159742308586,True
19691,984,11,0.218378009792,True,0.06032260219359999,True,-0.0504811550962,-0.07960859542939999,-0.0192859932358,True
19692,984,12,0.7247507355320001,False,0.0592279056324,True,-0.04786870000519999,-0.07696849691510001,-0.0177405912827,True
19693,984,13,0.9424120897130001,False,0.0582020218744,True,-0.0475287939152,-0.07792163861069999,-0.019719616736400002,True
19694,984,14,0.454988285955,False,0.06108997997980001,True,-0.050008567489599996,-0.082382052776,-0.0212920727962,True
19695,984,15,0.132426505065,True,0.057401200165800005,True,-0.0548759569295,-0.0836080498138,-0.026206849648,True
19696,984,16,0.13063921246500002,True,0.0578612382564,True,-0.05695055157480001,-0.0865514173138,-0.028690179057400005,True
19697,984,17,0.18646290868700002,True,0.057613780116400004,True,-0.054261489705099995,-0.08408895226770001,-0.0264751721513,True
19698,984,18,0.0007790351871110002,True,0.058499458948599994,True,-0.0556775744938,-0.08445789848200001,-0.0259584395334,True
19699,984,19,0.000845606306401,True,0.0551258273159,True,-0.054549442702599996,-0.0824493536421,-0.027323526326299998,True
19700,985,0,32.9847559876,False,0.13814141728499998,False,-0.0131438170105,-0.080877328442,0.0572640888434,False
19701,985,1,41.651403155,False,0.104292400416,False,-0.0115517289171,-0.0678914578951,0.0364009425213,False
19702,985,2,22.136024827399996,False,0.08536736913170001,False,-0.0313592183913,-0.07347013870180001,0.0118972304299,False
19703,985,3,7.453917687330001,False,0.0813767526628,False,-0.0419253904693,-0.08336650156280001,-0.00198974890009,True
19704,985,4,12.5169375882,False,0.07265819426910002,True,-0.0342705286308,-0.06928601456389999,0.00337217970519,False
19705,985,5,27.0266360779,False,0.0701814753259,True,-0.024025398973500003,-0.0573150149457,0.0128664603801,False
19706,985,6,9.64762560363,False,0.0667917857504,True,-0.0350695502854,-0.0688586454286,-0.0020668596781600003,True
19707,985,7,10.058362795599999,False,0.0639027228299,True,-0.0326361191215,-0.06634312154519999,-0.00244039871535,True
19708,985,8,8.04565804105,False,0.0607661257943,True,-0.0336333568808,-0.06378611331119999,-0.0030199875169000003,True
19709,985,9,8.12426372162,False,0.0644270975357,True,-0.0353041663414,-0.0693789013152,-0.004951803779520001,True
19710,985,10,2.93069707286,False,0.0604306763506,True,-0.0403685337625,-0.07096962261630001,-0.0105389462657,True
19711,985,11,3.8127379625699995,False,0.0599405849553,True,-0.0381909922959,-0.0662524242173,-0.00631183926205,True
19712,985,12,4.495354691919999,False,0.0585954849605,True,-0.0356396549791,-0.0642113648357,-0.005615879875189999,True
19713,985,13,6.473299312869999,False,0.05848207914530001,True,-0.0346731306189,-0.0655316250421,-0.00704954589686,True
19714,985,14,2.20222887509,False,0.0588145129999,True,-0.0405642024095,-0.0683057354726,-0.00949122247266,True
19715,985,15,3.34019912767,False,0.057743953353000005,True,-0.0390643325237,-0.069927976632,-0.0121840232789,True
19716,985,16,1.14847534815,False,0.0567273564187,True,-0.04275999087019999,-0.0710332906732,-0.0143059342545,True
19717,985,17,5.067671171040001,False,0.057463158944399996,True,-0.0361865668195,-0.0664462171554,-0.00898305821102,True
19718,985,18,3.7011624099000002,False,0.057513557383099996,True,-0.0371161024481,-0.0652464153228,-0.00773285793966,True
19719,985,19,1.71831534463,False,0.055672182186,True,-0.039825259361900005,-0.0659588191273,-0.0102866369413,True
19720,986,0,1.95670926087,False,0.13694010489,False,-0.0861956891742,-0.151360379094,-0.0144202742038,True
19721,986,1,10.7335229411,False,0.103210608146,False,-0.04584509482480001,-0.09813403211639998,0.00507657602916,False
19722,986,2,3.4986895349300005,False,0.0875425274997,False,-0.0534831906556,-0.0984194137713,-0.010876886271600002,True
19723,986,3,5.8483711653,False,0.0794584524528,True,-0.0451607402546,-0.0849397758293,-0.00548132337652,True
19724,986,4,26.4778575575,False,0.07410052251419999,True,-0.0258297071954,-0.0597639477023,0.014336574812,False
19725,986,5,16.060347064400002,False,0.07035536552760001,True,-0.0312190713909,-0.0674576493073,0.0028977162203099997,False
19726,986,6,26.2380896767,False,0.064515771,True,-0.023292279824799998,-0.0553044543403,0.00921131665968,False
19727,986,7,14.8765448126,False,0.0666473373482,True,-0.0299452439503,-0.0625352438964,0.00411209345177,False
19728,986,8,20.511314639200002,False,0.0613810083501,True,-0.0265058855498,-0.0576506438187,0.00373036453141,False
19729,986,9,9.6458996395,False,0.0604935783139,True,-0.0323994561461,-0.0627275768993,-0.0022339985854000002,True
19730,986,10,2.2209354139900004,False,0.06110786930380001,True,-0.042234599984599996,-0.0717905322774,-0.010682662973499998,True
19731,986,11,3.89304431495,False,0.0612083830681,True,-0.0396679954101,-0.06997060424330001,-0.008762221175200001,True
19732,986,12,0.792600706055,False,0.059594933683400006,True,-0.048009280986,-0.0786316953232,-0.0190367616398,True
19733,986,13,1.17860019769,False,0.0578056775567,True,-0.0467752585041,-0.0768417820367,-0.01903610448,True
19734,986,14,0.419702860037,False,0.056446379492300004,True,-0.0489756309523,-0.0762113282055,-0.0197649487131,True
19735,986,15,0.137691009327,True,0.056979402574699994,True,-0.0495411684607,-0.0770422009056,-0.0200627983309,True
19736,986,16,0.667708360656,False,0.0579159881782,True,-0.047860628964800006,-0.07523931565830001,-0.017323327480099997,True
19737,986,17,0.360672493442,False,0.0566696153111,True,-0.047552175981,-0.0748043592377,-0.0181347439266,True
19738,986,18,0.169803561901,True,0.0564062148584,True,-0.0496517072171,-0.07889436605389999,-0.0224881511956,True
19739,986,19,0.13514292700799999,True,0.05438671745780001,True,-0.0510873164441,-0.0778875243488,-0.023500806891000002,True
19740,987,0,4.4443565862900005,False,0.138051492575,False,-0.0741468007912,-0.144718421806,-0.006666929231930001,True
19741,987,1,1.0413494269799999,False,0.102194736186,False,-0.07366231309610001,-0.123722896241,-0.0215281600545,True
19742,987,2,1.17230031517,False,0.09029556255589999,False,-0.0666138782762,-0.11042186179300001,-0.0201262992369,True
19743,987,3,0.347197023415,False,0.0837065305547,False,-0.07133858675160001,-0.11666059408299999,-0.0329540635281,True
19744,987,4,1.05136083289,False,0.07449724221260001,True,-0.05598867186459999,-0.09373498285319999,-0.019237740640599996,True
19745,987,5,2.2255636431,False,0.06997983594320001,True,-0.048340690971300004,-0.0820036805643,-0.0120238446211,True
19746,987,6,2.33068906687,False,0.0675365095285,True,-0.045442597994,-0.08001008564949999,-0.0124735761209,True
19747,987,7,10.997920586500001,False,0.0640730855535,True,-0.0321181883476,-0.0638925201289,0.000180565424676,False
19748,987,8,4.60824542336,False,0.06335666831680001,True,-0.039511248562300004,-0.070475883333,-0.00711921501619,True
19749,987,9,8.61956642239,False,0.0628197537829,True,-0.0337477184636,-0.06492253047799999,-0.00210277669518,True
19750,987,10,6.003711862209999,False,0.0612316478906,True,-0.035567051658099993,-0.0656258721903,-0.00439422429973,True
19751,987,11,7.45952763512,False,0.0601807942296,True,-0.0349975673278,-0.0654464856645,-0.0052656914348299996,True
19752,987,12,2.53253546901,False,0.0595167804243,True,-0.0420971335322,-0.0738745214784,-0.0143577410541,True
19753,987,13,1.74987430907,False,0.0598583491763,True,-0.046323165526,-0.074814670877,-0.014956321700600001,True
19754,987,14,0.413691621449,False,0.0578116571507,True,-0.0473154280034,-0.07716603577060001,-0.019354378619799998,True
19755,987,15,0.20026050837200002,True,0.0566037210286,True,-0.05297345253769999,-0.08218026271619999,-0.0255765416876,True
19756,987,16,0.015367142419200001,True,0.056285976924,True,-0.055661932073,-0.0853251228668,-0.0290391459428,True
19757,987,17,0.17274944256299998,True,0.059455049014,True,-0.0567781542131,-0.08691653394750001,-0.0274614849335,True
19758,987,18,0.004776741061109999,True,0.056516517199099996,True,-0.0578392085288,-0.08598396850710001,-0.029467451308,True
19759,987,19,2.4549954038900003e-10,True,0.05566717709559999,True,-0.06068882458119999,-0.0881817581719,-0.0325145810762,True
19760,988,0,3.0855650903099994,False,0.14391425517,False,-0.0800267454205,-0.148191022616,-0.00427676744599,True
19761,988,1,5.6278249017299995,False,0.103983617956,False,-0.0564924717893,-0.110177843991,-0.00619422603516,True
19762,988,2,11.262068141199999,False,0.08909025422430002,False,-0.0403047578395,-0.0847032250647,0.004387029159640001,False
19763,988,3,0.580268808888,False,0.0760710654825,True,-0.06381943125640001,-0.104685097516,-0.0286140320338,True
19764,988,4,1.11945715641,False,0.07462784578939999,True,-0.0584695791478,-0.095435030929,-0.0208071851396,True
19765,988,5,0.937729777122,False,0.0685075077686,True,-0.0525254658044,-0.08823522213339999,-0.0197277143648,True
19766,988,6,2.3350248746099997,False,0.0666035209571,True,-0.0462535437522,-0.0796724890519,-0.013068968094799998,True
19767,988,7,0.022491352748099998,True,0.06556025086730001,True,-0.0565131322083,-0.09002296739489998,-0.0244627165276,True
19768,988,8,0.000105098436232,True,0.0628303348525,True,-0.0625478186533,-0.09300291914889999,-0.030172584296499997,True
19769,988,9,0.0194324299312,True,0.061498836828500006,True,-0.0663295536467,-0.0968460355872,-0.035347198758699995,True
19770,988,10,0.05897590203,True,0.060959008086,True,-0.0590773800746,-0.09094541745089998,-0.0299864093648,True
19771,988,11,0.326989407694,True,0.060208873757,True,-0.0536038211716,-0.0828534227852,-0.0226445490282,True
19772,988,12,0.2365246527,True,0.060089378372099995,True,-0.054906206234,-0.08485442111960001,-0.024765042747499997,True
19773,988,13,0.260434059344,True,0.0580144655481,True,-0.04989081566840001,-0.0776334851263,-0.0196190195782,True
19774,988,14,0.830449779887,False,0.0581910132051,True,-0.0474531811094,-0.07723977407430001,-0.0190487608692,True
19775,988,15,2.52016909905,False,0.0562472019588,True,-0.04156602168,-0.07024627918069999,-0.013999077221899999,True
19776,988,16,1.14166975994,False,0.055111222414999994,True,-0.043505401374599996,-0.0712810038183,-0.0161697814033,True
19777,988,17,0.213025060806,True,0.0558196243911,True,-0.0519070532054,-0.0809555666232,-0.0251359422322,True
19778,988,18,0.0586991855389,True,0.05606407001569999,True,-0.0561041367054,-0.08519006837109999,-0.029125998355400005,True
19779,988,19,0.0340766698989,True,0.055279059635199995,True,-0.052111586110000004,-0.0801212880142,-0.024842228379000002,True
19780,989,0,33.6034603794,False,0.13961687386,False,-0.0077183371915899995,-0.0761522889792,0.0634645848807,False
19781,989,1,47.5618834006,False,0.0993704997408,False,-0.00535546914857,-0.0576444893008,0.041726010439999996,False
19782,989,2,44.170584019799996,False,0.08694234632000002,False,0.0121546198178,-0.032863832034299996,0.05407851428569999,False
19783,989,3,58.1011807734,False,0.0793729600223,True,-0.0015028065307999999,-0.0409531157047,0.0384198443177,False
19784,989,4,57.8587146704,False,0.0701992618429,True,-0.0104597291495,-0.045400170964599994,0.0247990908784,False
19785,989,5,64.5042995293,False,0.0691674879795,True,0.0015236699977,-0.0331913251491,0.0359761628304,False
19786,989,6,49.3914583769,False,0.0654408511147,True,-0.014860513840399998,-0.0471427248064,0.018298126308299998,False
19787,989,7,49.8115615354,False,0.0653420528011,True,-0.0141937866438,-0.0456037830979,0.0197382697032,False
19788,989,8,65.0042017059,False,0.063174806223,True,-0.00828262456971,-0.039456714060900004,0.023718092162099996,False
19789,989,9,49.4421431214,False,0.061537430585599996,True,-0.0154634136156,-0.048105348417300006,0.013432082168299999,False
19790,989,10,63.957966189,False,0.0611747873229,True,-0.010753451039400001,-0.0396230287407,0.021551758582200004,False
19791,989,11,39.485263992600004,False,0.05985286646790001,True,-0.017972894534599996,-0.0476534742468,0.0121993922211,False
19792,989,12,22.261621640599998,False,0.0575329476993,True,-0.0250597769125,-0.053627347020300004,0.0039056006789800002,False
19793,989,13,13.1242844348,False,0.0575124559966,True,-0.0289229533066,-0.057151489364999995,0.000360966631602,False
19794,989,14,12.4847600004,False,0.05877105675680001,True,-0.030130608406099997,-0.059728616880700004,-0.0009575601239229999,True
19795,989,15,19.7711396402,False,0.057434668203499996,True,-0.025990052364,-0.0531665057583,0.00426816244517,False
19796,989,16,11.9290327569,False,0.0573689438837,True,-0.029803547017099998,-0.0584519246871,-0.00108298080335,True
19797,989,17,11.0864879921,False,0.059178875537,True,-0.0309708233077,-0.060340639713699996,-0.00116176417672,True
19798,989,18,2.92447302925,False,0.0577441899981,True,-0.037788959874900004,-0.06525165062999999,-0.0075074606319600005,True
19799,989,19,1.87096772184,False,0.0556282874171,True,-0.0408494880772,-0.06875230621469999,-0.0131240187976,True
19800,990,0,33.3305423621,False,0.149447329799,False,0.00274288216699,-0.0750497240524,0.07439760574649999,False
19801,990,1,34.0302846982,False,0.106444717833,False,-0.0200406523423,-0.0747451488885,0.03169956894459999,False
19802,990,2,14.425609151700002,False,0.0874273952091,False,-0.0377750757372,-0.0803422794907,0.00708511571839,False
19803,990,3,10.4247350997,False,0.079776828737,True,-0.0393712630142,-0.080206477023,-0.00042964828599599997,True
19804,990,4,5.04396304212,False,0.0734252412924,True,-0.042971036172599994,-0.0808213070878,-0.007396065795409999,True
19805,990,5,1.5068892484399998,False,0.0691000368915,True,-0.04865921663380001,-0.08333763807030001,-0.014237601178899998,True
19806,990,6,0.339672298427,False,0.0653552465635,True,-0.053694306266999996,-0.08590420076659999,-0.0205489542031,True
19807,990,7,0.116292264569,True,0.0655458950356,True,-0.0628195328534,-0.09661206500160001,-0.0310661699659,True
19808,990,8,0.14503800747099999,True,0.0617005353146,True,-0.055714004927199995,-0.0856426881538,-0.023942152839200002,True
19809,990,9,0.0744821204713,True,0.05954615722230001,True,-0.0598842676322,-0.08849795043839999,-0.0289517932161,True
19810,990,10,0.018716488512099998,True,0.0603409154206,True,-0.05800976315669999,-0.08813459477880001,-0.027793679358200003,True
19811,990,11,3.49132856993e-05,True,0.056073263816,True,-0.059373620560800006,-0.08774882330080001,-0.0316755594848,True
19812,990,12,0.0763510111253,True,0.0583833303545,True,-0.055942846698199995,-0.0855028844592,-0.0271195541047,True
19813,990,13,0.107515459808,True,0.060765505353100005,True,-0.0571051082314,-0.0875688552153,-0.026803349862099996,True
19814,990,14,0.107833316961,True,0.057826918407899996,True,-0.0581089262871,-0.08618047573010001,-0.0283535573222,True
19815,990,15,9.53569479403e-05,True,0.057894041107299996,True,-0.06621886408149999,-0.0945314182532,-0.0366373771459,True
19816,990,16,6.716892469219998e-20,True,0.0545745090315,True,-0.0701074008351,-0.0965327011078,-0.0419581920763,True
19817,990,17,2.7188460276499996e-29,True,0.05704123102749999,True,-0.0779944597027,-0.106270704498,-0.0492294734706,True
19818,990,18,2.69342831019e-32,True,0.057087231940000004,True,-0.0793292645388,-0.109179191832,-0.052091959891599995,True
19819,990,19,1.02798028547e-24,True,0.054348215438199995,True,-0.08090417418269999,-0.10745050931399999,-0.0531022938755,True
19820,991,0,14.8469768627,False,0.140559145222,False,-0.047540884306300005,-0.12236779536499999,0.018191349856799998,False
19821,991,1,3.28688356473,False,0.102544272495,False,-0.0611359660956,-0.111423469065,-0.00887919656966,True
19822,991,2,0.875930497564,False,0.0892646242285,False,-0.069299460681,-0.11578486625,-0.0265202420215,True
19823,991,3,0.10943669074899999,True,0.0807874845044,False,-0.07559766941150001,-0.116473685415,-0.0356862009109,True
19824,991,4,0.217565227538,True,0.07400741127510001,True,-0.0694339193223,-0.10656339422800001,-0.032555982952799996,True
19825,991,5,0.251953236904,True,0.07028425218230001,True,-0.060494779541800006,-0.09638714714060001,-0.026102894958200003,True
19826,991,6,2.44068166459,False,0.0661771218424,True,-0.0465883427284,-0.0792944659249,-0.013117344082500001,True
19827,991,7,0.6810623487999999,False,0.0633584946815,True,-0.0501677737207,-0.0826014408941,-0.0192429462126,True
19828,991,8,0.0008940624584860001,True,0.0647053049859,True,-0.0646509064005,-0.096816764435,-0.0321114594491,True
19829,991,9,0.00112330804262,True,0.06226367413380001,True,-0.0691566157679,-0.0997945051759,-0.0375308310421,True
19830,991,10,3.0646091118099995e-10,True,0.061529004399499994,True,-0.0739014626877,-0.105263445437,-0.0437344410374,True
19831,991,11,3.09453256006e-14,True,0.058229597693099995,True,-0.07729726780019999,-0.105027111733,-0.0467975140395,True
19832,991,12,0.00469286872184,True,0.058954773862899996,True,-0.06864441489869999,-0.0987440228437,-0.0397892489808,True
19833,991,13,5.2342907426299996e-23,True,0.0589954301679,True,-0.07497913988689998,-0.103200517276,-0.044205087108500005,True
19834,991,14,3.60305127808e-14,True,0.0566934300351,True,-0.0753351049429,-0.104512718802,-0.0478192887665,True
19835,991,15,1.22297309695e-22,True,0.056896770041500004,True,-0.0763151294097,-0.10588059920199999,-0.04898382916019999,True
19836,991,16,8.16962931694e-27,True,0.056254581873399996,True,-0.0803853493189,-0.108651519693,-0.0523969378198,True
19837,991,17,1.6005915044299998e-25,True,0.0562649816988,True,-0.078109594995,-0.105937379466,-0.049672397767000005,True
19838,991,18,5.18381496738e-23,True,0.0593225467407,True,-0.0824647586725,-0.11158980605,-0.052267259309,True
19839,991,19,1.64417369575e-20,True,0.056415490583300004,True,-0.0817288559189,-0.107907350656,-0.0514918600727,True
19840,992,0,18.7586684724,False,0.138911685674,False,-0.040449348585599995,-0.11061352325,0.028298162423900004,False
19841,992,1,18.4987936666,False,0.105403979308,False,-0.0380077759898,-0.0896917210283,0.0157122582797,False
19842,992,2,13.473439678699998,False,0.0881323459819,False,-0.037453102576800006,-0.08162789358639999,0.0065044523954700005,False
19843,992,3,16.389241912,False,0.0807630844323,False,-0.03512879939019999,-0.073381101844,0.00738198258834,False
19844,992,4,8.00138273656,False,0.074223764445,True,-0.0402912964489,-0.07592353856789999,-0.0016997741228599998,True
19845,992,5,3.02922952593,False,0.06832795464380001,True,-0.0447921723374,-0.0783340175355,-0.010006062891700002,True
19846,992,6,1.4902507512799998,False,0.0687417457613,True,-0.0494558033444,-0.085009979218,-0.0162682334567,True
19847,992,7,0.822428622708,False,0.0671817096072,True,-0.050802447304,-0.0834304923923,-0.016248782785100002,True
19848,992,8,0.806108879013,False,0.0623825633457,True,-0.0527804305475,-0.08360181883939999,-0.0212192554937,True
19849,992,9,0.0426177454246,True,0.06379942390219999,True,-0.05764574224780001,-0.09019878184910002,-0.026399357946900005,True
19850,992,10,0.125511852188,True,0.0593934742984,True,-0.054171890183600004,-0.0835442699193,-0.0241507956209,True
19851,992,11,0.7687503588150001,False,0.0593460587627,True,-0.046884842381600005,-0.0762146310487,-0.0168685722861,True
19852,992,12,0.212888305834,True,0.0583717348987,True,-0.0578109354528,-0.0864973765931,-0.0281256416945,True
19853,992,13,0.188532072817,True,0.0581564602001,True,-0.0536220791661,-0.0829077069807,-0.0247512467807,True
19854,992,14,0.24293343004700002,True,0.056491774253400004,True,-0.051750424911699996,-0.080203174339,-0.0237114000855,True
19855,992,15,0.074621306891,True,0.0573118114477,True,-0.052180004506,-0.07977130017680001,-0.0224594887291,True
19856,992,16,0.0012371244906900002,True,0.0576255322485,True,-0.0575019851816,-0.08814998650219999,-0.0305244542537,True
19857,992,17,2.89638038242e-05,True,0.0563562990807,True,-0.0607522551459,-0.08989540114229999,-0.0335391020616,True
19858,992,18,0.00280986817888,True,0.0556732280508,True,-0.0607957220725,-0.08797717062619999,-0.0323039425753,True
19859,992,19,0.0008610603732780001,True,0.0547346822463,True,-0.060553329334000004,-0.08656681460660001,-0.0318321323603,True
19860,993,0,24.1206153701,False,0.141192556465,False,-0.0321215719588,-0.105200593671,0.035991962794,False
19861,993,1,5.529822103280001,False,0.106231970538,False,-0.0571943423703,-0.10888377501700001,-0.00265180447907,True
19862,993,2,4.09550103151,False,0.0911951297339,False,-0.0538959888243,-0.10329660261700001,-0.0121014728836,True
19863,993,3,2.9801620540499996,False,0.080539385734,False,-0.051300005264099995,-0.0891919323307,-0.00865254659666,True
19864,993,4,2.0855652943900003,False,0.0745210923851,True,-0.04976593902030001,-0.0855174259046,-0.0109963335194,True
19865,993,5,0.227872352923,True,0.0713475011961,True,-0.0575881473195,-0.0938867173797,-0.022539216183599997,True
19866,993,6,1.4777987306799998,False,0.069061687517,True,-0.0486799942839,-0.0818591266009,-0.012797439084,True
19867,993,7,0.156410622055,True,0.0631994333693,True,-0.0581544914011,-0.0917772163255,-0.0285777829562,True
19868,993,8,0.151595714583,True,0.0618643272919,True,-0.0566536280602,-0.08745918679589999,-0.025594859504,True
19869,993,9,1.9359984994599998e-10,True,0.0641684462796,True,-0.07096616216860001,-0.101926819235,-0.0377583729551,True
19870,993,10,0.139886438592,True,0.06096451201690001,True,-0.0689216591565,-0.100059037798,-0.0390945257806,True
19871,993,11,1.73402207929e-05,True,0.0614003306924,True,-0.0687774471062,-0.100212660057,-0.0388123293643,True
19872,993,12,1.68331161605e-11,True,0.058885244067099995,True,-0.068733517743,-0.09929002115980001,-0.040404777092699996,True
19873,993,13,3.6467940481999996e-07,True,0.057157101870200004,True,-0.0669819907267,-0.09606743406749998,-0.0389103321974,True
19874,993,14,4.94306625415e-15,True,0.058113057784,True,-0.0682457882715,-0.09763732216839999,-0.0395242643844,True
19875,993,15,3.22977882405e-09,True,0.055905668979000005,True,-0.0700585538434,-0.09889142082010001,-0.042985751841,True
19876,993,16,2.18530632369e-09,True,0.0569386421549,True,-0.07192741568130001,-0.09972390107739999,-0.04278525892249999,True
19877,993,17,4.05691742184e-17,True,0.056601399633599996,True,-0.07475105614569999,-0.103319584462,-0.04671818482890001,True
19878,993,18,0.00102282295653,True,0.0564249943791,True,-0.0731358662624,-0.101759107345,-0.0453341129656,True
19879,993,19,3.5469488170599996e-10,True,0.0575255593633,True,-0.07106918814560001,-0.09907081858160001,-0.0415452592184,True
19880,994,0,28.4158658008,False,0.143491675152,False,-0.018915581753900002,-0.0936196010395,0.049872074112599994,False
19881,994,1,18.6465715115,False,0.105678992709,False,-0.035495829037,-0.08694651102590001,0.018732481683400002,False
19882,994,2,3.42592207209,False,0.08845949026620001,False,-0.053925638466800006,-0.09871167203,-0.0102521817638,True
19883,994,3,3.19647514417,False,0.08004488936319999,False,-0.0514881846495,-0.0920149691274,-0.0119700797642,True
19884,994,4,0.850443042088,False,0.0760272191581,True,-0.05526611844650001,-0.0922939971419,-0.0162667779838,True
19885,994,5,0.962930079666,False,0.0700786835906,True,-0.055015916727499996,-0.0888454211802,-0.0187667375896,True
19886,994,6,1.5606581740399998,False,0.06963755799160001,True,-0.049246698255699994,-0.083292918135,-0.013655360143299999,True
19887,994,7,1.6592250929199999,False,0.0668291165173,True,-0.046770162211,-0.0793420804464,-0.012512963929099999,True
19888,994,8,2.83748512958,False,0.0627465307142,True,-0.0437559613454,-0.07502557792289999,-0.0122790472088,True
19889,994,9,0.5620589621750001,False,0.062239505895800004,True,-0.0490511868132,-0.07910422099219999,-0.0168647150964,True
19890,994,10,0.153481614405,True,0.0596626163049,True,-0.0579551433679,-0.08858411794710001,-0.0289215016422,True
19891,994,11,0.00571721912286,True,0.0588282227599,True,-0.0604616675942,-0.0899225175209,-0.031094294761,True
19892,994,12,0.0501428728978,True,0.05798875936700001,True,-0.0623173907323,-0.09229433936339998,-0.0343055799964,True
19893,994,13,1.95345108308e-06,True,0.0583817149645,True,-0.0614638555746,-0.0910359070401,-0.0326541920756,True
19894,994,14,0.048845172015899996,True,0.0576407003151,True,-0.057742445771199996,-0.0874105060105,-0.0297698056954,True
19895,994,15,5.31754770458e-05,True,0.0554817296701,True,-0.0624962992349,-0.09095088632039999,-0.0354691566502,True
19896,994,16,0.0019180585430400002,True,0.0570480546469,True,-0.0597030497953,-0.0886177663821,-0.0315697117352,True
19897,994,17,5.791519018909999e-09,True,0.0563918469606,True,-0.0637573505035,-0.09121822727949999,-0.0348263803189,True
19898,994,18,1.56945083331e-09,True,0.0570018465299,True,-0.0663432813684,-0.0949155610949,-0.037913714565,True
19899,994,19,7.456935589770001e-11,True,0.0578870318795,True,-0.0666874318908,-0.09529609119239998,-0.0374090593129,True
19900,995,0,33.6727540727,False,0.138237333588,False,0.006902372441819999,-0.0640463388609,0.0741909947274,False
19901,995,1,19.4690393069,False,0.103903288147,False,-0.0357947614923,-0.08539083454150001,0.0185124536053,False
19902,995,2,14.1998294625,False,0.0913309713666,False,-0.0385739962471,-0.08312591392350001,0.00820505744314,False
19903,995,3,17.1910285515,False,0.0816466908955,False,-0.032572493705000004,-0.072794690434,0.00885200046149,False
19904,995,4,32.3293510584,False,0.0774640936782,True,-0.023675515098799997,-0.06329430953859999,0.014169784139600001,False
19905,995,5,22.9383627606,False,0.0714673580415,True,-0.0267399960021,-0.0617034682935,0.009763889748049998,False
19906,995,6,11.316501603499999,False,0.0678888297183,True,-0.0338649849553,-0.0673969429291,0.000491886789191,False
19907,995,7,8.33095742352,False,0.0644347986181,True,-0.0353083143943,-0.0680522501152,-0.00361745149707,True
19908,995,8,2.54378084521,False,0.0645718869238,True,-0.045253929639599996,-0.0782280928425,-0.013656205918799999,True
19909,995,9,5.43960106663,False,0.061057566632199994,True,-0.035668201233099994,-0.06723452901959999,-0.0061769623873900005,True
19910,995,10,7.986837078300001,False,0.061098785772900004,True,-0.0341725474558,-0.0628638756559,-0.001765089883,True
19911,995,11,2.54641200897,False,0.0590997939322,True,-0.042900101639300005,-0.0720253568651,-0.0129255629329,True
19912,995,12,0.605007574047,False,0.0603466984263,True,-0.0485102132103,-0.07871987894780001,-0.0183731805215,True
19913,995,13,0.493899541888,False,0.0599210820577,True,-0.052695596562,-0.0825562376817,-0.022635155624,True
19914,995,14,0.0867414317312,True,0.057914005299399995,True,-0.0543252319042,-0.08387686841410001,-0.0259628631146,True
19915,995,15,0.37452052655400003,False,0.057797989413199996,True,-0.0487890405356,-0.0774881171864,-0.019690127773200002,True
19916,995,16,0.196579219468,True,0.057370979017500004,True,-0.055216961919900005,-0.083113096097,-0.025742117079500002,True
19917,995,17,2.2995218344e-08,True,0.0568582554051,True,-0.0635688989925,-0.091899471799,-0.0350412163939,True
19918,995,18,6.869771591149999e-11,True,0.0565770339898,True,-0.062010816549500004,-0.09059126257760002,-0.0340142285878,True
19919,995,19,0.00012064029762200001,True,0.0550962947766,True,-0.06740924689910001,-0.09322845634230001,-0.0381321615658,True
19920,996,0,24.626157167800002,False,0.139758055628,False,-0.0310556001033,-0.10048317514699999,0.039274880481300005,False
19921,996,1,13.073018507899999,False,0.103090305267,False,-0.043911145563099996,-0.0971006722638,0.005989633003479999,False
19922,996,2,8.84236532933,False,0.08752279966219999,False,-0.042103912620599995,-0.0881882913382,-0.000665491676,True
19923,996,3,31.289251754299997,False,0.081539603699,False,-0.025014470831,-0.063016138949,0.01852346475,False
19924,996,4,47.9128615673,False,0.0736102136659,True,-0.014879148552700002,-0.05190215363509999,0.021708060030799996,False
19925,996,5,23.972708006399998,False,0.0728017600791,True,-0.0263269066528,-0.062467431843099996,0.010334328236100001,False
19926,996,6,9.234415984410001,False,0.0673416341096,True,-0.0355164947749,-0.0702139130058,-0.00287227889626,True
19927,996,7,12.866210923399999,False,0.0633916623983,True,-0.0314092918419,-0.0612496976985,0.0021419646997999997,False
19928,996,8,15.708871796099999,False,0.0628925120434,True,-0.029016599410700002,-0.0611377401077,0.00175477193567,False
19929,996,9,9.910952221799999,False,0.06112686350930001,True,-0.031347968555700004,-0.0610627472664,6.4116242887e-05,False
19930,996,10,13.678989288299999,False,0.0603659666498,True,-0.029489873752900003,-0.060144452565,0.00022151408482700002,False
19931,996,11,2.96660815797,False,0.05815155491119999,True,-0.039211702825099996,-0.0673827247488,-0.009231169837610001,True
19932,996,12,1.38653549597,False,0.0588402539157,True,-0.0413171357634,-0.06958929961730001,-0.0107490457016,True
19933,996,13,3.0497587811799995,False,0.05764079356480001,True,-0.039635950944800005,-0.0694896777227,-0.011848884157899999,True
19934,996,14,6.97851669065,False,0.0596349441431,True,-0.0352008916428,-0.0658537628826,-0.00621881873942,True
19935,996,15,2.72423763875,False,0.0556919011167,True,-0.0382578412005,-0.0654956030551,-0.00980370193844,True
19936,996,16,3.3787316287099998,False,0.0583245623206,True,-0.038740156988800005,-0.0679185164442,-0.009593954123540001,True
19937,996,17,2.2597765086000003,False,0.0572850153385,True,-0.039534506606099994,-0.0679101212234,-0.0106251058849,True
19938,996,18,4.52134485342,False,0.0553436790331,True,-0.0369115825241,-0.0651471809202,-0.009803501887110001,True
19939,996,19,5.07230178645,False,0.0575986631903,True,-0.036501914580199996,-0.0645232515951,-0.0069245884048000006,True
19940,997,0,28.0024403198,False,0.138169615559,False,-0.021506956943599997,-0.0876096582866,0.0505599572726,False
19941,997,1,41.8828893252,False,0.108085502609,False,0.00865874672639,-0.0460404010804,0.0620451015285,False
19942,997,2,46.440326276899995,False,0.088497815975,False,-0.0139848346666,-0.056923502976599996,0.0315743129984,False
19943,997,3,57.067657421899995,False,0.07969211489639999,True,-0.00496701789184,-0.044900947460099996,0.0347911674363,False
19944,997,4,60.6475502529,False,0.0731061710213,True,0.0068441093310799995,-0.0285461452708,0.0445600257504,False
19945,997,5,67.9828557343,False,0.0679622973937,True,-0.00551039479803,-0.0384381066033,0.0295241907904,False
19946,997,6,58.147082456899994,False,0.0665387467368,True,-0.0121859163536,-0.0467855564671,0.0197531902697,False
19947,997,7,36.4996818886,False,0.0657207945688,True,-0.0199731086038,-0.0524212001148,0.013299594454,False
19948,997,8,25.9089516588,False,0.0636653698539,True,-0.024821497383500004,-0.058034379195499995,0.005630990658409999,False
19949,997,9,38.0091152699,False,0.0642602706978,True,-0.019562973410900002,-0.051136471597699996,0.013123799100200001,False
19950,997,10,23.51456411,False,0.0605393218269,True,-0.0239359858998,-0.0537527940282,0.00678652779863,False
19951,997,11,20.6927646719,False,0.059132134553300006,True,-0.0254647650533,-0.054352265332899996,0.00477986922038,False
19952,997,12,2.7377596978900005,False,0.0579607578868,True,-0.0386914876159,-0.0649245525363,-0.00696379464947,True
19953,997,13,2.6514180804799996,False,0.059372228426400005,True,-0.03889630233,-0.0687187829227,-0.00934655449631,True
19954,997,14,4.156645064559999,False,0.0592904127825,True,-0.0385986064348,-0.0670838500199,-0.00779343723737,True
19955,997,15,2.11074284327,False,0.0588766628866,True,-0.042740809091,-0.0737826138189,-0.0149059509323,True
19956,997,16,0.368120752736,False,0.058469980797800004,True,-0.0489927360471,-0.0773652966254,-0.0188953158276,True
19957,997,17,0.734593415855,False,0.0549671409625,True,-0.045574020315699994,-0.0719114082834,-0.0169442673209,True
19958,997,18,0.265307807321,True,0.0568215304659,True,-0.048563304198099996,-0.0780976731718,-0.021276142705900003,True
19959,997,19,0.312750819164,True,0.05549757730830001,True,-0.0478675004964,-0.0760475864699,-0.0205500091616,True
19960,998,0,5.455584550169999,False,0.146343551173,False,-0.0729314050355,-0.143785496361,0.00255805481178,False
19961,998,1,13.17461003,False,0.105329348129,False,-0.0443700145421,-0.09898991115260002,0.0063394369763,False
19962,998,2,1.24803831106,False,0.0920124070421,False,-0.06385574941819999,-0.106380876534,-0.0143684694921,True
19963,998,3,0.646041199208,False,0.0776843698856,True,-0.057968161491700004,-0.0983055789143,-0.020621209028700002,True
19964,998,4,1.17486260264,False,0.0732796190239,True,-0.0552554297834,-0.0917268366557,-0.0184472176318,True
19965,998,5,1.46480188833,False,0.06980097652919999,True,-0.0515563574409,-0.08482849244969999,-0.015027515920599999,True
19966,998,6,5.266041841680001,False,0.06847397424269999,True,-0.0411740931035,-0.07518454996730001,-0.006710575724619999,True
19967,998,7,1.20367839429,False,0.0641924923796,True,-0.047094713176999994,-0.0782783436751,-0.0140858512955,True
19968,998,8,5.018605887240001,False,0.0624134478986,True,-0.0367612400317,-0.06802324881369999,-0.00560980091515,True
19969,998,9,1.4179187522799999,False,0.06267262582069999,True,-0.046436028704300004,-0.07760772927660001,-0.0149351034559,True
19970,998,10,0.247533995605,True,0.0597786268734,True,-0.052590402001800006,-0.0808327800797,-0.0210541532063,True
19971,998,11,0.457593669526,False,0.0606890280688,True,-0.050487659582,-0.08128096964119999,-0.0205919415724,True
19972,998,12,0.258103545531,True,0.0591370436794,True,-0.050637977736099994,-0.08170719216289998,-0.022570148483500002,True
19973,998,13,0.47045991041999996,False,0.0571477502332,True,-0.050874100234000005,-0.0797519831262,-0.022604232893,True
19974,998,14,0.00785360831195,True,0.0595683983432,True,-0.0593815151067,-0.0884456095421,-0.0288772111989,True
19975,998,15,1.15175561961e-08,True,0.0557237805371,True,-0.062592072769,-0.0917119249598,-0.0359881444228,True
19976,998,16,2.1009884861900002e-07,True,0.0566320188437,True,-0.0705011864405,-0.0992922266142,-0.042660207770499996,True
19977,998,17,5.841192950770001e-19,True,0.055543144654199995,True,-0.06995076979550001,-0.0982081092842,-0.0426649646301,True
19978,998,18,7.47507191976e-22,True,0.0559487505189,True,-0.0759777759468,-0.105651562383,-0.0497028118645,True
19979,998,19,2.4645735628799996e-20,True,0.0568826505124,True,-0.0800964311511,-0.108666758883,-0.0517841083702,True
19980,999,0,2.0548780072099997,False,0.14151600094900002,False,-0.087493098195,-0.15641040784600002,-0.014894406896600001,True
19981,999,1,15.0465347129,False,0.10600796976299999,False,-0.0418332944759,-0.09638668010269999,0.00962128966004,False
19982,999,2,12.8020846876,False,0.08953188702019999,False,-0.0400334837071,-0.0837838491008,0.00574803791943,False
19983,999,3,15.5344839993,False,0.08091572314189999,False,-0.0344162557733,-0.0761906658792,0.00472505726275,False
19984,999,4,47.3789167212,False,0.07325167986469999,True,-0.015455447338799999,-0.0530160614184,0.0202356184462,False
19985,999,5,29.7001968496,False,0.0689629867455,True,-0.024445261340900002,-0.0598171676765,0.00914581906904,False
19986,999,6,39.082459272,False,0.06707682543719999,True,-0.0180199914885,-0.0499093780736,0.0171674473636,False
19987,999,7,36.5225309734,False,0.064481564261,True,-0.020666505371700002,-0.053736096979900005,0.0107454672812,False
19988,999,8,19.7661384523,False,0.0623444060504,True,-0.0262460454716,-0.058141937909000005,0.004202468141449999,False
19989,999,9,14.605240456099999,False,0.061286338998,True,-0.0300671984039,-0.0608197817786,0.0004665572193480001,False
19990,999,10,6.119565311540001,False,0.06048361168190001,True,-0.0358935150077,-0.066131203261,-0.00564759157913,True
19991,999,11,6.32294162289,False,0.0594490835289,True,-0.0355926379197,-0.06655053288509999,-0.0071014493562799996,True
19992,999,12,8.381194369260001,False,0.057830409838300005,True,-0.0332846827237,-0.0614454716108,-0.00361506177249,True
19993,999,13,2.62987050093,False,0.059289601780699995,True,-0.0407307580969,-0.0708439795623,-0.0115543777816,True
19994,999,14,1.07358391966,False,0.0600361933741,True,-0.0464323592877,-0.0771675281298,-0.0171313347557,True
19995,999,15,0.7194320305840001,False,0.056281216217,True,-0.045522399040599994,-0.0726576555765,-0.016376439359600002,True
19996,999,16,0.8361156179100001,False,0.057132004588900005,True,-0.0461581935232,-0.0755296245366,-0.0183976199477,True
19997,999,17,0.280054567631,True,0.0569882162813,True,-0.049440330220599994,-0.0776061479975,-0.020617931716099998,True
19998,999,18,0.23034984270199999,True,0.052792974014599994,True,-0.047395852200600004,-0.073126100981,-0.0203331269664,True
19999,999,19,0.11682054652200001,True,0.0549637658459,True,-0.0490676982556,-0.07692029352719999,-0.021956527681200003,True
